0.981155 0.0188449 0
0.998667 0.00133291 0
0.951547 0.0484527 0
0.996561 0.00343899 0
0.618252 0.381748 0
0.990768 0.00923156 0
0.741918 0.258082 0
0.980876 0.0191242 0
0.930104 0.0698961 0
0.723451 0.276549 0
0.973582 0.0264176 0
0.95924 0.0407604 0
0.958785 0.0412145 0
0.718165 0.281835 0
0.93148 0.0685201 0
0.670547 0.329453 0
0.0796417 0.920358 0
0.991015 0.00898455 0
0.163048 0.836952 0
0.983268 0.0167324 0
0.994136 0.00586349 0
0.992442 0.00755785 0
0.996558 0.00344161 0
0.879863 0.120137 0
0.985893 0.014107 0
0.987409 0.0125915 0
0.996718 0.00328219 0
0.934985 0.0650155 0
0.979074 0.0209258 0
0.983445 0.0165548 0
0.988172 0.0118276 0
0.283944 0.716056 0
0.969914 0.0300862 0
0.984758 0.0152425 0
0.653725 0.346275 0
0.994208 0.0057921 0
0.565699 0.434301 0
0.828422 0.171578 0
0.993109 0.0068906 0
0.995095 0.00490467 0
0.950606 0.049394 0
0.649841 0.350159 0
0.962676 0.0373243 0
0.657418 0.342582 0
0.983906 0.0160941 0
0.999046 0.000954112 0
0.973087 0.0269132 0
0.947841 0.0521594 0
0.998419 0.00158084 0
0.570315 0.429685 0
0.910023 0.0899766 0
0.975563 0.0244372 0
0.960301 0.039699 0
0.997129 0.00287095 0
0.663338 0.336662 0
0.993417 0.00658341 0
0.998892 0.00110818 0
0.78578 0.21422 0
0.982938 0.0170616 0
0.146377 0.853623 0
0.402217 0.597782 0
0.940966 0.0590335 0
0.337184 0.662816 0
0.985625 0.0143749 0
0.718233 0.281768 0
0.995264 0.00473559 0
0.692405 0.307595 0
0.99846 0.00153973 0
0.937471 0.0625294 0
0.985293 0.0147067 0
0.99652 0.00348013 0
0.962215 0.0377854 0
0.986363 0.0136367 0
0.987808 0.0121923 0
0.374017 0.625983 0
0.940164 0.0598356 0
0.997403 0.00259718 0
0.991931 0.0080687 0
0.99828 0.0017205 0
0.984577 0.0154225 0
0.974244 0.0257556 0
0.982883 0.0171173 0
0.997253 0.0027469 0
0.937858 0.0621423 0
0.699574 0.300426 0
0.997872 0.00212796 0
0.781128 0.218872 0
0.998964 0.00103641 0
0.962773 0.037227 0
0.97448 0.0255198 0
0.88257 0.11743 0
0.998391 0.00160936 0
0.995123 0.00487735 0
0.971854 0.0281464 0
0.981415 0.0185849 0
0.939903 0.0600973 0
0.99894 0.00106018 0
0.783898 0.216102 0
0.978473 0.0215272 0
0.996851 0.00314903 0
0.09039 0.90961 0
0.988416 0.0115843 0
0.996736 0.00326389 0
0.993306 0.00669444 0
0.996435 0.00356495 0
0.783699 0.216301 0
0.559917 0.440083 0
0.956348 0.0436517 0
0.937803 0.0621965 0
0.991342 0.00865761 0
0.895487 0.104512 0
0.996332 0.0036685 0
0.266573 0.733427 0
0.997256 0.00274376 0
0.993424 0.00657629 0
0.992619 0.00738056 0
0.199269 0.80073 0
0.175414 0.824586 0
0.731739 0.268261 0
0.0511131 0.948887 0
0.947218 0.0527824 0
0.464309 0.535691 0
0.975186 0.0248136 0
0.992562 0.00743752 0
0.990662 0.0093376 0
0.985409 0.0145912 0
0.925227 0.0747735 0
0.994898 0.00510194 0
0.732844 0.267156 0
0.997768 0.00223159 0
0.00991642 0.990084 0
0.764232 0.235768 0
0.99477 0.00523016 0
0.992651 0.00734927 0
0.99865 0.00135017 0
0.999274 0.000725975 0
0.938442 0.0615583 0
0.996923 0.00307713 0
0.996731 0.00326945 0
0.975589 0.024411 0
0.991275 0.00872519 0
0.557949 0.442051 0
0.975625 0.0243748 0
0.979656 0.0203442 0
0.990227 0.00977249 0
0.985048 0.0149523 0
0.997361 0.00263922 0
0.976619 0.0233814 0
0.986928 0.0130722 0
0.277086 0.722914 0
0.980549 0.0194508 0
0.951455 0.0485456 0
0.998467 0.00153261 0
0.93438 0.0656204 0
0.32522 0.67478 0
0.738716 0.261284 0
0.800882 0.199118 0
0.578101 0.421899 0
0.504085 0.495915 0
0.993076 0.00692433 0
0.940952 0.0590484 0
0.945487 0.0545129 0
0.99965 0.000349826 0
0.985736 0.0142643 0
0.482415 0.517585 0
0.994106 0.0058937 0
0.670356 0.329644 0
0.992568 0.00743179 0
0.997204 0.00279626 0
0.992993 0.00700668 0
0.999117 0.00088311 0
0.621271 0.378729 0
0.054117 0.945883 0
0.896581 0.103419 0
0.987091 0.0129087 0
0.806774 0.193226 0
0.217013 0.782987 0
0.994686 0.00531412 0
0.991886 0.00811442 0
0.978762 0.0212378 0
0.982127 0.0178733 0
0.996331 0.00366939 0
0.996391 0.00360873 0
0.722651 0.277349 0
0.728696 0.271304 0
0.446315 0.553685 0
0.998854 0.00114584 0
0.0802736 0.919726 0
0.925498 0.0745021 0
0.97706 0.0229403 0
0.998193 0.00180665 0
0.989864 0.0101363 0
0.955666 0.0443343 0
0.968844 0.0311556 0
0.997201 0.00279932 0
0.999021 0.00097886 0
0.991334 0.00866555 0
0.808022 0.191978 0
0.993492 0.00650757 0
0.905371 0.0946286 0
0.934649 0.0653514 0
0.997504 0.00249572 0
0.953335 0.0466649 0
0.997718 0.00228192 0
0.555884 0.444116 0
0.99688 0.00312037 0
0.996484 0.00351585 0
0.993609 0.00639142 0
0.977909 0.0220907 0
0.888967 0.111033 0
0.687659 0.312341 0
0.0717935 0.928207 0
0.995706 0.0042936 0
0.974814 0.0251862 0
0.911892 0.0881079 0
0.989406 0.0105944 0
0.0359069 0.964093 0
0.985129 0.0148709 0
0.970191 0.0298089 0
0.896325 0.103675 0
0.999164 0.000835901 0
0.996961 0.00303908 0
0.998595 0.00140523 0
0.775496 0.224504 0
0.937955 0.0620449 0
0.97321 0.0267899 0
0.200302 0.799698 0
0.985049 0.0149512 0
0.835965 0.164035 0
0.979706 0.0202935 0
0.678514 0.321486 0
0.944961 0.0550387 0
0.935318 0.064682 0
0.998863 0.00113657 0
0.991958 0.00804152 0
0.998054 0.00194622 0
0.997151 0.0028491 0
0.840129 0.159871 0
0.99917 0.000830285 0
0.997014 0.0029858 0
0.335837 0.664163 0
0.860076 0.139924 0
0.924987 0.0750125 0
0.999017 0.000982744 0
0.91181 0.0881903 0
0.98321 0.0167902 0
0.969945 0.0300548 0
0.981158 0.018842 0
0.848319 0.151681 0
0.95267 0.0473302 0
0.854451 0.145549 0
0.997596 0.00240412 0
0.889393 0.110607 0
0.980943 0.019057 0
0.152626 0.847374 0
0.740343 0.259657 0
0.992017 0.00798324 0
0.358276 0.641724 0
0.0952468 0.904753 0
0.958017 0.0419833 0
0.909797 0.0902034 0
0.11743 0.88257 0
0.998897 0.00110297 0
0.981235 0.0187646 0
0.994318 0.00568196 0
0.972703 0.0272975 0
0.870692 0.129308 0
0.997569 0.00243067 0
0.933492 0.0665082 0
0.99793 0.00207018 0
0.945908 0.0540921 0
0.728441 0.271559 0
0.994223 0.00577723 0
0.97917 0.02083 0
0.992181 0.00781921 0
0.995171 0.00482861 0
0.994646 0.00535354 0
0.998131 0.00186923 0
0.990956 0.00904444 0
0.299411 0.700589 0
0.965255 0.0347445 0
0.926584 0.0734156 0
0.993075 0.00692535 0
0.999185 0.000815472 0
0.758231 0.241769 0
0.980382 0.0196177 0
0.996942 0.00305832 0
0.998092 0.0019079 0
0.997775 0.00222476 0
0.93223 0.0677699 0
0.423669 0.576331 0
0.99711 0.00288981 0
0.559656 0.440344 0
0.798319 0.201681 0
0.978092 0.0219085 0
0.997428 0.00257191 0
0.995223 0.00477748 0
0.871009 0.128991 0
0.991944 0.0080557 0
0.99879 0.00120981 0
0.619979 0.380021 0
0.74228 0.25772 0
0.99612 0.00387963 0
0.996883 0.00311667 0
0.910295 0.0897046 0
0.983439 0.016561 0
0.306722 0.693278 0
0.995353 0.00464702 0
0.998944 0.00105552 0
0.995391 0.00460921 0
0.992412 0.00758802 0
0.864274 0.135726 0
0.994788 0.0052117 0
0.935071 0.0649287 0
0.979277 0.0207233 0
0.992851 0.00714894 0
0.87066 0.12934 0
0.690756 0.309244 0
0.971945 0.0280554 0
0.984766 0.0152339 0
0.982591 0.0174091 0
0.635757 0.364243 0
0.975822 0.0241775 0
0.995337 0.00466258 0
0.284106 0.715894 0
0.991662 0.00833828 0
0.950716 0.0492835 0
0.957884 0.0421155 0
0.991433 0.00856708 0
0.639362 0.360638 0
0.984784 0.0152161 0
0.965376 0.0346242 0
0.981218 0.0187819 0
0.987154 0.0128465 0
0.879996 0.120004 0
0.998623 0.00137723 0
0.979199 0.0208014 0
0.998326 0.00167419 0
0.875441 0.124559 0
0.163045 0.836955 0
0.985261 0.0147391 0
0.956954 0.0430456 0
0.999448 0.000551497 0
0.998619 0.00138105 0
0.970141 0.0298592 0
0.991731 0.00826884 0
0.997188 0.00281201 0
0.889582 0.110418 0
0.966662 0.0333378 0
0.973177 0.0268233 0
0.779138 0.220862 0
0.327685 0.672315 0
0.998697 0.00130355 0
0.998415 0.00158448 0
0.993195 0.00680506 0
0.859235 0.140765 0
0.999161 0.000839025 0
0.995951 0.00404902 0
0.993389 0.0066115 0
0.892884 0.107116 0
0.92728 0.0727202 0
0.997682 0.00231773 0
0.581567 0.418433 0
0.996432 0.00356789 0
0.995688 0.00431199 0
0.843197 0.156803 0
0.994981 0.00501866 0
0.999138 0.000862382 0
0.88714 0.11286 0
0.967694 0.0323064 0
0.985259 0.0147412 0
0.990495 0.00950493 0
0.993791 0.00620874 0
0.129244 0.870756 0
0.93497 0.06503 0
0.997143 0.00285724 0
0.997307 0.00269328 0
0.999482 0.00051769 0
0.923818 0.0761822 0
0.965736 0.0342635 0
0.991304 0.00869648 0
0.987425 0.0125748 0
0.950539 0.0494607 0
0.951822 0.0481777 0
0.998235 0.00176457 0
0.923899 0.0761008 0
0.977686 0.0223141 0
0.996199 0.003801 0
0.0197718 0.980228 0
0.993646 0.00635418 0
0.189249 0.810751 0
0.949723 0.0502771 0
0.984603 0.0153967 0
0.996696 0.0033038 0
0.997774 0.00222609 0
0.991807 0.00819342 0
0.998109 0.00189101 0
0.997551 0.00244917 0
0.999076 0.000924392 0
0.525699 0.474301 0
0.950868 0.0491322 0
0.867981 0.132018 0
0.998299 0.00170094 0
0.988816 0.0111837 0
0.990879 0.00912094 0
0.91786 0.0821401 0
0.988929 0.0110706 0
0.993114 0.00688564 0
0.657787 0.342213 0
0.994001 0.00599896 0
0.98987 0.0101297 0
0.913273 0.0867273 0
0.995124 0.00487635 0
0.930505 0.0694954 0
0.613182 0.386818 0
0.100147 0.899853 0
0.976064 0.023936 0
0.881759 0.118242 0
0.99661 0.00339009 0
0.976233 0.0237668 0
0.992714 0.00728621 0
0.978628 0.0213721 0
0.923042 0.0769585 0
0.945954 0.0540461 0
0.7522 0.2478 0
0.834632 0.165368 0
0.627852 0.372148 0
0.987794 0.0122062 0
0.787166 0.212834 0
0.836315 0.163685 0
0.118941 0.881059 0
0.96686 0.0331402 0
0.0150355 0.984965 0
0.686557 0.313443 0
0.994165 0.00583497 0
0.992702 0.0072983 0
0.984756 0.0152437 0
0.989892 0.0101075 0
0.970082 0.0299179 0
0.977718 0.0222818 0
0.994289 0.00571142 0
0.960327 0.0396731 0
0.919428 0.0805719 0
0.995719 0.00428098 0
0.588215 0.411785 0
0.922288 0.077712 0
0.989345 0.0106554 0
0.989108 0.0108917 0
0.997957 0.00204352 0
0.993989 0.0060109 0
0.994191 0.00580948 0
0.997588 0.00241249 0
0.403791 0.596209 0
0.976871 0.0231292 0
0.998669 0.00133092 0
0.99683 0.00317036 0
0.97334 0.0266601 0
0.99753 0.00247019 0
0.990688 0.00931224 0
0.991604 0.00839572 0
0.920867 0.0791332 0
0.994587 0.00541273 0
0.983067 0.0169329 0
0.17162 0.82838 0
0.996323 0.00367733 0
0.910398 0.0896022 0
0.292977 0.707023 0
0.993789 0.00621066 0
0.945796 0.0542036 0
0.969384 0.0306156 0
0.322755 0.677245 0
0.693028 0.306972 0
0.984612 0.0153876 0
0.991668 0.00833236 0
0.986179 0.0138208 0
0.972669 0.0273311 0
0.350842 0.649158 0
0.849784 0.150216 0
0.91862 0.0813802 0
0.994768 0.00523201 0
0.981083 0.0189173 0
0.0448146 0.955185 0
0.993367 0.00663263 0
0.938318 0.0616822 0
0.980125 0.0198754 0
0.258617 0.741383 0
0.941801 0.0581989 0
0.35458 0.64542 0
0.927042 0.0729579 0
0.997596 0.00240358 0
0.992503 0.00749739 0
0.989384 0.0106158 0
0.94065 0.0593504 0
0.991107 0.00889316 0
0.989897 0.0101028 0
0.477149 0.522851 0
0.990598 0.00940177 0
0.996285 0.00371469 0
0.981412 0.0185881 0
0.095983 0.904017 0
0.975602 0.0243982 0
0.983631 0.0163693 0
0.987493 0.012507 0
0.998354 0.00164591 0
0.955062 0.044938 0
0.987535 0.0124651 0
0.995847 0.0041534 0
0.996763 0.00323681 0
0.994021 0.00597942 0
0.995612 0.00438822 0
0.92211 0.0778901 0
0.959676 0.0403238 0
0.99272 0.00727987 0
0.976554 0.023446 0
0.9703 0.0296997 0
0.998825 0.00117476 0
0.967025 0.0329753 0
0.267492 0.732508 0
0.999564 0.000436026 0
0.655716 0.344284 0
0.994895 0.00510496 0
0.627373 0.372627 0
0.98656 0.0134402 0
0.991257 0.00874291 0
0.361713 0.638287 0
0.986186 0.0138137 0
0.996226 0.0037737 0
0.999167 0.00083277 0
0.984238 0.0157619 0
0.797837 0.202163 0
0.998283 0.00171699 0
0.990403 0.00959694 0
0.905348 0.0946517 0
0.998383 0.00161718 0
0.965254 0.0347463 0
0.880304 0.119696 0
0.990802 0.00919779 0
0.989614 0.0103863 0
0.997482 0.00251804 0
0.656247 0.343753 0
0.681375 0.318625 0
0.672383 0.327617 0
0.971502 0.0284978 0
0.987457 0.012543 0
0.974137 0.025863 0
0.960673 0.0393275 0
0.983087 0.0169132 0
0.912049 0.0879506 0
0.774459 0.225541 0
0.568402 0.431598 0
0.995512 0.00448763 0
0.981444 0.018556 0
0.0261162 0.973884 0
0.34905 0.65095 0
0.993911 0.00608901 0
0.995049 0.00495084 0
0.998915 0.00108454 0
0.861013 0.138987 0
0.929285 0.0707148 0
0.983583 0.0164172 0
0.995566 0.00443435 0
0.152958 0.847042 0
0.984459 0.0155411 0
0.986581 0.0134191 0
0.970867 0.0291332 0
0.975699 0.0243014 0
0.0587239 0.941276 0
0.967624 0.0323764 0
0.992135 0.00786516 0
0.987875 0.0121246 0
0.993619 0.00638083 0
0.966745 0.0332555 0
0.66956 0.33044 0
0.958454 0.0415456 0
0.995772 0.00422758 0
0.984694 0.0153065 0
0.953395 0.0466049 0
0.993382 0.00661773 0
0.971262 0.0287384 0
0.972541 0.0274592 0
0.849136 0.150864 0
0.994345 0.00565461 0
0.985821 0.0141788 0
0.990584 0.00941561 0
0.856701 0.143299 0
0.948385 0.0516149 0
0.996466 0.0035336 0
0.991263 0.00873681 0
0.997007 0.00299282 0
0.0502995 0.949701 0
0.368587 0.631413 0
0.878129 0.121871 0
0.999703 0.000297156 0
0.998857 0.00114267 0
0.612507 0.387493 0
0.978869 0.021131 0
0.993483 0.00651683 0
0.921391 0.078609 0
0.970588 0.0294121 0
0.966436 0.0335642 0
0.999581 0.00041903 0
0.992554 0.00744632 0
0.100394 0.899606 0
0.0255249 0.974475 0
0.971924 0.0280757 0
0.954845 0.0451548 0
0.999167 0.000833215 0
0.990514 0.00948631 0
0.997011 0.00298926 0
0.985475 0.014525 0
0.995553 0.00444708 0
0.998297 0.00170297 0
0.771008 0.228992 0
0.313668 0.686332 0
0.686654 0.313346 0
0.570936 0.429064 0
0.630475 0.369525 0
0.982168 0.0178324 0
0.963581 0.0364191 0
0.926066 0.073934 0
0.967325 0.0326752 0
0.998449 0.00155064 0
0.713624 0.286376 0
0.557014 0.442986 0
0.0268723 0.973128 0
0.996154 0.00384605 0
0.493012 0.506988 0
0.996639 0.00336105 0
0.0560852 0.943915 0
0.997836 0.00216361 0
0.992382 0.00761819 0
0.420624 0.579376 0
0.998771 0.00122922 0
0.748261 0.251739 0
0.910862 0.0891382 0
0.818261 0.181739 0
0.992833 0.00716729 0
0.80372 0.19628 0
0.58344 0.41656 0
0.987623 0.0123771 0
0.996389 0.00361108 0
0.950225 0.0497753 0
0.959303 0.0406968 0
0.985445 0.0145551 0
0.992469 0.00753063 0
0.991167 0.0088327 0
0.971809 0.0281912 0
0.982846 0.0171541 0
0.998444 0.00155627 0
0.998497 0.00150332 0
0.991232 0.0087676 0
0.991567 0.0084332 0
0.991201 0.00879886 0
0.977092 0.0229077 0
0.980628 0.0193717 0
0.930021 0.0699792 0
0.49889 0.50111 0
0.975738 0.0242622 0
0.993599 0.00640135 0
0.0524026 0.947597 0
0.99496 0.00503958 0
0.97169 0.0283102 0
0.997692 0.00230771 0
0.996714 0.00328549 0
0.966821 0.0331786 0
0.506552 0.493448 0
0.15099 0.84901 0
0.989174 0.010826 0
0.961597 0.0384033 0
0.991157 0.00884303 0
0.942156 0.0578442 0
0.991147 0.008853 0
0.493685 0.506315 0
0.890059 0.109941 0
0.992891 0.00710899 0
0.969039 0.0309613 0
0.817748 0.182252 0
0.968258 0.0317421 0
0.983369 0.0166309 0
0.330057 0.669943 0
0.965721 0.0342786 0
0.0561421 0.943858 0
0.975271 0.0247293 0
0.129801 0.870199 0
0.995825 0.00417467 0
0.974387 0.0256133 0
0.993183 0.00681659 0
0.869928 0.130072 0
0.988575 0.0114251 0
0.97596 0.02404 0
0.9903 0.00969995 0
0.900321 0.0996791 0
0.998618 0.00138186 0
0.998635 0.0013648 0
0.994764 0.00523601 0
0.801304 0.198696 0
0.984631 0.0153692 0
0.98818 0.0118205 0
0.995138 0.00486151 0
0.967595 0.0324054 0
0.429084 0.570916 0
0.996532 0.00346839 0
0.904238 0.0957625 0
0.996789 0.0032106 0
0.995389 0.00461069 0
0.876961 0.123039 0
0.996242 0.00375772 0
0.9941 0.00590017 0
0.954126 0.0458742 0
0.98993 0.0100703 0
0.79993 0.20007 0
0.993654 0.00634596 0
0.674957 0.325043 0
0.995086 0.00491357 0
0.818472 0.181528 0
0.764781 0.235219 0
0.862276 0.137724 0
0.970919 0.0290808 0
0.997458 0.00254206 0
0.904381 0.0956192 0
0.932992 0.0670078 0
0.99483 0.00517002 0
0.997015 0.00298477 0
0.891352 0.108648 0
0.0707601 0.92924 0
0.990068 0.00993228 0
0.998504 0.00149574 0
0.827235 0.172765 0
0.996625 0.00337538 0
0.988109 0.0118912 0
0.996963 0.00303719 0
0.886121 0.113879 0
0.639551 0.360449 0
0.997791 0.00220876 0
0.998767 0.00123308 0
0.503034 0.496966 0
0.882111 0.117889 0
0.0853829 0.914617 0
0.994181 0.00581942 0
0.959467 0.0405326 0
0.969358 0.0306419 0
0.899701 0.100299 0
0.964286 0.0357138 0
0.933289 0.0667106 0
0.781399 0.218601 0
0.922758 0.0772421 0
0.249274 0.750726 0
0.987078 0.0129222 0
0.986646 0.0133546 0
0.867248 0.132752 0
0.978426 0.0215743 0
0.977901 0.0220989 0
0.204521 0.795479 0
0.385664 0.614336 0
0.995246 0.00475435 0
0.993877 0.00612302 0
0.767189 0.232811 0
0.988099 0.0119008 0
0.948609 0.0513914 0
0.997828 0.00217204 0
0.860675 0.139325 0
0.983924 0.0160764 0
0.997292 0.00270806 0
0.981543 0.0184574 0
0.147798 0.852202 0
0.982161 0.0178387 0
0.988521 0.011479 0
0.993879 0.00612127 0
0.954448 0.045552 0
0.959722 0.0402784 0
0.654273 0.345727 0
0.978432 0.021568 0
0.94671 0.05329 0
0.990633 0.00936654 0
0.966176 0.033824 0
0.996163 0.00383683 0
0.999082 0.000918082 0
0.996765 0.00323502 0
0.982245 0.0177552 0
0.0664339 0.933566 0
0.450963 0.549037 0
0.9597 0.0403005 0
0.967956 0.0320441 0
0.998152 0.00184824 0
0.986106 0.0138945 0
0.526016 0.473984 0
0.188166 0.811834 0
0.974816 0.0251842 0
0.725857 0.274143 0
0.9899 0.0101001 0
0.330979 0.669021 0
0.929649 0.0703512 0
0.812366 0.187634 0
0.996812 0.00318778 0
0.942767 0.0572333 0
0.989659 0.0103409 0
0.995467 0.00453279 0
0.993178 0.00682242 0
0.948025 0.0519749 0
0.998186 0.00181398 0
0.719308 0.280692 0
0.866385 0.133615 0
0.99039 0.00961001 0
0.64263 0.357371 0
0.99849 0.00151014 0
0.982964 0.017036 0
0.952429 0.0475715 0
0.993559 0.00644093 0
0.777362 0.222638 0
0.977233 0.0227673 0
0.998234 0.00176606 0
0.998073 0.00192646 0
0.989102 0.0108975 0
0.874749 0.125251 0
0.945922 0.0540777 0
0.920248 0.0797522 0
0.994474 0.00552573 0
0.974502 0.0254981 0
0.982944 0.0170559 0
0.988581 0.0114188 0
0.99566 0.00433982 0
0.992982 0.00701766 0
0.94641 0.0535904 0
0.376969 0.623031 0
0.985293 0.0147069 0
0.613379 0.386621 0
0.812772 0.187228 0
0.917492 0.082508 0
0.537519 0.462481 0
0.639337 0.360663 0
0.992742 0.00725824 0
0.987693 0.0123073 0
0.988493 0.0115071 0
0.987771 0.0122292 0
0.969939 0.0300605 0
0.98893 0.0110699 0
0.998299 0.00170127 0
0.998473 0.00152729 0
0.92365 0.0763504 0
0.90721 0.09279 0
0.940762 0.0592383 0
0.661253 0.338747 0
0.998082 0.00191785 0
0.658497 0.341503 0
0.992405 0.00759511 0
0.977546 0.022454 0
0.996306 0.00369402 0
0.520981 0.479019 0
0.972712 0.0272875 0
0.922256 0.0777444 0
0.997848 0.00215223 0
0.276695 0.723305 0
0.991561 0.00843864 0
0.966254 0.0337465 0
0.987443 0.0125571 0
0.995979 0.00402079 0
0.998031 0.00196897 0
0.239616 0.760384 0
0.953179 0.0468212 0
0.96606 0.0339397 0
0.975064 0.0249358 0
0.894631 0.105369 0
0.99464 0.00536034 0
0.881906 0.118094 0
0.667382 0.332618 0
0.972498 0.0275016 0
0.988828 0.0111721 0
0.852344 0.147656 0
0.815871 0.184129 0
0.977913 0.0220867 0
0.750244 0.249756 0
0.986056 0.0139442 0
0.993384 0.0066159 0
0.280836 0.719164 0
0.973906 0.0260939 0
0.721185 0.278815 0
0.900922 0.0990778 0
0.989977 0.010023 0
0.838329 0.161671 0
0.949057 0.050943 0
0.998202 0.00179785 0
0.984569 0.0154308 0
0.982866 0.0171339 0
0.88096 0.11904 0
0.789797 0.210203 0
0.998689 0.00131078 0
0.30781 0.69219 0
0.995335 0.00466536 0
0.945658 0.054342 0
0.796153 0.203847 0
0.995374 0.00462579 0
0.999167 0.000832825 0
0.812508 0.187492 0
0.379682 0.620318 0
0.967431 0.0325688 0
0.884275 0.115725 0
0.994192 0.00580757 0
0.993346 0.0066539 0
0.981152 0.0188483 0
0.298745 0.701255 0
0.987498 0.0125021 0
0.916755 0.0832449 0
0.979815 0.0201845 0
0.94565 0.05435 0
0.999551 0.000449018 0
0.992091 0.007909 0
0.983178 0.0168222 0
0.880934 0.119066 0
0.990184 0.00981571 0
0.85199 0.14801 0
0.995802 0.00419839 0
0.976919 0.0230809 0
0.99753 0.00247006 0
0.955115 0.0448846 0
0.998878 0.00112215 0
0.999635 0.000365255 0
0.987984 0.0120159 0
0.994943 0.00505691 0
0.987353 0.0126468 0
0.98629 0.01371 0
0.997539 0.00246123 0
0.998107 0.00189315 0
0.455161 0.544839 0
0.977732 0.0222681 0
0.978472 0.0215283 0
0.984089 0.0159108 0
0.968294 0.0317057 0
0.991274 0.00872556 0
0.994702 0.00529778 0
0.990598 0.0094022 0
0.954139 0.0458608 0
0.982948 0.0170524 0
0.97392 0.0260795 0
0.993641 0.00635868 0
0.999178 0.000822497 0
0.997494 0.00250593 0
0.916492 0.0835081 0
0.994504 0.00549576 0
0.75584 0.244159 0
0.521408 0.478592 0
0.998553 0.00144729 0
0.992933 0.00706663 0
0.995591 0.00440857 0
0.716337 0.283663 0
0.979635 0.0203646 0
0.849742 0.150258 0
0.998168 0.00183172 0
0.808357 0.191643 0
0.991514 0.00848551 0
0.997834 0.00216609 0
0.993131 0.00686935 0
0.870243 0.129757 0
0.999012 0.000988102 0
0.996737 0.00326328 0
0.910302 0.0896982 0
0.999506 0.000494078 0
0.981672 0.0183278 0
0.989659 0.0103411 0
0.99886 0.00113995 0
0.939321 0.0606794 0
0.983143 0.0168567 0
0.998487 0.00151339 0
0.973141 0.0268592 0
0.540932 0.459068 0
0.968363 0.0316373 0
0.806847 0.193153 0
0.973022 0.0269778 0
0.952546 0.0474536 0
0.995218 0.0047819 0
0.94851 0.0514899 0
0.227766 0.772234 0
0.435319 0.564681 0
0.995287 0.00471286 0
0.818618 0.181382 0
0.931643 0.0683565 0
0.993699 0.00630121 0
0.909777 0.0902228 0
0.998445 0.00155499 0
0.997127 0.00287259 0
0.991412 0.00858847 0
0.97665 0.0233504 0
0.0292739 0.970726 0
0.818879 0.181121 0
0.350146 0.649855 0
0.907428 0.092572 0
0.997166 0.00283407 0
0.989116 0.0108836 0
0.987895 0.0121051 0
0.998208 0.00179219 0
0.961111 0.038889 0
0.983028 0.0169724 0
0.291646 0.708354 0
0.167968 0.832033 0
0.998429 0.00157096 0
0.467934 0.532066 0
0.0810096 0.91899 0
0.969484 0.0305157 0
0.891574 0.108426 0
0.994744 0.00525609 0
0.917666 0.0823337 0
0.0103295 0.989671 1
0.0261546 0.973845 1
0.142698 0.857302 1
0.0335443 0.966456 1
0.0665865 0.933414 1
0.0182837 0.981716 1
0.14318 0.85682 1
0.0184465 0.981553 1
0.674016 0.325984 1
0.0855905 0.91441 1
0.0137425 0.986258 1
0.122564 0.877436 1
0.0133744 0.986626 1
0.296552 0.703448 1
0.00912684 0.990873 1
0.117175 0.882825 1
0.208201 0.791799 1
0.0289882 0.971012 1
0.107139 0.892861 1
0.340566 0.659434 1
0.0400224 0.959978 1
0.00967958 0.99032 1
0.0359093 0.964091 1
0.0739227 0.926077 1
0.00714763 0.992852 1
0.031921 0.968079 1
0.0355255 0.964475 1
0.0267901 0.97321 1
0.0166926 0.983307 1
0.00946525 0.990535 1
0.159382 0.840618 1
0.0205215 0.979478 1
0.494677 0.505323 1
0.0106882 0.989312 1
0.0733256 0.926674 1
0.0175409 0.982459 1
0.0228911 0.977109 1
0.0175117 0.982488 1
0.0199004 0.980099 1
0.0485443 0.951456 1
0.0378184 0.962182 1
0.0272743 0.972726 1
0.0109349 0.989065 1
0.104492 0.895509 1
0.0167688 0.983231 1
0.0231185 0.976882 1
0.0108833 0.989117 1
0.5261 0.4739 1
0.160443 0.839557 1
0.0900796 0.90992 1
0.0201327 0.979867 1
0.00904407 0.990956 1
0.80005 0.19995 1
0.0295944 0.970406 1
0.234783 0.765217 1
0.0171152 0.982885 1
0.0180256 0.981974 1
0.0411833 0.958817 1
0.258877 0.741123 1
0.0851138 0.914886 1
0.638627 0.361373 1
0.100413 0.899587 1
0.0117588 0.988241 1
0.0108476 0.989152 1
0.0177285 0.982272 1
0.0557911 0.944209 1
0.0255095 0.97449 1
0.0293704 0.97063 1
0.239466 0.760534 1
0.029815 0.970185 1
0.198864 0.801136 1
0.0367808 0.963219 1
0.0209036 0.979096 1
0.121929 0.878071 1
0.950285 0.0497151 1
0.128236 0.871764 1
0.00978207 0.990218 1
0.0914011 0.908599 1
0.00712666 0.992873 1
0.0150757 0.984924 1
0.00944132 0.990559 1
0.148228 0.851772 1
0.880419 0.119581 1
0.00768818 0.992312 1
0.447731 0.552269 1
0.0616654 0.938335 1
0.100179 0.899821 1
0.0371824 0.962818 1
0.0430892 0.956911 1
0.191638 0.808362 1
0.0128381 0.987162 1
0.00916597 0.990834 1
0.0244132 0.975587 1
0.0726106 0.927389 1
0.0119684 0.988032 1
0.0135524 0.986448 1
0.00845867 0.991541 1
0.776892 0.223108 1
0.199148 0.800852 1
0.675668 0.324332 1
0.0149793 0.985021 1
0.0220743 0.977926 1
0.684205 0.315795 1
0.00788406 0.992116 1
0.0262905 0.97371 1
0.116701 0.883299 1
0.0907018 0.909298 1
0.0620868 0.937913 1
0.034273 0.965727 1
0.0411217 0.958878 1
0.0124797 0.98752 1
0.0111154 0.988885 1
0.075204 0.924796 1
0.00981495 0.990185 1
0.0251431 0.974857 1
0.0272307 0.972769 1
0.345279 0.654721 1
0.0181221 0.981878 1
0.0107163 0.989284 1
0.0722197 0.92778 1
0.472535 0.527465 1
0.109025 0.890975 1
0.0222383 0.977762 1
0.436068 0.563932 1
0.0235818 0.976418 1
0.400836 0.599164 1
0.941012 0.058988 1
0.00942449 0.990576 1
0.011142 0.988858 1
0.119098 0.880902 1
0.0120531 0.987947 1
0.0287674 0.971233 1
0.0186077 0.981392 1
0.0220642 0.977936 1
0.0110249 0.988975 1
0.0874485 0.912551 1
0.0101869 0.989813 1
0.00617826 0.993822 1
0.00968061 0.990319 1
0.430841 0.569159 1
0.00652619 0.993474 1
0.039598 0.960402 1
0.348585 0.651415 1
0.413563 0.586437 1
0.0549433 0.945057 1
0.0258911 0.974109 1
0.0419637 0.958036 1
0.0101041 0.989896 1
0.02725 0.97275 1
0.397154 0.602846 1
0.00989791 0.990102 1
0.00886579 0.991134 1
0.0178215 0.982179 1
0.0364331 0.963567 1
0.344924 0.655076 1
0.0537415 0.946258 1
0.0869722 0.913028 1
0.0436099 0.95639 1
0.0385068 0.961493 1
0.153022 0.846978 1
0.0173706 0.982629 1
0.0105502 0.98945 1
0.00825563 0.991744 1
0.0139151 0.986085 1
0.0828912 0.917109 1
0.00936813 0.990632 1
0.040769 0.959231 1
0.716815 0.283185 1
0.260025 0.739975 1
0.0166802 0.98332 1
0.00764041 0.99236 1
0.020637 0.979363 1
0.331654 0.668346 1
0.108938 0.891062 1
0.461884 0.538116 1
0.0632428 0.936757 1
0.253192 0.746808 1
0.736495 0.263505 1
0.0112312 0.988769 1
0.019494 0.980506 1
0.140807 0.859193 1
0.534775 0.465225 1
0.00844754 0.991552 1
0.0185611 0.981439 1
0.485276 0.514724 1
0.0509639 0.949036 1
0.0455672 0.954433 1
0.552517 0.447483 1
0.0429984 0.957002 1
0.393098 0.606902 1
0.0107151 0.989285 1
0.180136 0.819864 1
0.354581 0.645419 1
0.0439017 0.956098 1
0.535852 0.464148 1
0.518242 0.481758 1
0.120477 0.879523 1
0.0158407 0.984159 1
0.0140563 0.985944 1
0.108127 0.891873 1
0.0325399 0.96746 1
0.123159 0.876841 1
0.0270233 0.972977 1
0.0178167 0.982183 1
0.130773 0.869228 1
0.00763419 0.992366 1
0.00931608 0.990684 1
0.329634 0.670366 1
0.469469 0.530531 1
0.0239326 0.976067 1
0.00986765 0.990132 1
0.00803572 0.991964 1
0.661175 0.338825 1
0.342824 0.657176 1
0.0260637 0.973936 1
0.0123854 0.987615 1
0.847146 0.152854 1
0.346117 0.653883 1
0.139695 0.860305 1
0.00670864 0.993291 1
0.0200601 0.97994 1
0.0210129 0.978987 1
0.00837767 0.991622 1
0.757303 0.242697 1
0.00928955 0.99071 1
0.101666 0.898334 1
0.0162629 0.983737 1
0.923928 0.076072 1
0.0305923 0.969408 1
0.820454 0.179546 1
0.0533996 0.9466 1
0.152245 0.847755 1
0.117045 0.882955 1
0.0293486 0.970651 1
0.12543 0.87457 1
0.0159938 0.984006 1
0.0219606 0.978039 1
0.455456 0.544544 1
0.0397305 0.96027 1
0.0170835 0.982916 1
0.116077 0.883923 1
0.465956 0.534044 1
0.0409583 0.959042 1
0.0886272 0.911373 1
0.117417 0.882583 1
0.0327499 0.96725 1
0.0603046 0.939695 1
0.00996593 0.990034 1
0.0143209 0.985679 1
0.00920434 0.990796 1
0.00755206 0.992448 1
0.02801 0.97199 1
0.149462 0.850537 1
0.0701306 0.929869 1
0.445123 0.554877 1
0.0754466 0.924553 1
0.0144965 0.985504 1
0.152301 0.847699 1
0.0843762 0.915624 1
0.993568 0.00643208 1
0.0111921 0.988808 1
0.0239546 0.976045 1
0.155519 0.844481 1
0.0379628 0.962037 1
0.0138768 0.986123 1
0.00961604 0.990384 1
0.0244045 0.975595 1
0.0102234 0.989777 1
0.902077 0.0979231 1
0.402343 0.597657 1
0.0192998 0.9807 1
0.611337 0.388663 1
0.848887 0.151113 1
0.916514 0.0834864 1
0.0193863 0.980614 1
0.0179311 0.982069 1
0.0177009 0.982299 1
0.0215148 0.978485 1
0.00847968 0.99152 1
0.0129636 0.987036 1
0.013918 0.986082 1
0.0119477 0.988052 1
0.854529 0.145471 1
0.0179794 0.982021 1
0.023922 0.976078 1
0.0116356 0.988364 1
0.0252893 0.974711 1
0.579775 0.420225 1
0.0145154 0.985485 1
0.0111571 0.988843 1
0.030291 0.969709 1
0.0109393 0.989061 1
0.644494 0.355506 1
0.0138085 0.986192 1
0.0165455 0.983454 1
0.398521 0.601479 1
0.0137265 0.986273 1
0.366068 0.633932 1
0.0117605 0.988239 1
0.0367663 0.963234 1
0.0130413 0.986959 1
0.590028 0.409972 1
0.0140668 0.985933 1
0.0152856 0.984714 1
0.0138938 0.986106 1
0.0174769 0.982523 1
0.286103 0.713897 1
0.0225634 0.977437 1
0.165805 0.834195 1
0.193762 0.806238 1
0.0175905 0.982409 1
0.252462 0.747538 1
0.03933 0.96067 1
0.0178243 0.982176 1
0.0731785 0.926821 1
0.0969606 0.903039 1
0.0624193 0.937581 1
0.0168922 0.983108 1
0.562631 0.437369 1
0.0133854 0.986615 1
0.0765441 0.923456 1
0.0221807 0.977819 1
0.0994961 0.900504 1
0.0221312 0.977869 1
0.0715081 0.928492 1
0.122787 0.877213 1
0.0365616 0.963438 1
0.0183311 0.981669 1
0.0116745 0.988326 1
0.0295829 0.970417 1
0.0104423 0.989558 1
0.0130459 0.986954 1
0.0294583 0.970542 1
0.716049 0.283951 1
0.0158769 0.984123 1
0.0723722 0.927628 1
0.0138257 0.986174 1
0.0548407 0.945159 1
0.00864505 0.991355 1
0.0475589 0.952441 1
0.0993579 0.900642 1
0.0307319 0.969268 1
0.121382 0.878618 1
0.158541 0.841459 1
0.437699 0.562301 1
0.0774718 0.922528 1
0.0147655 0.985234 1
0.163418 0.836582 1
0.0501372 0.949863 1
0.011754 0.988246 1
0.125449 0.874551 1
0.385287 0.614713 1
0.0150581 0.984942 1
0.725578 0.274422 1
0.84164 0.15836 1
0.0199788 0.980021 1
0.17383 0.826171 1
0.912339 0.087661 1
0.00841756 0.991582 1
0.0109283 0.989072 1
0.900148 0.0998517 1
0.138535 0.861465 1
0.794556 0.205444 1
0.0180344 0.981966 1
0.0228456 0.977154 1
0.0137738 0.986226 1
0.0108361 0.989164 1
0.0316928 0.968307 1
0.666237 0.333763 1
0.0529891 0.947011 1
0.0829182 0.917082 1
0.767988 0.232012 1
0.0201717 0.979828 1
0.810085 0.189915 1
0.0191129 0.980887 1
0.111755 0.888245 1
0.296362 0.703638 1
0.544829 0.455171 1
0.805057 0.194943 1
0.0120165 0.987983 1
0.334187 0.665813 1
0.00832527 0.991675 1
0.0325108 0.967489 1
0.00872317 0.991277 1
0.0198831 0.980117 1
0.0309023 0.969098 1
0.0592003 0.9408 1
0.679292 0.320708 1
0.0589558 0.941044 1
0.0104119 0.989588 1
0.0097888 0.990211 1
0.153339 0.846661 1
0.00837488 0.991625 1
0.00620123 0.993799 1
0.0598009 0.940199 1
0.440799 0.559201 1
0.0121297 0.98787 1
0.083416 0.916584 1
0.497442 0.502558 1
0.0367074 0.963293 1
0.721179 0.278821 1
0.0515063 0.948494 1
0.00858101 0.991419 1
0.0189293 0.981071 1
0.00849562 0.991504 1
0.02132 0.97868 1
0.0299657 0.970034 1
0.111229 0.888771 1
0.577655 0.422345 1
0.0703266 0.929673 1
0.0542245 0.945776 1
0.545018 0.454982 1
0.854549 0.145451 1
0.290123 0.709877 1
0.241409 0.758591 1
0.686664 0.313336 1
0.0155725 0.984428 1
0.0087195 0.99128 1
0.034871 0.965129 1
0.0173415 0.982659 1
0.0126127 0.987387 1
0.0335828 0.966417 1
0.052748 0.947252 1
0.0152104 0.98479 1
0.0257574 0.974243 1
0.00996756 0.990032 1
0.222544 0.777456 1
0.0185369 0.981463 1
0.0139186 0.986081 1
0.0907264 0.909274 1
0.588628 0.411372 1
0.00878705 0.991213 1
0.0726617 0.927338 1
0.0105699 0.98943 1
0.0216027 0.978397 1
0.202798 0.797203 1
0.291101 0.708898 1
0.391766 0.608234 1
0.0105745 0.989426 1
0.0203589 0.979641 1
0.826289 0.173711 1
0.0108099 0.98919 1
0.0215506 0.978449 1
0.645945 0.354055 1
0.108602 0.891398 1
0.334484 0.665516 1
0.0371281 0.962872 1
0.330517 0.669483 1
0.0276513 0.972349 1
0.0143677 0.985632 1
0.0183959 0.981604 1
0.958164 0.0418362 1
0.013411 0.986589 1
0.0131252 0.986875 1
0.226453 0.773547 1
0.0150539 0.984946 1
0.0228947 0.977105 1
0.965148 0.0348518 1
0.0972276 0.902772 1
0.01858 0.98142 1
0.0274707 0.972529 1
0.0400692 0.959931 1
0.015709 0.984291 1
0.0770213 0.922979 1
0.672895 0.327105 1
0.0156492 0.984351 1
0.19176 0.80824 1
0.0277904 0.97221 1
0.248697 0.751302 1
0.00580679 0.994193 1
0.0379283 0.962072 1
0.0120223 0.987978 1
0.176971 0.823029 1
0.0214826 0.978517 1
0.0765545 0.923446 1
0.502096 0.497904 1
0.0111244 0.988876 1
0.00921572 0.990784 1
0.0227921 0.977208 1
0.738807 0.261193 1
0.0118367 0.988163 1
0.0516567 0.948343 1
0.0107073 0.989293 1
0.680564 0.319436 1
0.0145841 0.985416 1
0.111505 0.888495 1
0.00708123 0.992919 1
0.0138972 0.986103 1
0.069663 0.930337 1
0.00671864 0.993281 1
0.00947787 0.990522 1
0.0173403 0.98266 1
0.158783 0.841217 1
0.41334 0.58666 1
0.00718159 0.992818 1
0.0181201 0.98188 1
0.0797405 0.920259 1
0.691113 0.308887 1
0.133492 0.866508 1
0.151412 0.848588 1
0.0127576 0.987242 1
0.124506 0.875494 1
0.016809 0.983191 1
0.0114611 0.988539 1
0.0161722 0.983828 1
0.0252483 0.974752 1
0.110516 0.889484 1
0.127479 0.872521 1
0.0106956 0.989304 1
0.0113743 0.988626 1
0.0444501 0.95555 1
0.23247 0.76753 1
0.031624 0.968376 1
0.608382 0.391618 1
0.0156755 0.984324 1
0.0213443 0.978656 1
0.00707025 0.99293 1
0.0112733 0.988727 1
0.00725011 0.99275 1
0.403068 0.596932 1
0.0206595 0.97934 1
0.0179214 0.982079 1
0.843803 0.156197 1
0.4208 0.5792 1
0.0150734 0.984927 1
0.0207349 0.979265 1
0.326796 0.673204 1
0.0361656 0.963834 1
0.0170674 0.982933 1
0.0334483 0.966552 1
0.407916 0.592084 1
0.00661271 0.993387 1
0.199965 0.800035 1
0.0421006 0.957899 1
0.0139946 0.986005 1
0.594126 0.405874 1
0.0977149 0.902285 1
0.0239053 0.976095 1
0.0181413 0.981859 1
0.0379837 0.962016 1
0.0347146 0.965285 1
0.100721 0.899279 1
0.548091 0.451909 1
0.0197442 0.980256 1
0.0136764 0.986324 1
0.0899196 0.91008 1
0.126345 0.873655 1
0.024534 0.975466 1
0.011519 0.988481 1
0.0328185 0.967182 1
0.0229891 0.977011 1
0.307366 0.692634 1
0.0835197 0.91648 1
0.0212002 0.9788 1
0.0094877 0.990512 1
0.0337364 0.966264 1
0.0583786 0.941621 1
0.0750971 0.924903 1
0.011347 0.988653 1
0.0149337 0.985066 1
0.0427926 0.957207 1
0.426688 0.573312 1
0.0134461 0.986554 1
0.0889527 0.911047 1
0.0788452 0.921155 1
0.016128 0.983872 1
0.0442625 0.955738 1
0.0122887 0.987711 1
0.753925 0.246075 1
0.0220649 0.977935 1
0.977769 0.0222313 1
0.348462 0.651538 1
0.0472725 0.952727 1
0.0228412 0.977159 1
0.186501 0.813499 1
0.0151597 0.98484 1
0.0157083 0.984292 1
0.0462494 0.953751 1
0.0145788 0.985421 1
0.00986869 0.990131 1
0.0164518 0.983548 1
0.0134023 0.986598 1
0.268971 0.731029 1
0.0178034 0.982197 1
0.0138671 0.986133 1
0.0387048 0.961295 1
0.510482 0.489518 1
0.0672811 0.932719 1
0.00963025 0.99037 1
0.0121346 0.987865 1
0.00676335 0.993237 1
0.0298628 0.970137 1
0.0218706 0.978129 1
0.459821 0.540178 1
0.0443835 0.955616 1
0.00892755 0.991072 1
0.954739 0.0452613 1
0.0077678 0.992232 1
0.00769273 0.992307 1
0.537639 0.462361 1
0.0123303 0.98767 1
0.358555 0.641445 1
0.354019 0.645981 1
0.310784 0.689216 1
0.263586 0.736414 1
0.00774651 0.992253 1
0.0406337 0.959366 1
0.480564 0.519436 1
0.0255005 0.9745 1
0.270514 0.729486 1
0.0212373 0.978763 1
0.0200485 0.979952 1
0.0120724 0.987928 1
0.0207689 0.979231 1
0.0186419 0.981358 1
0.0073715 0.992628 1
0.00837016 0.99163 1
0.947066 0.0529336 1
0.0158746 0.984125 1
0.0156274 0.984373 1
0.742871 0.257129 1
0.250576 0.749424 1
0.252709 0.747291 1
0.0160485 0.983952 1
0.0510692 0.948931 1
0.0139248 0.986075 1
0.0520996 0.9479 1
0.443985 0.556015 1
0.0198272 0.980173 1
0.00972352 0.990276 1
0.0184483 0.981552 1
0.276011 0.723989 1
0.0180728 0.981927 1
0.0534775 0.946522 1
0.0137062 0.986294 1
0.0187535 0.981247 1
0.00931303 0.990687 1
0.0132409 0.986759 1
0.172336 0.827664 1
0.0814254 0.918575 1
0.132282 0.867718 1
0.00593821 0.994062 1
0.0906255 0.909375 1
0.222808 0.777192 1
0.0161251 0.983875 1
0.0452431 0.954757 1
0.0167433 0.983257 1
0.0166578 0.983342 1
0.0118621 0.988138 1
0.375122 0.624878 1
0.0170023 0.982998 1
0.010498 0.989502 1
0.0175511 0.982449 1
0.0465969 0.953403 1
0.0165973 0.983403 1
0.114801 0.885199 1
0.0168744 0.983126 1
0.00753606 0.992464 1
0.0297603 0.97024 1
0.0252127 0.974787 1
0.00845133 0.991549 1
0.0108317 0.989168 1
0.024441 0.975559 1
0.834974 0.165026 1
0.00775432 0.992246 1
0.0792225 0.920777 1
0.00736733 0.992633 1
0.0466316 0.953368 1
0.319399 0.680601 1
0.0916752 0.908325 1
0.0148806 0.985119 1
0.0108914 0.989109 1
0.00949945 0.990501 1
0.109813 0.890187 1
0.0172224 0.982778 1
0.0168935 0.983106 1
0.05098 0.94902 1
0.0365325 0.963467 1
0.951442 0.0485583 1
0.0115811 0.988419 1
0.0192462 0.980754 1
0.747866 0.252134 1
0.835443 0.164557 1
0.374549 0.625451 1
0.0112328 0.988767 1
0.010884 0.989116 1
0.0900369 0.909963 1
0.0142665 0.985733 1
0.655614 0.344386 1
0.0205588 0.979441 1
0.0352024 0.964798 1
0.0118894 0.988111 1
0.0265597 0.97344 1
0.0173639 0.982636 1
0.0238916 0.976108 1
0.0120405 0.98796 1
0.0143193 0.985681 1
0.0139769 0.986023 1
0.485681 0.514319 1
0.0427875 0.957212 1
0.0139207 0.986079 1
0.462187 0.537813 1
0.185069 0.814931 1
0.0831615 0.916838 1
0.0135669 0.986433 1
0.012685 0.987315 1
0.028155 0.971845 1
0.312752 0.687248 1
0.163003 0.836997 1
0.15882 0.84118 1
0.0229627 0.977037 1
0.0306533 0.969347 1
0.0302488 0.969751 1
0.00887447 0.991126 1
0.056611 0.943389 1
0.0448112 0.955189 1
0.350076 0.649924 1
0.408244 0.591756 1
0.365984 0.634016 1
0.0210423 0.978958 1
0.0195162 0.980484 1
0.50417 0.49583 1
0.871084 0.128916 1
0.00749381 0.992506 1
0.540057 0.459943 1
0.0171066 0.982893 1
0.0175944 0.982406 1
0.0102189 0.989781 1
0.0149473 0.985053 1
0.0329401 0.96706 1
0.127558 0.872442 1
0.00921327 0.990787 1
0.0133294 0.986671 1
0.504478 0.495522 1
0.0852714 0.914729 1
0.0400223 0.959978 1
0.0141985 0.985801 1
0.0276755 0.972324 1
0.0111647 0.988835 1
0.00935148 0.990649 1
0.460693 0.539307 1
0.00781732 0.992183 1
0.0144164 0.985584 1
0.975979 0.0240213 1
0.0719796 0.92802 1
0.0195949 0.980405 1
0.229514 0.770486 1
0.00985753 0.990142 1
0.0143065 0.985694 1
0.0342825 0.965717 1
0.022945 0.977055 1
0.216076 0.783924 1
0.018796 0.981204 1
0.527296 0.472704 1
0.935026 0.0649738 1
0.00848488 0.991515 1
0.0110637 0.988936 1
0.972246 0.027754 1
0.323169 0.67683 1
0.0150458 0.984954 1
0.84963 0.15037 1
0.0186076 0.981392 1
0.157977 0.842023 1
0.1317 0.8683 1
0.59543 0.40457 1
0.0179795 0.982021 1
0.0368477 0.963152 1
0.0440653 0.955935 1
0.0104797 0.98952 1
0.86644 0.13356 1
0.0200116 0.979988 1
0.0109675 0.989033 1
0.0217445 0.978255 1
0.0389423 0.961058 1
0.015411 0.984589 1
0.9818 0.0182001 1
0.0439585 0.956041 1
0.0103705 0.989629 1
0.0137609 0.986239 1
0.0119515 0.988048 1
0.0163795 0.983621 1
0.0214687 0.978531 1
0.0063734 0.993627 1
0.0467902 0.95321 1
0.011293 0.988707 1
0.0898441 0.910156 1
0.0185808 0.981419 1
0.0233158 0.976684 1
0.136411 0.863589 1
0.0125353 0.987465 1
0.00997228 0.990028 1
0.710712 0.289288 1
0.0553759 0.944624 1
0.00721368 0.992786 1
0.0234774 0.976523 1
0.88282 0.11718 1
0.122594 0.877406 1
0.903789 0.0962111 1
0.031311 0.968689 1
0.223508 0.776492 1
0.908029 0.0919709 1
0.114109 0.885891 1
0.671965 0.328035 1
0.276965 0.723035 1
0.007944 0.992056 1
0.0836134 0.916387 1
0.484788 0.515212 1
0.00813104 0.991869 1
0.731662 0.268338 1
0.248944 0.751056 1
0.00997296 0.990027 1
0.316678 0.683322 1
0.03896 0.96104 1
0.00777435 0.992226 1
0.0118765 0.988123 1
0.287503 0.712497 1
0.0832606 0.916739 1
0.041322 0.958678 1
0.0259956 0.974004 1
0.00959025 0.99041 1
0.0132605 0.98674 1
0.0202517 0.979748 1
0.105713 0.894287 1
0.019255 0.980745 1
0.304274 0.695726 1
0.99404 0.00595984 1
0.138287 0.861713 1
0.0698844 0.930116 1
0.522136 0.477864 1
0.0918896 0.90811 1
0.0531997 0.9468 1
0.0251149 0.974885 1
0.0837254 0.916275 1
0.0394351 0.960565 1
0.0288069 0.971193 1
0.235712 0.764288 1
0.00877426 0.991226 1
0.0126021 0.987398 1
0.121236 0.878765 1
0.00877761 0.991222 1
0.0755032 0.924497 1
0.0165886 0.983411 1
0.604929 0.395072 1
0.0141747 0.985825 1
0.0830732 0.916927 1
0.72044 0.27956 1
0.985608 0.0143915 1
0.0176819 0.982318 1
0.0132246 0.986775 1
0.287999 0.712001 1
0.0210017 0.978998 1
0.0109541 0.989046 1
0.0267741 0.973226 1
0.682715 0.317285 1
0.507968 0.492032 1
0.0110518 0.988948 1
0.0177277 0.982272 1
0.0254263 0.974574 1
0.0114547 0.988545 1
0.0168794 0.983121 1
0.00664813 0.993352 1
0.0377731 0.962227 1
0.148888 0.851112 1
0.0562503 0.94375 1
0.0151906 0.984809 1
0.0783366 0.921663 1
0.668622 0.331378 1
0.05001 0.94999 1
0.0471736 0.952826 1
0.0119557 0.988044 1
0.0081584 0.991842 1
0.0084342 0.991566 1
0.00825805 0.991742 1
0.0196818 0.980318 1
0.038481 0.961519 1
0.00860507 0.991395 1
0.016307 0.983693 1
0.0113336 0.988666 1
0.0073226 0.992677 1
0.0144832 0.985517 1
0.0165426 0.983457 1
0.0339843 0.966016 1
0.0175869 0.982413 1
0.0798821 0.920118 1
0.513793 0.486207 1
0.1481 0.8519 1
0.0234247 0.976575 1
0.0337191 0.966281 1
0.0462384 0.953762 1
0.0122467 0.987753 1
0.0198327 0.980167 1
0.257981 0.742019 1
0.045751 0.954249 1
0.0129742 0.987026 1
0.0131262 0.986874 1
0.316373 0.683627 1
0.152506 0.847494 1
0.00991096 0.990089 1
0.0082647 0.991735 1
0.0331584 0.966842 1
0.0302708 0.969729 1
0.0433788 0.956621 1
0.145204 0.854797 1
0.00709414 0.992906 1
0.521273 0.478727 1
0.151791 0.848209 1
0.100618 0.899382 1
0.825636 0.174364 1
0.0414691 0.958531 1
0.0221588 0.977841 1
0.0115036 0.988496 1
0.0810386 0.918961 1
0.0106942 0.989306 1
0.0107623 0.989238 1
0.00905588 0.990944 1
0.0376739 0.962326 1
0.304223 0.695777 1
0.041568 0.958432 1
0.0141682 0.985832 1
0.0230215 0.976978 1
0.0229974 0.977003 1
0.256799 0.743201 1
0.910889 0.0891106 1
0.236063 0.763937 1
0.187888 0.812112 1
0.0252117 0.974788 1
0.0201218 0.979878 1
0.767363 0.232637 1
0.0513004 0.9487 1
0.636132 0.363868 1
0.0172665 0.982733 1
0.690976 0.309024 1
0.128979 0.871021 1
0.0333019 0.966698 1
0.0142099 0.98579 1
0.00818183 0.991818 1
0.0161835 0.983817 1
0.0105369 0.989463 1
0.00693474 0.993065 1
0.00844909 0.991551 1
0.0107886 0.989211 1
0.00776035 0.99224 1
0.00821783 0.991782 1
0.0460045 0.953995 1
0.012452 0.987548 1
0.018347 0.981653 1
0.0133648 0.986635 1
0.70393 0.29607 1
0.00765962 0.99234 1
0.0167847 0.983215 1
0.54941 0.45059 1
0.0229967 0.977003 1
0.0394706 0.960529 1
0.0189349 0.981065 1
0.717933 0.282067 1
0.0247716 0.975228 1
0.0133058 0.986694 1
0.945164 0.0548365 1
0.0960421 0.903958 1
0.0202133 0.979787 1
0.407346 0.592654 1
0.06862 0.93138 1
0.331289 0.668711 1
0.149551 0.850449 1
0.0268596 0.97314 1
0.0143129 0.985687 1
0.0224091 0.977591 1
0.0375194 0.962481 1
0.0167301 0.98327 1
0.28932 0.71068 1
0.610604 0.389396 1
0.0315298 0.96847 1
0.0717557 0.928244 1
0.0414649 0.958535 1
0.0352788 0.964721 1
0.0196646 0.980335 1
0.0544718 0.945528 1
0.865555 0.134445 1
0.730496 0.269504 1
0.0189339 0.981066 1
0.0566476 0.943352 1
0.0237164 0.976284 1
0.174079 0.825921 1
0.0165172 0.983483 1
0.00962012 0.99038 1
0.0361354 0.963865 1
0.0323069 0.967693 1
0.0131081 0.986892 1
0.439103 0.560897 1
0.0124057 0.987594 1
0.0159538 0.984046 1
0.0689979 0.931002 1
0.104012 0.895988 1
0.0137712 0.986229 1
0.981888 0.0181117 1
0.0171551 0.982845 1
0.0128008 0.987199 1
0.762306 0.237694 1
0.0101209 0.989879 1
0.0189207 0.981079 1
