0.98501 0.0149897 0
0.998711 0.00128948 0
0.95753 0.0424696 0
0.996882 0.00311818 0
0.668568 0.331432 0
0.991809 0.00819088 0
0.752398 0.247602 0
0.984581 0.015419 0
0.938633 0.0613667 0
0.723324 0.276676 0
0.975825 0.0241747 0
0.964709 0.035291 0
0.969075 0.0309246 0
0.743766 0.256234 0
0.937595 0.0624046 0
0.667599 0.332401 0
0.0904986 0.909501 0
0.99259 0.00741042 0
0.146672 0.853328 0
0.986493 0.0135071 0
0.995456 0.00454434 0
0.993568 0.0064316 0
0.997023 0.00297683 0
0.881134 0.118866 0
0.989115 0.0108847 0
0.98953 0.0104696 0
0.997271 0.00272887 0
0.937169 0.0628305 0
0.982154 0.0178458 0
0.985328 0.0146724 0
0.991395 0.00860521 0
0.376394 0.623606 0
0.973989 0.0260115 0
0.987122 0.0128784 0
0.70162 0.29838 0
0.994886 0.00511356 0
0.590049 0.409951 0
0.85597 0.14403 0
0.995133 0.00486703 0
0.995827 0.00417346 0
0.959202 0.040798 0
0.633975 0.366025 0
0.965704 0.0342964 0
0.652632 0.347368 0
0.987122 0.0128776 0
0.99922 0.000780367 0
0.974841 0.0251595 0
0.959184 0.0408159 0
0.998584 0.00141611 0
0.627388 0.372612 0
0.906113 0.0938872 0
0.978296 0.0217041 0
0.964419 0.0355808 0
0.99762 0.00237992 0
0.675292 0.324708 0
0.994735 0.00526472 0
0.999077 0.000923013 0
0.793019 0.206981 0
0.985376 0.0146243 0
0.130882 0.869118 0
0.445657 0.554343 0
0.953212 0.046788 0
0.401259 0.598741 0
0.987243 0.0127572 0
0.714335 0.285665 0
0.996162 0.00383769 0
0.678613 0.321387 0
0.998799 0.00120083 0
0.948089 0.0519114 0
0.986976 0.0130238 0
0.997222 0.00277845 0
0.968907 0.0310931 0
0.986895 0.0131053 0
0.989119 0.0108808 0
0.353756 0.646244 0
0.948731 0.0512694 0
0.997771 0.00222951 0
0.993628 0.00637225 0
0.998569 0.00143096 0
0.98686 0.0131402 0
0.977823 0.0221771 0
0.986139 0.0138609 0
0.997673 0.00232724 0
0.942152 0.0578482 0
0.750006 0.249994 0
0.998311 0.00168944 0
0.814877 0.185123 0
0.999195 0.000805267 0
0.968483 0.0315166 0
0.974986 0.0250135 0
0.897914 0.102086 0
0.99877 0.00123026 0
0.996014 0.00398654 0
0.977169 0.0228315 0
0.982558 0.0174422 0
0.940527 0.0594735 0
0.99907 0.000930042 0
0.791096 0.208904 0
0.979447 0.0205527 0
0.997191 0.00280935 0
0.0997424 0.900258 0
0.990224 0.00977621 0
0.99764 0.00236013 0
0.994204 0.00579575 0
0.996366 0.00363375 0
0.798463 0.201537 0
0.573779 0.426221 0
0.961943 0.0380573 0
0.946821 0.0531792 0
0.993063 0.00693694 0
0.898246 0.101754 0
0.996878 0.00312211 0
0.323794 0.676206 0
0.997833 0.00216652 0
0.994084 0.00591619 0
0.993859 0.00614096 0
0.181114 0.818886 0
0.194208 0.805792 0
0.770081 0.229919 0
0.0598547 0.940145 0
0.95045 0.0495496 0
0.461792 0.538208 0
0.978953 0.0210473 0
0.993796 0.00620375 0
0.991603 0.00839711 0
0.987694 0.0123057 0
0.933516 0.0664842 0
0.995967 0.0040335 0
0.710573 0.289427 0
0.998064 0.00193646 0
0.00826833 0.991732 0
0.764241 0.235759 0
0.995643 0.00435679 0
0.993953 0.00604708 0
0.998877 0.00112251 0
0.999381 0.000618908 0
0.938997 0.0610031 0
0.99736 0.00264018 0
0.997299 0.00270049 0
0.977663 0.0223368 0
0.991679 0.00832117 0
0.563135 0.436865 0
0.977596 0.0224046 0
0.981804 0.0181958 0
0.989696 0.0103039 0
0.986316 0.013684 0
0.997703 0.00229752 0
0.980968 0.0190316 0
0.988906 0.0110937 0
0.327559 0.672441 0
0.98721 0.0127899 0
0.959172 0.0408275 0
0.998718 0.00128163 0
0.947909 0.052091 0
0.33718 0.66282 0
0.74101 0.25899 0
0.820799 0.179201 0
0.6041 0.3959 0
0.533992 0.466008 0
0.994419 0.00558066 0
0.941736 0.0582643 0
0.948347 0.051653 0
0.999725 0.000274845 0
0.986081 0.0139189 0
0.49241 0.50759 0
0.995056 0.00494419 0
0.657739 0.342261 0
0.992871 0.00712934 0
0.997764 0.00223624 0
0.992701 0.00729861 0
0.999372 0.000627659 0
0.673312 0.326688 0
0.0551913 0.944809 0
0.922761 0.0772392 0
0.989038 0.0109624 0
0.815552 0.184448 0
0.233978 0.766022 0
0.996084 0.00391639 0
0.993747 0.00625308 0
0.982463 0.0175372 0
0.984002 0.0159982 0
0.996813 0.00318716 0
0.996831 0.00316914 0
0.751157 0.248844 0
0.745194 0.254806 0
0.519632 0.480368 0
0.999117 0.000882782 0
0.0780493 0.921951 0
0.935927 0.0640731 0
0.978888 0.0211117 0
0.998346 0.00165367 0
0.991361 0.00863857 0
0.960481 0.0395195 0
0.971228 0.028772 0
0.997837 0.00216308 0
0.99925 0.000749926 0
0.992768 0.00723224 0
0.850491 0.149509 0
0.99464 0.00536029 0
0.92112 0.0788803 0
0.936155 0.0638452 0
0.9981 0.00190047 0
0.964193 0.0358072 0
0.99801 0.00199026 0
0.600192 0.399808 0
0.997343 0.00265673 0
0.997007 0.00299312 0
0.994275 0.00572489 0
0.980609 0.0193906 0
0.888497 0.111503 0
0.710819 0.289181 0
0.073917 0.926083 0
0.996257 0.00374314 0
0.978968 0.0210321 0
0.913426 0.0865741 0
0.991367 0.00863305 0
0.0371619 0.962838 0
0.986582 0.0134177 0
0.971202 0.0287983 0
0.913854 0.0861457 0
0.999256 0.000743891 0
0.997484 0.00251612 0
0.998885 0.00111473 0
0.80547 0.19453 0
0.948898 0.0511017 0
0.978164 0.0218355 0
0.20097 0.79903 0
0.986611 0.0133888 0
0.837649 0.162351 0
0.9844 0.0155997 0
0.700404 0.299596 0
0.947736 0.0522641 0
0.942542 0.0574583 0
0.99905 0.000950325 0
0.992731 0.00726945 0
0.998629 0.00137082 0
0.997414 0.00258605 0
0.868296 0.131704 0
0.999354 0.000646368 0
0.997294 0.0027065 0
0.367165 0.632835 0
0.86844 0.13156 0
0.927381 0.0726187 0
0.999235 0.0007648 0
0.927248 0.0727523 0
0.986093 0.0139069 0
0.972966 0.0270341 0
0.983697 0.0163034 0
0.877175 0.122825 0
0.96158 0.0384202 0
0.879364 0.120636 0
0.998065 0.00193548 0
0.906767 0.0932332 0
0.983906 0.016094 0
0.151461 0.848539 0
0.740207 0.259793 0
0.993081 0.00691899 0
0.365765 0.634235 0
0.103874 0.896126 0
0.963073 0.0369268 0
0.919704 0.0802957 0
0.123064 0.876936 0
0.999155 0.000844583 0
0.984074 0.0159261 0
0.99515 0.00485042 0
0.97015 0.02985 0
0.886629 0.113371 0
0.997626 0.0023743 0
0.933038 0.0669617 0
0.998135 0.00186496 0
0.958681 0.0413194 0
0.746735 0.253265 0
0.994907 0.00509268 0
0.98178 0.0182197 0
0.993922 0.00607766 0
0.996218 0.00378157 0
0.994842 0.00515849 0
0.998575 0.00142491 0
0.991617 0.00838287 0
0.304532 0.695468 0
0.973355 0.0266452 0
0.933277 0.066723 0
0.993455 0.00654525 0
0.999312 0.000687915 0
0.782643 0.217357 0
0.980514 0.0194857 0
0.997431 0.0025685 0
0.998243 0.00175651 0
0.998212 0.00178814 0
0.943298 0.0567018 0
0.476081 0.523919 0
0.997747 0.00225345 0
0.54767 0.45233 0
0.808246 0.191754 0
0.978976 0.0210236 0
0.998077 0.00192322 0
0.995682 0.00431815 0
0.893178 0.106822 0
0.994021 0.00597859 0
0.99895 0.00105049 0
0.671589 0.328411 0
0.781974 0.218026 0
0.996762 0.00323806 0
0.99726 0.00274021 0
0.91134 0.0886601 0
0.984891 0.0151088 0
0.295694 0.704306 0
0.996103 0.00389678 0
0.999149 0.000850814 0
0.996379 0.00362057 0
0.993826 0.00617425 0
0.874214 0.125786 0
0.995915 0.00408497 0
0.939171 0.0608292 0
0.982894 0.0171057 0
0.992807 0.00719261 0
0.87914 0.12086 0
0.735485 0.264515 0
0.979631 0.0203685 0
0.987092 0.0129077 0
0.985054 0.0149464 0
0.624014 0.375986 0
0.979638 0.0203618 0
0.995962 0.00403833 0
0.292827 0.707173 0
0.992432 0.00756785 0
0.954207 0.0457928 0
0.964432 0.0355678 0
0.992256 0.00774377 0
0.650712 0.349288 0
0.987811 0.0121891 0
0.96489 0.0351099 0
0.983915 0.0160853 0
0.988854 0.0111459 0
0.887218 0.112782 0
0.998878 0.00112195 0
0.980884 0.0191162 0
0.998655 0.00134454 0
0.878669 0.121331 0
0.201242 0.798758 0
0.986245 0.0137549 0
0.964523 0.0354768 0
0.999579 0.000420566 0
0.99875 0.00124987 0
0.973499 0.0265007 0
0.992638 0.00736217 0
0.997904 0.00209581 0
0.900686 0.0993144 0
0.972599 0.0274008 0
0.975533 0.0244673 0
0.780015 0.219985 0
0.334086 0.665914 0
0.998918 0.00108155 0
0.998713 0.00128699 0
0.994089 0.00591078 0
0.863354 0.136646 0
0.999325 0.000674714 0
0.996756 0.00324378 0
0.995023 0.00497702 0
0.918019 0.0819811 0
0.926199 0.0738008 0
0.998117 0.00188301 0
0.614653 0.385347 0
0.997327 0.00267264 0
0.996223 0.00377657 0
0.840523 0.159477 0
0.99575 0.00425004 0
0.999353 0.000646633 0
0.903613 0.0963867 0
0.97211 0.0278896 0
0.986585 0.013415 0
0.992396 0.00760414 0
0.994889 0.00511113 0
0.117468 0.882532 0
0.936848 0.0631524 0
0.997595 0.00240471 0
0.997736 0.00226348 0
0.999551 0.000449154 0
0.922989 0.077011 0
0.973098 0.0269023 0
0.993413 0.00658738 0
0.989938 0.0100617 0
0.958519 0.0414812 0
0.961218 0.0387824 0
0.998398 0.0016023 0
0.934952 0.0650476 0
0.9811 0.0188997 0
0.996538 0.00346197 0
0.0198983 0.980102 0
0.993514 0.00648642 0
0.181458 0.818542 0
0.960084 0.0399158 0
0.986591 0.0134089 0
0.997056 0.00294419 0
0.998171 0.00182939 0
0.99326 0.00674037 0
0.998534 0.00146574 0
0.998071 0.00192898 0
0.999207 0.000793132 0
0.597838 0.402162 0
0.951085 0.048915 0
0.871059 0.128941 0
0.998637 0.00136247 0
0.991047 0.00895265 0
0.992638 0.00736218 0
0.925689 0.0743114 0
0.989957 0.010043 0
0.994159 0.00584103 0
0.657844 0.342156 0
0.994121 0.00587903 0
0.991346 0.00865381 0
0.924251 0.0757486 0
0.99592 0.00407961 0
0.94225 0.0577496 0
0.653181 0.346819 0
0.107274 0.892726 0
0.979454 0.0205461 0
0.860699 0.139301 0
0.996948 0.00305172 0
0.978728 0.0212721 0
0.994421 0.00557899 0
0.982252 0.0177482 0
0.931951 0.0680486 0
0.951009 0.0489907 0
0.775726 0.224274 0
0.851286 0.148714 0
0.67513 0.32487 0
0.989837 0.0101634 0
0.82793 0.17207 0
0.825021 0.174979 0
0.119128 0.880872 0
0.970472 0.0295283 0
0.013641 0.986359 0
0.680584 0.319416 0
0.994791 0.00520923 0
0.993376 0.00662429 0
0.987758 0.0122422 0
0.991288 0.00871251 0
0.971493 0.0285071 0
0.979663 0.0203368 0
0.995456 0.00454393 0
0.96047 0.0395297 0
0.932209 0.0677907 0
0.996733 0.00326738 0
0.603025 0.396975 0
0.929077 0.0709227 0
0.990636 0.00936421 0
0.990938 0.00906179 0
0.998218 0.00178201 0
0.994692 0.00530819 0
0.995045 0.00495522 0
0.997805 0.00219499 0
0.444935 0.555065 0
0.981345 0.0186554 0
0.998895 0.00110453 0
0.997561 0.00243945 0
0.977842 0.0221583 0
0.997741 0.00225856 0
0.992037 0.00796292 0
0.99306 0.00694004 0
0.929569 0.070431 0
0.994803 0.00519664 0
0.985795 0.014205 0
0.183948 0.816052 0
0.996782 0.00321834 0
0.919364 0.0806362 0
0.293819 0.706181 0
0.994564 0.00543578 0
0.949808 0.0501915 0
0.971566 0.0284336 0
0.280142 0.719858 0
0.701437 0.298563 0
0.985893 0.0141073 0
0.993001 0.00699956 0
0.987201 0.0127986 0
0.976712 0.023288 0
0.341606 0.658394 0
0.854981 0.145019 0
0.930005 0.0699946 0
0.995821 0.00417911 0
0.983782 0.0162176 0
0.047132 0.952868 0
0.994025 0.00597462 0
0.950499 0.0495008 0
0.980949 0.0190507 0
0.315914 0.684086 0
0.948718 0.0512816 0
0.338266 0.661734 0
0.934623 0.0653775 0
0.99783 0.00216951 0
0.993476 0.00652381 0
0.991041 0.00895868 0
0.947728 0.0522718 0
0.992181 0.00781905 0
0.991475 0.00852503 0
0.515805 0.484195 0
0.991498 0.00850212 0
0.996952 0.00304813 0
0.981676 0.0183235 0
0.0940205 0.905979 0
0.977018 0.0229825 0
0.987006 0.0129938 0
0.989547 0.0104533 0
0.998723 0.00127692 0
0.955754 0.0442462 0
0.989306 0.0106937 0
0.996471 0.00352924 0
0.997328 0.00267155 0
0.994879 0.00512058 0
0.996248 0.00375173 0
0.927058 0.0729423 0
0.961303 0.0386968 0
0.994016 0.00598402 0
0.978876 0.0211237 0
0.974189 0.0258108 0
0.999137 0.000862681 0
0.972945 0.0270546 0
0.282376 0.717624 0
0.999635 0.000365383 0
0.692814 0.307186 0
0.995565 0.00443498 0
0.608314 0.391686 0
0.987665 0.0123346 0
0.992543 0.00745682 0
0.383372 0.616629 0
0.989271 0.0107293 0
0.996499 0.00350131 0
0.999407 0.000593131 0
0.986683 0.0133166 0
0.822866 0.177134 0
0.998591 0.00140931 0
0.991683 0.0083169 0
0.915166 0.0848342 0
0.998536 0.00146401 0
0.967864 0.0321357 0
0.880486 0.119514 0
0.991604 0.00839626 0
0.990935 0.00906475 0
0.997856 0.0021438 0
0.644461 0.355539 0
0.682552 0.317448 0
0.755016 0.244984 0
0.976744 0.0232563 0
0.988594 0.0114059 0
0.98037 0.0196296 0
0.966718 0.033282 0
0.986454 0.0135461 0
0.926995 0.0730046 0
0.823224 0.176776 0
0.603137 0.396863 0
0.996623 0.00337681 0
0.985077 0.0149231 0
0.0262128 0.973787 0
0.38448 0.61552 0
0.994778 0.00522159 0
0.995725 0.00427521 0
0.999134 0.000866237 0
0.87575 0.12425 0
0.937533 0.0624668 0
0.983352 0.0166485 0
0.995961 0.00403849 0
0.155421 0.844579 0
0.988304 0.0116963 0
0.989284 0.0107158 0
0.975237 0.0247635 0
0.980269 0.0197305 0
0.0690067 0.930993 0
0.972445 0.027555 0
0.992996 0.0070044 0
0.98683 0.01317 0
0.994239 0.00576143 0
0.971359 0.0286411 0
0.698197 0.301803 0
0.965944 0.0340562 0
0.99648 0.00352006 0
0.986678 0.0133224 0
0.95895 0.04105 0
0.994065 0.00593462 0
0.972628 0.0273722 0
0.973741 0.0262595 0
0.87367 0.12633 0
0.994463 0.00553707 0
0.988048 0.0119522 0
0.992636 0.00736443 0
0.876483 0.123517 0
0.949883 0.0501175 0
0.997103 0.00289682 0
0.992556 0.00744439 0
0.997541 0.00245887 0
0.049943 0.950057 0
0.444252 0.555747 0
0.902614 0.0973856 0
0.999771 0.000228952 0
0.998949 0.00105122 0
0.638031 0.361969 0
0.98039 0.0196102 0
0.994467 0.00553343 0
0.926604 0.0733957 0
0.976211 0.0237885 0
0.969531 0.0304687 0
0.999685 0.000314987 0
0.993722 0.0062775 0
0.105998 0.894002 0
0.0214315 0.978568 0
0.977465 0.0225351 0
0.957006 0.042994 0
0.999306 0.000693711 0
0.991404 0.00859623 0
0.997623 0.00237734 0
0.98795 0.0120498 0
0.996325 0.00367496 0
0.998416 0.00158407 0
0.781203 0.218797 0
0.37404 0.62596 0
0.691558 0.308442 0
0.609296 0.390704 0
0.674487 0.325513 0
0.984664 0.0153362 0
0.966223 0.0337771 0
0.938413 0.0615873 0
0.969744 0.0302563 0
0.998635 0.00136505 0
0.734588 0.265412 0
0.524143 0.475857 0
0.0265755 0.973424 0
0.99686 0.00313974 0
0.567619 0.432381 0
0.997195 0.00280485 0
0.0601252 0.939875 0
0.998239 0.00176096 0
0.994392 0.00560794 0
0.459919 0.540081 0
0.998989 0.00101106 0
0.750492 0.249508 0
0.919902 0.0800982 0
0.858585 0.141415 0
0.994018 0.00598163 0
0.817612 0.182388 0
0.58594 0.41406 0
0.988727 0.0112735 0
0.997078 0.00292246 0
0.959581 0.0404193 0
0.958319 0.0416812 0
0.987987 0.0120125 0
0.992597 0.00740339 0
0.990731 0.00926901 0
0.975103 0.0248971 0
0.985626 0.0143741 0
0.99865 0.0013501 0
0.998694 0.00130645 0
0.992497 0.00750281 0
0.992861 0.00713854 0
0.993179 0.00682083 0
0.981948 0.0180517 0
0.981807 0.0181928 0
0.932412 0.0675878 0
0.520966 0.479034 0
0.977832 0.0221681 0
0.994906 0.00509395 0
0.0520073 0.947993 0
0.995572 0.00442825 0
0.975412 0.0245884 0
0.998102 0.001898 0
0.997182 0.00281849 0
0.972877 0.0271228 0
0.530831 0.469169 0
0.159364 0.840636 0
0.989873 0.0101266 0
0.963063 0.036937 0
0.9923 0.00769964 0
0.943445 0.0565552 0
0.991943 0.00805667 0
0.508012 0.491988 0
0.897788 0.102212 0
0.993823 0.00617741 0
0.970172 0.029828 0
0.831821 0.168179 0
0.971771 0.0282292 0
0.985488 0.0145124 0
0.36788 0.63212 0
0.970588 0.0294125 0
0.0529991 0.947001 0
0.979311 0.0206888 0
0.155628 0.844372 0
0.996389 0.00361148 0
0.979081 0.0209187 0
0.993966 0.00603381 0
0.888232 0.111768 0
0.990615 0.00938485 0
0.980109 0.0198908 0
0.992006 0.00799389 0
0.911986 0.0880141 0
0.998854 0.00114647 0
0.998914 0.00108648 0
0.995567 0.0044327 0
0.843174 0.156826 0
0.986344 0.0136564 0
0.99084 0.00915953 0
0.996004 0.00399614 0
0.971791 0.0282085 0
0.478134 0.521866 0
0.997025 0.00297461 0
0.905483 0.0945167 0
0.997164 0.00283613 0
0.99565 0.00434978 0
0.8886 0.1114 0
0.997033 0.00296685 0
0.995111 0.0048889 0
0.956267 0.0437329 0
0.991599 0.00840051 0
0.81677 0.18323 0
0.994429 0.0055711 0
0.685124 0.314876 0
0.996079 0.00392094 0
0.819388 0.180612 0
0.770269 0.229731 0
0.859825 0.140174 0
0.97516 0.0248401 0
0.997883 0.00211722 0
0.922213 0.0777868 0
0.942374 0.0576261 0
0.995496 0.00450412 0
0.997364 0.00263649 0
0.912833 0.0871671 0
0.0735792 0.926421 0
0.991011 0.00898875 0
0.998632 0.00136771 0
0.85055 0.14945 0
0.997236 0.00276395 0
0.98805 0.0119501 0
0.997478 0.00252212 0
0.90092 0.0990804 0
0.684673 0.315327 0
0.997959 0.00204054 0
0.999004 0.00099618 0
0.540813 0.459187 0
0.874366 0.125634 0
0.0846725 0.915328 0
0.994701 0.00529866 0
0.963958 0.036042 0
0.97581 0.0241896 0
0.8987 0.1013 0
0.969273 0.0307266 0
0.942012 0.0579883 0
0.811512 0.188488 0
0.932099 0.0679007 0
0.234717 0.765283 0
0.990087 0.00991292 0
0.9892 0.0107998 0
0.895927 0.104073 0
0.981809 0.018191 0
0.980542 0.0194578 0
0.207546 0.792454 0
0.413349 0.586651 0
0.996329 0.0036708 0
0.995129 0.00487048 0
0.744318 0.255682 0
0.989471 0.0105295 0
0.961382 0.0386182 0
0.998236 0.00176443 0
0.876858 0.123142 0
0.985656 0.0143438 0
0.998036 0.00196377 0
0.984337 0.0156627 0
0.166458 0.833542 0
0.985768 0.0142316 0
0.989475 0.0105254 0
0.994633 0.00536715 0
0.9599 0.0400997 0
0.96399 0.0360103 0
0.727633 0.272367 0
0.979912 0.0200883 0
0.960615 0.0393852 0
0.993126 0.00687445 0
0.97284 0.0271604 0
0.996724 0.00327574 0
0.999328 0.000671784 0
0.997093 0.00290742 0
0.98289 0.0171101 0
0.0618112 0.938189 0
0.475827 0.524173 0
0.963642 0.036358 0
0.973027 0.0269726 0
0.998558 0.00144226 0
0.988395 0.0116048 0
0.557138 0.442862 0
0.184676 0.815324 0
0.975946 0.0240537 0
0.747954 0.252046 0
0.990715 0.00928514 0
0.363527 0.636473 0
0.934723 0.0652769 0
0.835738 0.164262 0
0.997251 0.00274901 0
0.952381 0.0476188 0
0.99143 0.00856978 0
0.996026 0.00397443 0
0.995179 0.00482119 0
0.951563 0.0484374 0
0.998538 0.00146157 0
0.718563 0.281437 0
0.879505 0.120495 0
0.992938 0.00706153 0
0.663406 0.336594 0
0.998719 0.00128134 0
0.984662 0.0153384 0
0.957898 0.0421016 0
0.993956 0.00604405 0
0.806382 0.193619 0
0.977881 0.0221193 0
0.998541 0.0014586 0
0.99838 0.00162022 0
0.990999 0.00900086 0
0.885416 0.114584 0
0.949977 0.0500228 0
0.933874 0.0661264 0
0.995435 0.00456533 0
0.975399 0.0246015 0
0.984137 0.0158628 0
0.990797 0.00920334 0
0.996094 0.00390558 0
0.993956 0.00604428 0
0.949102 0.0508976 0
0.353411 0.646589 0
0.984926 0.0150736 0
0.647113 0.352887 0
0.836369 0.163631 0
0.918784 0.0812162 0
0.527034 0.472966 0
0.657157 0.342843 0
0.993884 0.00611581 0
0.990877 0.00912267 0
0.990457 0.00954279 0
0.990506 0.0094944 0
0.968726 0.0312736 0
0.990214 0.00978611 0
0.998539 0.00146088 0
0.998663 0.00133719 0
0.930636 0.0693645 0
0.916701 0.0832991 0
0.946423 0.0535766 0
0.698168 0.301832 0
0.998314 0.00168642 0
0.719932 0.280068 0
0.993808 0.00619163 0
0.982834 0.0171657 0
0.996764 0.00323637 0
0.4929 0.5071 0
0.974672 0.0253285 0
0.931996 0.0680043 0
0.998337 0.00166266 0
0.287473 0.712527 0
0.992943 0.00705741 0
0.967286 0.0327138 0
0.988553 0.0114475 0
0.996425 0.00357485 0
0.998402 0.00159822 0
0.27907 0.72093 0
0.959044 0.0409564 0
0.968556 0.0314436 0
0.977829 0.0221714 0
0.889022 0.110978 0
0.995224 0.00477592 0
0.903604 0.0963956 0
0.70809 0.29191 0
0.977284 0.0227158 0
0.990793 0.00920716 0
0.854406 0.145594 0
0.848767 0.151233 0
0.982955 0.0170452 0
0.760469 0.239531 0
0.988458 0.0115419 0
0.993854 0.00614617 0
0.28448 0.71552 0
0.977377 0.0226234 0
0.725679 0.274321 0
0.916704 0.0832963 0
0.991691 0.00830895 0
0.838363 0.161637 0
0.959552 0.040448 0
0.99839 0.00160998 0
0.986159 0.0138406 0
0.985554 0.0144459 0
0.894481 0.105519 0
0.805407 0.194593 0
0.998843 0.0011574 0
0.330445 0.669555 0
0.99599 0.00401006 0
0.951747 0.0482535 0
0.810858 0.189142 0
0.995918 0.00408233 0
0.999326 0.000674563 0
0.81616 0.18384 0
0.401857 0.598143 0
0.969419 0.030581 0
0.892791 0.107209 0
0.994575 0.00542547 0
0.994226 0.00577418 0
0.982462 0.0175384 0
0.334979 0.665021 0
0.988512 0.0114883 0
0.935565 0.0644346 0
0.983072 0.0169279 0
0.955776 0.0442243 0
0.999655 0.000344724 0
0.992457 0.00754309 0
0.984953 0.0150471 0
0.899855 0.100145 0
0.991873 0.00812731 0
0.864042 0.135958 0
0.996395 0.00360533 0
0.97768 0.0223203 0
0.997907 0.00209277 0
0.95989 0.0401098 0
0.999129 0.000871103 0
0.999685 0.000314692 0
0.990481 0.00951872 0
0.995648 0.00435191 0
0.988503 0.011497 0
0.987507 0.0124929 0
0.997709 0.00229137 0
0.998444 0.00155603 0
0.503274 0.496726 0
0.981364 0.0186359 0
0.98218 0.0178199 0
0.983455 0.0165451 0
0.972295 0.0277051 0
0.993003 0.00699667 0
0.995852 0.00414807 0
0.992568 0.00743174 0
0.960105 0.0398946 0
0.9854 0.0146005 0
0.979495 0.0205052 0
0.994507 0.005493 0
0.999317 0.000682694 0
0.997865 0.002135 0
0.931079 0.0689213 0
0.995336 0.00466396 0
0.79197 0.20803 0
0.547787 0.452213 0
0.998821 0.0011791 0
0.993636 0.00636424 0
0.996103 0.00389717 0
0.753319 0.246681 0
0.980986 0.0190139 0
0.852796 0.147203 0
0.998453 0.00154659 0
0.843402 0.156598 0
0.991987 0.00801265 0
0.998195 0.00180453 0
0.994236 0.00576361 0
0.860905 0.139095 0
0.99915 0.000849756 0
0.997435 0.00256528 0
0.920085 0.0799151 0
0.999589 0.000410624 0
0.984021 0.0159788 0
0.991497 0.00850307 0
0.999045 0.00095534 0
0.945745 0.0542549 0
0.984994 0.0150064 0
0.998723 0.00127728 0
0.973551 0.0264489 0
0.539743 0.460257 0
0.97196 0.0280397 0
0.83318 0.16682 0
0.977523 0.0224771 0
0.950466 0.0495345 0
0.996241 0.00375878 0
0.9581 0.0419001 0
0.226728 0.773272 0
0.471636 0.528364 0
0.995781 0.00421855 0
0.839689 0.160311 0
0.937038 0.0629623 0
0.995185 0.00481532 0
0.927557 0.0724431 0
0.998669 0.0013307 0
0.997882 0.00211818 0
0.992276 0.00772419 0
0.976872 0.0231278 0
0.0288543 0.971146 0
0.836706 0.163294 0
0.385101 0.614899 0
0.915581 0.0844187 0
0.9977 0.00230017 0
0.990434 0.00956594 0
0.988737 0.011263 0
0.998449 0.0015512 0
0.972098 0.0279019 0
0.983883 0.0161175 0
0.343211 0.656789 0
0.227844 0.772157 0
0.998755 0.00124511 0
0.500562 0.499438 0
0.0823022 0.917698 0
0.972979 0.0270211 0
0.907114 0.0928856 0
0.995104 0.00489602 0
0.931935 0.0680651 0
0.00910812 0.990892 1
0.0222076 0.977793 1
0.16028 0.83972 1
0.0358361 0.964164 1
0.0587954 0.941205 1
0.0181052 0.981895 1
0.118817 0.881183 1
0.0159193 0.984081 1
0.688827 0.311173 1
0.0792512 0.920749 1
0.0125455 0.987455 1
0.131583 0.868417 1
0.010803 0.989197 1
0.294775 0.705225 1
0.00726015 0.99274 1
0.12173 0.87827 1
0.213962 0.786038 1
0.0291092 0.970891 1
0.117 0.883 1
0.374389 0.625611 1
0.037887 0.962113 1
0.00854642 0.991454 1
0.0308014 0.969199 1
0.0767029 0.923297 1
0.00584441 0.994156 1
0.0326394 0.967361 1
0.0340983 0.965902 1
0.0256272 0.974373 1
0.0164574 0.983543 1
0.00812031 0.99188 1
0.170853 0.829147 1
0.0211265 0.978873 1
0.494976 0.505024 1
0.00919392 0.990806 1
0.0689329 0.931067 1
0.0165942 0.983406 1
0.020234 0.979766 1
0.0165917 0.983408 1
0.0179796 0.98202 1
0.0477115 0.952289 1
0.0327864 0.967214 1
0.0272099 0.97279 1
0.00870739 0.991293 1
0.0983481 0.901652 1
0.0161212 0.983879 1
0.0225831 0.977417 1
0.00961139 0.990389 1
0.533365 0.466635 1
0.17986 0.82014 1
0.0872537 0.912746 1
0.0168427 0.983157 1
0.00780791 0.992192 1
0.791154 0.208846 1
0.0283785 0.971621 1
0.269067 0.730933 1
0.0154427 0.984557 1
0.0169902 0.98301 1
0.0370321 0.962968 1
0.29952 0.70048 1
0.0790765 0.920923 1
0.662871 0.337128 1
0.0926521 0.907348 1
0.0105186 0.989481 1
0.00972544 0.990275 1
0.0166088 0.983391 1
0.0609632 0.939037 1
0.0239992 0.976001 1
0.0250185 0.974981 1
0.24605 0.75395 1
0.0301129 0.969887 1
0.207607 0.792393 1
0.0330459 0.966954 1
0.0193676 0.980632 1
0.11436 0.88564 1
0.958072 0.041928 1
0.128013 0.871987 1
0.00869502 0.991305 1
0.0854361 0.914564 1
0.00565892 0.994341 1
0.0144872 0.985513 1
0.00780745 0.992193 1
0.160667 0.839333 1
0.893986 0.106014 1
0.00608466 0.993915 1
0.491556 0.508444 1
0.0535508 0.946449 1
0.102146 0.897854 1
0.036383 0.963617 1
0.0410572 0.958943 1
0.194839 0.805161 1
0.0105387 0.989461 1
0.00815002 0.99185 1
0.0218502 0.97815 1
0.0780888 0.921911 1
0.0106608 0.989339 1
0.0127415 0.987258 1
0.00684134 0.993159 1
0.807462 0.192538 1
0.193555 0.806445 1
0.69732 0.30268 1
0.0139174 0.986083 1
0.0197199 0.98028 1
0.690002 0.309998 1
0.0065657 0.993434 1
0.0255329 0.974467 1
0.139266 0.860734 1
0.092743 0.907257 1
0.0718275 0.928173 1
0.0290354 0.970965 1
0.0410185 0.958981 1
0.0103773 0.989623 1
0.0101508 0.989849 1
0.0813163 0.918684 1
0.00895347 0.991046 1
0.0210855 0.978914 1
0.0289617 0.971038 1
0.370197 0.629803 1
0.017252 0.982748 1
0.00880319 0.991197 1
0.0699172 0.930083 1
0.477447 0.522553 1
0.114121 0.885879 1
0.0200736 0.979926 1
0.48316 0.51684 1
0.019684 0.980316 1
0.422809 0.577191 1
0.945954 0.0540465 1
0.00788132 0.992119 1
0.00963145 0.990369 1
0.10632 0.89368 1
0.0107479 0.989252 1
0.0261309 0.973869 1
0.0183537 0.981646 1
0.0219198 0.97808 1
0.0100988 0.989901 1
0.0936598 0.90634 1
0.00861154 0.991388 1
0.00487458 0.995125 1
0.00796399 0.992036 1
0.395386 0.604614 1
0.00521096 0.994789 1
0.0385607 0.961439 1
0.37277 0.62723 1
0.43282 0.56718 1
0.0529154 0.947085 1
0.0249122 0.975088 1
0.0376594 0.962341 1
0.00890683 0.991093 1
0.0244499 0.97555 1
0.408816 0.591184 1
0.00841027 0.99159 1
0.00738971 0.99261 1
0.0163741 0.983626 1
0.0386807 0.961319 1
0.365018 0.634982 1
0.0533248 0.946675 1
0.0971974 0.902803 1
0.0499105 0.95009 1
0.0375331 0.962467 1
0.164144 0.835856 1
0.0158602 0.98414 1
0.00812126 0.991879 1
0.00718077 0.992819 1
0.0139373 0.986063 1
0.0877748 0.912225 1
0.00769445 0.992306 1
0.0367874 0.963213 1
0.745615 0.254385 1
0.270267 0.729733 1
0.0152006 0.984799 1
0.00623409 0.993766 1
0.0201443 0.979856 1
0.377702 0.622298 1
0.0997183 0.900282 1
0.488589 0.511411 1
0.0638053 0.936195 1
0.255947 0.744053 1
0.785747 0.214253 1
0.00937544 0.990625 1
0.0189112 0.981089 1
0.158682 0.841318 1
0.566517 0.433484 1
0.00682932 0.993171 1
0.0171503 0.98285 1
0.456735 0.543265 1
0.0544195 0.945581 1
0.0457313 0.954269 1
0.553069 0.446931 1
0.0402727 0.959727 1
0.461871 0.538129 1
0.00934105 0.990659 1
0.203711 0.796289 1
0.367712 0.632288 1
0.0379275 0.962073 1
0.569071 0.430929 1
0.473612 0.526388 1
0.112147 0.887853 1
0.0150514 0.984949 1
0.0119128 0.988087 1
0.118464 0.881536 1
0.0330118 0.966988 1
0.115079 0.884921 1
0.027364 0.972636 1
0.0167252 0.983275 1
0.143133 0.856867 1
0.00623833 0.993762 1
0.00758465 0.992415 1
0.325529 0.674471 1
0.486085 0.513915 1
0.0226232 0.977377 1
0.00860993 0.99139 1
0.00689026 0.99311 1
0.708097 0.291903 1
0.353583 0.646417 1
0.0226154 0.977385 1
0.0109169 0.989083 1
0.859957 0.140043 1
0.379267 0.620733 1
0.144657 0.855343 1
0.00533567 0.994664 1
0.0186655 0.981335 1
0.019718 0.980282 1
0.00706382 0.992936 1
0.791816 0.208184 1
0.00798576 0.992014 1
0.098484 0.901516 1
0.0155435 0.984456 1
0.929965 0.070035 1
0.0268694 0.973131 1
0.836429 0.163571 1
0.0506165 0.949383 1
0.115387 0.884613 1
0.0991696 0.90083 1
0.0292681 0.970732 1
0.110188 0.889812 1
0.0148344 0.985166 1
0.0205223 0.979478 1
0.46364 0.53636 1
0.0427305 0.957269 1
0.0144518 0.985548 1
0.114372 0.885628 1
0.52023 0.47977 1
0.0375324 0.962468 1
0.0776524 0.922348 1
0.109496 0.890504 1
0.0316407 0.968359 1
0.0599252 0.940075 1
0.00831888 0.991681 1
0.0131769 0.986823 1
0.00761276 0.992387 1
0.00633582 0.993664 1
0.0289799 0.97102 1
0.167216 0.832784 1
0.0713001 0.9287 1
0.500702 0.499298 1
0.0862701 0.91373 1
0.0113528 0.988647 1
0.174612 0.825388 1
0.0807914 0.919209 1
0.994275 0.00572479 1
0.0104936 0.989506 1
0.0216708 0.978329 1
0.169978 0.830023 1
0.0421531 0.957847 1
0.0122862 0.987714 1
0.00897578 0.991024 1
0.0214736 0.978526 1
0.00931005 0.99069 1
0.914246 0.0857539 1
0.426305 0.573695 1
0.0178569 0.982143 1
0.616162 0.383838 1
0.857511 0.142489 1
0.930674 0.0693262 1
0.0181252 0.981875 1
0.0165223 0.983478 1
0.0154827 0.984517 1
0.0201689 0.979831 1
0.00702106 0.992979 1
0.01199 0.98801 1
0.0125946 0.987405 1
0.0106944 0.989306 1
0.865402 0.134598 1
0.01593 0.98407 1
0.020933 0.979067 1
0.00903623 0.990964 1
0.0228736 0.977126 1
0.575332 0.424668 1
0.0110164 0.988984 1
0.00987497 0.990125 1
0.0293533 0.970647 1
0.00934818 0.990652 1
0.684916 0.315084 1
0.0114712 0.988529 1
0.015583 0.984417 1
0.438072 0.561928 1
0.0115982 0.988402 1
0.395802 0.604198 1
0.010842 0.989158 1
0.0368411 0.963159 1
0.0118403 0.98816 1
0.629933 0.370067 1
0.0126975 0.987302 1
0.0126174 0.987383 1
0.0129683 0.987032 1
0.0157014 0.984299 1
0.293629 0.706371 1
0.0209012 0.979099 1
0.186712 0.813288 1
0.223466 0.776534 1
0.0163415 0.983658 1
0.266756 0.733244 1
0.0389328 0.961067 1
0.0150025 0.984998 1
0.0631977 0.936802 1
0.0955443 0.904456 1
0.063643 0.936357 1
0.0159565 0.984044 1
0.579648 0.420352 1
0.0124078 0.987592 1
0.0762604 0.92374 1
0.020709 0.979291 1
0.11358 0.88642 1
0.0209455 0.979054 1
0.0541048 0.945895 1
0.138341 0.861659 1
0.0349978 0.965002 1
0.0177543 0.982246 1
0.0102715 0.989728 1
0.025336 0.974664 1
0.00889591 0.991104 1
0.0116864 0.988314 1
0.0300951 0.969905 1
0.715917 0.284083 1
0.0152394 0.984761 1
0.0810424 0.918958 1
0.0123081 0.987692 1
0.0575222 0.942478 1
0.0069877 0.993012 1
0.0517497 0.94825 1
0.0757865 0.924213 1
0.0294215 0.970578 1
0.116521 0.883479 1
0.187907 0.812093 1
0.421631 0.578369 1
0.0731083 0.926892 1
0.0141614 0.985839 1
0.200209 0.799791 1
0.0420262 0.957974 1
0.0106724 0.989328 1
0.117819 0.882181 1
0.389996 0.610004 1
0.0140393 0.985961 1
0.739551 0.260449 1
0.836351 0.163649 1
0.0180803 0.98192 1
0.176153 0.823847 1
0.923664 0.0763361 1
0.00691161 0.993088 1
0.0100246 0.989975 1
0.913112 0.0868883 1
0.148709 0.851291 1
0.823243 0.176757 1
0.0157192 0.984281 1
0.0216661 0.978334 1
0.0120679 0.987932 1
0.00924526 0.990755 1
0.0300707 0.969929 1
0.633412 0.366588 1
0.0583077 0.941692 1
0.08659 0.91341 1
0.749637 0.250363 1
0.0174607 0.982539 1
0.820818 0.179182 1
0.0180016 0.981998 1
0.104928 0.895072 1
0.30479 0.69521 1
0.530122 0.469878 1
0.814834 0.185166 1
0.0105419 0.989458 1
0.318226 0.681774 1
0.00679966 0.9932 1
0.0332114 0.966789 1
0.00739059 0.992609 1
0.0177639 0.982236 1
0.0266294 0.973371 1
0.067832 0.932168 1
0.676745 0.323255 1
0.0613308 0.938669 1
0.00929713 0.990703 1
0.00788814 0.992112 1
0.196496 0.803504 1
0.00690334 0.993097 1
0.00491492 0.995085 1
0.067521 0.932479 1
0.495617 0.504383 1
0.0110896 0.98891 1
0.083373 0.916627 1
0.531128 0.468872 1
0.0354262 0.964574 1
0.734788 0.265212 1
0.0471452 0.952855 1
0.00716067 0.992839 1
0.0171264 0.982874 1
0.00692666 0.993073 1
0.0199881 0.980012 1
0.0274477 0.972552 1
0.106231 0.893769 1
0.623923 0.376077 1
0.0652252 0.934775 1
0.0589282 0.941072 1
0.595629 0.404371 1
0.870938 0.129062 1
0.29843 0.70157 1
0.226658 0.773342 1
0.718734 0.281266 1
0.0149677 0.985032 1
0.00713364 0.992866 1
0.0314137 0.968586 1
0.0169913 0.983009 1
0.0115233 0.988477 1
0.0268203 0.97318 1
0.0507659 0.949234 1
0.0143853 0.985615 1
0.0258987 0.974101 1
0.00834614 0.991654 1
0.267733 0.732267 1
0.0184572 0.981543 1
0.0118919 0.988108 1
0.104106 0.895894 1
0.557796 0.442204 1
0.00695339 0.993047 1
0.0641577 0.935842 1
0.00957231 0.990428 1
0.0182426 0.981757 1
0.197156 0.802844 1
0.334402 0.665598 1
0.387619 0.612381 1
0.00876754 0.991232 1
0.0187494 0.981251 1
0.826187 0.173813 1
0.00896734 0.991033 1
0.0204366 0.979563 1
0.701043 0.298957 1
0.11416 0.88584 1
0.363382 0.636618 1
0.0370011 0.962999 1
0.384623 0.615376 1
0.0218927 0.978107 1
0.0111485 0.988851 1
0.0166322 0.983368 1
0.962442 0.0375584 1
0.0111333 0.988867 1
0.0119011 0.988099 1
0.213403 0.786597 1
0.013271 0.986729 1
0.0221544 0.977846 1
0.965158 0.0348417 1
0.113688 0.886312 1
0.016778 0.983222 1
0.0242379 0.975762 1
0.0431511 0.956849 1
0.0146474 0.985353 1
0.0772977 0.922702 1
0.713046 0.286954 1
0.0144144 0.985586 1
0.212887 0.787113 1
0.0267476 0.973252 1
0.240298 0.759702 1
0.00459344 0.995407 1
0.0320211 0.967979 1
0.0103958 0.989604 1
0.185164 0.814836 1
0.0209698 0.97903 1
0.0719123 0.928088 1
0.514284 0.485716 1
0.00994895 0.990051 1
0.00781586 0.992184 1
0.0194274 0.980573 1
0.741585 0.258415 1
0.01057 0.98943 1
0.0553913 0.944609 1
0.00887246 0.991128 1
0.685354 0.314646 1
0.0127252 0.987275 1
0.0793832 0.920617 1
0.0055928 0.994407 1
0.0121555 0.987844 1
0.0623441 0.937656 1
0.00538987 0.99461 1
0.00798812 0.992012 1
0.0147026 0.985297 1
0.173934 0.826066 1
0.385697 0.614303 1
0.00574928 0.994251 1
0.0164987 0.983501 1
0.0818159 0.918184 1
0.673573 0.326427 1
0.116826 0.883174 1
0.171343 0.828657 1
0.0113705 0.98863 1
0.129137 0.870863 1
0.0145321 0.985468 1
0.00948233 0.990518 1
0.0144697 0.98553 1
0.0230151 0.976985 1
0.132572 0.867428 1
0.142684 0.857316 1
0.00872517 0.991275 1
0.0096882 0.990312 1
0.0512085 0.948792 1
0.224459 0.775541 1
0.0287531 0.971247 1
0.57415 0.42585 1
0.0155007 0.984499 1
0.0191466 0.980853 1
0.00567309 0.994327 1
0.00945076 0.990549 1
0.00583457 0.994165 1
0.448661 0.551339 1
0.0185565 0.981443 1
0.0163068 0.983693 1
0.871573 0.128427 1
0.474807 0.525193 1
0.0126402 0.98736 1
0.0167151 0.983285 1
0.365403 0.634597 1
0.0340414 0.965959 1
0.0153567 0.984643 1
0.0336657 0.966334 1
0.38775 0.612251 1
0.00525263 0.994747 1
0.231348 0.768652 1
0.0426826 0.957317 1
0.0124822 0.987518 1
0.628437 0.371563 1
0.140226 0.859774 1
0.0244094 0.975591 1
0.0165174 0.983483 1
0.0377782 0.962222 1
0.0360817 0.963918 1
0.118578 0.881422 1
0.586124 0.413876 1
0.0184836 0.981516 1
0.0115244 0.988476 1
0.103267 0.896733 1
0.12676 0.87324 1
0.0235384 0.976462 1
0.0103457 0.989654 1
0.029663 0.970337 1
0.01902 0.98098 1
0.319371 0.680629 1
0.0859812 0.914019 1
0.0198759 0.980124 1
0.00848969 0.99151 1
0.0335774 0.966423 1
0.0637801 0.93622 1
0.0559403 0.94406 1
0.00898285 0.991017 1
0.0136078 0.986392 1
0.0389568 0.961043 1
0.447557 0.552443 1
0.0122427 0.987757 1
0.0770397 0.92296 1
0.0946247 0.905375 1
0.0140741 0.985926 1
0.0449913 0.955009 1
0.0106006 0.989399 1
0.790444 0.209556 1
0.022108 0.977892 1
0.980057 0.0199426 1
0.369141 0.630859 1
0.0525193 0.947481 1
0.0214067 0.978593 1
0.201523 0.798477 1
0.0142964 0.985704 1
0.0132959 0.986704 1
0.0432308 0.956769 1
0.0137127 0.986287 1
0.00850681 0.991493 1
0.0158322 0.984168 1
0.0111545 0.988846 1
0.271728 0.728272 1
0.0170176 0.982982 1
0.0131371 0.986863 1
0.0381513 0.961849 1
0.549197 0.450803 1
0.0762011 0.923799 1
0.00800805 0.991992 1
0.0113069 0.988693 1
0.00555868 0.994441 1
0.0275118 0.972488 1
0.0211326 0.978867 1
0.4797 0.5203 1
0.0375139 0.962486 1
0.00756509 0.992435 1
0.959353 0.0406467 1
0.0063335 0.993666 1
0.0062426 0.993757 1
0.553276 0.446724 1
0.0110249 0.988975 1
0.361937 0.638063 1
0.396708 0.603292 1
0.337193 0.662807 1
0.277994 0.722006 1
0.00660248 0.993397 1
0.0423532 0.957647 1
0.478856 0.521144 1
0.02444 0.97556 1
0.267956 0.732044 1
0.0177292 0.982271 1
0.0196786 0.980321 1
0.0107597 0.98924 1
0.0207528 0.979247 1
0.0144469 0.985553 1
0.00573836 0.994262 1
0.00700818 0.992992 1
0.948777 0.0512228 1
0.0151679 0.984832 1
0.0147052 0.985295 1
0.747051 0.252949 1
0.260666 0.739334 1
0.321445 0.678555 1
0.0152856 0.984714 1
0.0441356 0.955864 1
0.0116495 0.988351 1
0.0539294 0.946071 1
0.478294 0.521706 1
0.0171427 0.982857 1
0.00909138 0.990909 1
0.0178054 0.982194 1
0.285935 0.714065 1
0.0149008 0.985099 1
0.0489826 0.951017 1
0.0121549 0.987845 1
0.0177612 0.982239 1
0.0078919 0.992108 1
0.0121471 0.987853 1
0.186443 0.813557 1
0.0849165 0.915083 1
0.154551 0.845449 1
0.00467998 0.99532 1
0.101404 0.898596 1
0.239065 0.760935 1
0.0150704 0.98493 1
0.0415184 0.958482 1
0.013713 0.986287 1
0.0147953 0.985205 1
0.0108176 0.989182 1
0.383243 0.616757 1
0.0161375 0.983863 1
0.00872516 0.991275 1
0.0148505 0.98515 1
0.048734 0.951266 1
0.0154522 0.984548 1
0.100075 0.899925 1
0.0165357 0.983464 1
0.00620163 0.993798 1
0.0279314 0.972069 1
0.0258616 0.974138 1
0.00702292 0.992977 1
0.00898194 0.991018 1
0.0242473 0.975753 1
0.856238 0.143762 1
0.00655249 0.993447 1
0.0669594 0.933041 1
0.00581427 0.994186 1
0.0450456 0.954954 1
0.364249 0.635751 1
0.103985 0.896015 1
0.0142111 0.985789 1
0.00939096 0.990609 1
0.00791536 0.992085 1
0.0969222 0.903078 1
0.0155431 0.984457 1
0.0160994 0.983901 1
0.0481223 0.951878 1
0.0323601 0.96764 1
0.957688 0.0423121 1
0.010579 0.989421 1
0.0157637 0.984236 1
0.733827 0.266173 1
0.863293 0.136707 1
0.405057 0.594943 1
0.0100608 0.989939 1
0.00909092 0.990909 1
0.095412 0.904588 1
0.0131187 0.986881 1
0.673955 0.326045 1
0.0189532 0.981047 1
0.0351107 0.964889 1
0.00997867 0.990021 1
0.0259264 0.974074 1
0.0171369 0.982863 1
0.02325 0.97675 1
0.0106144 0.989386 1
0.0123403 0.98766 1
0.0131911 0.986809 1
0.517352 0.482648 1
0.048093 0.951907 1
0.0133122 0.986688 1
0.425324 0.574676 1
0.176168 0.823833 1
0.0822298 0.91777 1
0.0123944 0.987606 1
0.0109928 0.989007 1
0.0269943 0.973006 1
0.329405 0.670595 1
0.156067 0.843933 1
0.173806 0.826194 1
0.0198642 0.980136 1
0.0293671 0.970633 1
0.027751 0.972249 1
0.00723474 0.992765 1
0.0635309 0.936469 1
0.0416078 0.958392 1
0.373241 0.626759 1
0.421284 0.578716 1
0.435352 0.564648 1
0.0207092 0.979291 1
0.0180758 0.981924 1
0.500032 0.499968 1
0.866207 0.133793 1
0.006028 0.993972 1
0.542316 0.457684 1
0.0153525 0.984648 1
0.0155219 0.984478 1
0.00947302 0.990527 1
0.0130298 0.98697 1
0.0323765 0.967623 1
0.113071 0.886929 1
0.00782731 0.992173 1
0.0124484 0.987552 1
0.524635 0.475365 1
0.103482 0.896518 1
0.0368747 0.963125 1
0.0131925 0.986808 1
0.0309836 0.969016 1
0.0092564 0.990744 1
0.00816338 0.991837 1
0.498797 0.501203 1
0.00635255 0.993647 1
0.0130269 0.986973 1
0.977922 0.022078 1
0.0834024 0.916598 1
0.018427 0.981573 1
0.22107 0.77893 1
0.00814613 0.991854 1
0.0126474 0.987353 1
0.0303084 0.969692 1
0.0232902 0.97671 1
0.244053 0.755947 1
0.015783 0.984217 1
0.492664 0.507336 1
0.942468 0.0575318 1
0.00713136 0.992869 1
0.00967207 0.990328 1
0.980856 0.019144 1
0.373152 0.626848 1
0.0135426 0.986457 1
0.863638 0.136362 1
0.0170481 0.982952 1
0.160397 0.839603 1
0.125862 0.874138 1
0.651164 0.348835 1
0.0166834 0.983317 1
0.0332764 0.966724 1
0.042351 0.957649 1
0.00885221 0.991148 1
0.863423 0.136577 1
0.0174926 0.982507 1
0.00992583 0.990074 1
0.0191069 0.980893 1
0.0392735 0.960726 1
0.0144859 0.985514 1
0.98369 0.0163099 1
0.0455032 0.954497 1
0.00895147 0.991048 1
0.0126055 0.987394 1
0.0100536 0.989946 1
0.0160927 0.983907 1
0.0196092 0.980391 1
0.00523611 0.994764 1
0.0502584 0.949741 1
0.0103871 0.989613 1
0.106652 0.893348 1
0.0167352 0.983265 1
0.0226211 0.977379 1
0.122577 0.877423 1
0.0114704 0.98853 1
0.00814667 0.991853 1
0.722679 0.277321 1
0.0564605 0.943539 1
0.00587329 0.994127 1
0.02223 0.97777 1
0.895603 0.104397 1
0.120022 0.879978 1
0.921248 0.0787522 1
0.0319681 0.968032 1
0.260536 0.739464 1
0.923303 0.0766966 1
0.115496 0.884504 1
0.701005 0.298995 1
0.289618 0.710382 1
0.00647594 0.993524 1
0.0837867 0.916213 1
0.506822 0.493178 1
0.00699914 0.993001 1
0.737091 0.262909 1
0.222986 0.777014 1
0.00846872 0.991531 1
0.331653 0.668347 1
0.0394638 0.960536 1
0.00672807 0.993272 1
0.0100642 0.989936 1
0.289915 0.710085 1
0.0858292 0.914171 1
0.0386744 0.961326 1
0.0246453 0.975355 1
0.00796894 0.992031 1
0.0121805 0.987819 1
0.0190173 0.980983 1
0.120957 0.879043 1
0.0191574 0.980843 1
0.316422 0.683578 1
0.995139 0.00486078 1
0.139744 0.860256 1
0.0736569 0.926343 1
0.588325 0.411675 1
0.0951168 0.904883 1
0.0519553 0.948045 1
0.0252047 0.974795 1
0.0883811 0.911619 1
0.033395 0.966605 1
0.0273306 0.972669 1
0.233946 0.766054 1
0.00715498 0.992845 1
0.0117552 0.988245 1
0.133972 0.866028 1
0.00766727 0.992333 1
0.0649791 0.935021 1
0.0147997 0.9852 1
0.567122 0.432878 1
0.0140209 0.985979 1
0.0776935 0.922306 1
0.734703 0.265297 1
0.988053 0.0119467 1
0.0162724 0.983728 1
0.0123544 0.987646 1
0.298054 0.701946 1
0.0172395 0.982761 1
0.00903695 0.990963 1
0.0246548 0.975345 1
0.671468 0.328532 1
0.534034 0.465966 1
0.00977025 0.99023 1
0.0160823 0.983918 1
0.0251246 0.974875 1
0.0101571 0.989843 1
0.0152581 0.984742 1
0.00543625 0.994564 1
0.0420021 0.957998 1
0.128665 0.871335 1
0.057122 0.942878 1
0.0140662 0.985934 1
0.0636139 0.936386 1
0.702603 0.297397 1
0.0569064 0.943094 1
0.0469902 0.95301 1
0.0108841 0.989116 1
0.00684595 0.993154 1
0.00730796 0.992692 1
0.00681476 0.993185 1
0.0172162 0.982784 1
0.0347021 0.965298 1
0.00701316 0.992987 1
0.0147532 0.985247 1
0.00976565 0.990234 1
0.00589396 0.994106 1
0.012617 0.987383 1
0.0156041 0.984396 1
0.0290499 0.97095 1
0.0162645 0.983735 1
0.0793337 0.920666 1
0.527327 0.472673 1
0.161037 0.838963 1
0.0203723 0.979628 1
0.0359069 0.964093 1
0.0433193 0.956681 1
0.0110381 0.988962 1
0.019419 0.980581 1
0.28433 0.71567 1
0.0426082 0.957392 1
0.0119562 0.988044 1
0.0116635 0.988337 1
0.333022 0.666978 1
0.198349 0.801651 1
0.00890377 0.991096 1
0.00669241 0.993308 1
0.0308545 0.969145 1
0.0326029 0.967397 1
0.0449092 0.955091 1
0.120826 0.879174 1
0.00596026 0.99404 1
0.491027 0.508973 1
0.164808 0.835192 1
0.112007 0.887993 1
0.83978 0.16022 1
0.0348802 0.96512 1
0.0202366 0.979763 1
0.0100545 0.989945 1
0.0793494 0.920651 1
0.00923529 0.990765 1
0.00936589 0.990634 1
0.00744372 0.992556 1
0.0344385 0.965562 1
0.317648 0.682352 1
0.0448492 0.955151 1
0.0133157 0.986684 1
0.0213527 0.978647 1
0.0214193 0.978581 1
0.26845 0.73155 1
0.915548 0.0844516 1
0.241086 0.758914 1
0.217416 0.782585 1
0.0253272 0.974673 1
0.0188354 0.981165 1
0.784929 0.215071 1
0.0506501 0.94935 1
0.624641 0.375359 1
0.0161749 0.983825 1
0.685659 0.314341 1
0.144352 0.855648 1
0.0353811 0.964619 1
0.0129342 0.987066 1
0.0067121 0.993288 1
0.0157232 0.984277 1
0.00924951 0.99075 1
0.0055788 0.994421 1
0.00730687 0.992693 1
0.00930955 0.99069 1
0.00643394 0.993566 1
0.00723896 0.992761 1
0.0399595 0.96004 1
0.0111118 0.988888 1
0.016652 0.983348 1
0.0109361 0.989064 1
0.696167 0.303833 1
0.00625678 0.993743 1
0.0168236 0.983176 1
0.584058 0.415942 1
0.0209124 0.979088 1
0.0386504 0.961349 1
0.0180338 0.981966 1
0.762306 0.237694 1
0.0205564 0.979444 1
0.0124919 0.987508 1
0.948704 0.0512965 1
0.0838031 0.916197 1
0.0189304 0.98107 1
0.435691 0.564309 1
0.0607434 0.939257 1
0.289885 0.710115 1
0.134053 0.865947 1
0.0273381 0.972662 1
0.0127801 0.98722 1
0.0212761 0.978724 1
0.037577 0.962423 1
0.0164503 0.98355 1
0.258575 0.741425 1
0.607412 0.392588 1
0.0347536 0.965246 1
0.0725408 0.927459 1
0.0444464 0.955554 1
0.0306489 0.969351 1
0.0198382 0.980162 1
0.0564473 0.943553 1
0.869794 0.130206 1
0.752081 0.247919 1
0.0177939 0.982206 1
0.055018 0.944982 1
0.0204262 0.979574 1
0.194973 0.805027 1
0.0162673 0.983733 1
0.00786209 0.992138 1
0.0384916 0.961508 1
0.0302012 0.969799 1
0.0118652 0.988135 1
0.470437 0.529563 1
0.0113611 0.988639 1
0.0150153 0.984985 1
0.0646863 0.935314 1
0.109354 0.890646 1
0.0115291 0.988471 1
0.98579 0.0142098 1
0.0169036 0.983096 1
0.0105551 0.989445 1
0.801925 0.198075 1
0.0090582 0.990942 1
0.0186208 0.981379 1
