0.983616 0.0163835 0
0.998619 0.00138093 0
0.952414 0.0475863 0
0.996768 0.00323164 0
0.67215 0.32785 0
0.99085 0.00915043 0
0.758099 0.241901 0
0.983069 0.0169311 0
0.933105 0.0668953 0
0.700061 0.299939 0
0.972966 0.0270343 0
0.961686 0.0383135 0
0.968327 0.0316735 0
0.749816 0.250184 0
0.939185 0.0608149 0
0.648727 0.351273 0
0.0943983 0.905602 0
0.991718 0.00828225 0
0.158428 0.841572 0
0.985943 0.0140569 0
0.995338 0.00466194 0
0.993115 0.00688482 0
0.996728 0.00327213 0
0.887986 0.112014 0
0.98784 0.0121596 0
0.98812 0.0118802 0
0.997086 0.00291454 0
0.934687 0.0653128 0
0.981592 0.0184082 0
0.984315 0.0156851 0
0.991248 0.00875233 0
0.394824 0.605177 0
0.97434 0.0256596 0
0.984971 0.0150288 0
0.681818 0.318182 0
0.994425 0.00557453 0
0.548952 0.451048 0
0.863428 0.136572 0
0.994891 0.00510927 0
0.995419 0.00458147 0
0.959563 0.0404374 0
0.652079 0.347921 0
0.960253 0.0397472 0
0.633157 0.366843 0
0.987189 0.0128107 0
0.999155 0.000844818 0
0.971108 0.028892 0
0.959078 0.0409219 0
0.998532 0.00146785 0
0.59905 0.40095 0
0.898167 0.101833 0
0.977031 0.0229686 0
0.958584 0.0414156 0
0.997343 0.00265737 0
0.681015 0.318985 0
0.994227 0.00577256 0
0.999 0.000999779 0
0.781303 0.218697 0
0.984959 0.0150413 0
0.122662 0.877338 0
0.462356 0.537644 0
0.94759 0.0524103 0
0.401063 0.598937 0
0.985966 0.0140341 0
0.709161 0.290839 0
0.995736 0.00426379 0
0.674819 0.325181 0
0.998673 0.00132708 0
0.94542 0.0545802 0
0.985216 0.0147845 0
0.996973 0.00302673 0
0.965614 0.0343857 0
0.986083 0.0139171 0
0.987811 0.0121889 0
0.359815 0.640185 0
0.944055 0.0559447 0
0.997555 0.00244512 0
0.993195 0.00680536 0
0.998452 0.00154796 0
0.985742 0.0142579 0
0.977534 0.0224664 0
0.986207 0.0137934 0
0.997392 0.00260795 0
0.942666 0.0573338 0
0.730276 0.269724 0
0.998221 0.00177903 0
0.813222 0.186778 0
0.999134 0.000866049 0
0.968593 0.0314066 0
0.973632 0.0263683 0
0.901619 0.098381 0
0.998634 0.00136571 0
0.99556 0.00444022 0
0.975137 0.0248632 0
0.981133 0.0188673 0
0.936207 0.0637925 0
0.998966 0.00103423 0
0.765493 0.234507 0
0.977807 0.0221934 0
0.997031 0.00296913 0
0.0983248 0.901675 0
0.989473 0.010527 0
0.997302 0.00269816 0
0.993395 0.00660491 0
0.996007 0.00399352 0
0.803477 0.196523 0
0.59211 0.40789 0
0.960932 0.0390675 0
0.946905 0.0530954 0
0.992432 0.00756849 0
0.888397 0.111603 0
0.996705 0.00329542 0
0.329723 0.670277 0
0.997726 0.00227441 0
0.993326 0.00667427 0
0.993247 0.00675343 0
0.188537 0.811463 0
0.192203 0.807797 0
0.745378 0.254622 0
0.0578304 0.94217 0
0.949437 0.0505633 0
0.444621 0.555379 0
0.978599 0.0214009 0
0.993457 0.00654283 0
0.990244 0.00975639 0
0.987909 0.0120912 0
0.931931 0.0680692 0
0.995652 0.00434779 0
0.711216 0.288784 0
0.997859 0.00214102 0
0.00841638 0.991584 0
0.751423 0.248577 0
0.995289 0.00471056 0
0.993474 0.0065262 0
0.998768 0.00123201 0
0.999308 0.000691897 0
0.936592 0.0634083 0
0.99707 0.00293008 0
0.997024 0.00297593 0
0.977455 0.0225452 0
0.991386 0.00861369 0
0.532631 0.467369 0
0.975758 0.0242418 0
0.979552 0.0204478 0
0.988359 0.011641 0
0.985797 0.0142034 0
0.997484 0.00251611 0
0.979441 0.0205586 0
0.989063 0.0109369 0
0.338008 0.661992 0
0.985278 0.014722 0
0.960605 0.0393946 0
0.998637 0.00136309 0
0.944621 0.0553786 0
0.347269 0.652731 0
0.741527 0.258473 0
0.805465 0.194535 0
0.609776 0.390224 0
0.503212 0.496788 0
0.993956 0.00604393 0
0.940392 0.0596078 0
0.941663 0.0583366 0
0.999704 0.000296171 0
0.985617 0.0143827 0
0.476794 0.523206 0
0.994645 0.00535458 0
0.652639 0.347361 0
0.992256 0.00774388 0
0.997464 0.0025356 0
0.992278 0.00772181 0
0.999328 0.000672536 0
0.658888 0.341112 0
0.0588292 0.941171 0
0.918121 0.0818787 0
0.987577 0.0124234 0
0.792799 0.207201 0
0.234509 0.765491 0
0.995687 0.00431318 0
0.993281 0.006719 0
0.981172 0.0188279 0
0.98313 0.0168703 0
0.996656 0.00334426 0
0.99655 0.00344996 0
0.741166 0.258834 0
0.730277 0.269722 0
0.534399 0.465601 0
0.999002 0.000997913 0
0.0815693 0.918431 0
0.937718 0.0622822 0
0.975732 0.0242683 0
0.998278 0.00172189 0
0.991052 0.00894814 0
0.958387 0.0416128 0
0.969326 0.0306745 0
0.997678 0.00232195 0
0.999198 0.000802438 0
0.991481 0.00851928 0
0.85446 0.14554 0
0.994083 0.00591743 0
0.919369 0.0806306 0
0.929086 0.0709136 0
0.998058 0.00194208 0
0.960057 0.0399426 0
0.997951 0.00204931 0
0.575912 0.424088 0
0.997228 0.00277184 0
0.996601 0.00339952 0
0.993307 0.00669296 0
0.976929 0.0230712 0
0.895936 0.104064 0
0.691612 0.308388 0
0.0760629 0.923937 0
0.99594 0.00405966 0
0.976977 0.0230231 0
0.896505 0.103495 0
0.990948 0.00905223 0
0.0377074 0.962293 0
0.984994 0.0150062 0
0.970981 0.0290193 0
0.901882 0.0981178 0
0.999174 0.000825563 0
0.997179 0.00282141 0
0.998791 0.00120877 0
0.814642 0.185358 0
0.942867 0.0571328 0
0.976461 0.0235389 0
0.199961 0.800039 0
0.984855 0.0151449 0
0.843512 0.156488 0
0.983987 0.0160129 0
0.703332 0.296668 0
0.946695 0.0533052 0
0.940018 0.0599816 0
0.998992 0.00100766 0
0.992238 0.00776224 0
0.998581 0.00141929 0
0.997155 0.00284537 0
0.871094 0.128906 0
0.999267 0.000732921 0
0.996899 0.00310087 0
0.376224 0.623776 0
0.86364 0.13636 0
0.922635 0.0773651 0
0.999189 0.0008114 0
0.921511 0.0784886 0
0.985402 0.0145983 0
0.970969 0.0290312 0
0.982009 0.0179907 0
0.873329 0.126671 0
0.960168 0.0398323 0
0.864976 0.135024 0
0.997962 0.00203794 0
0.897223 0.102777 0
0.982944 0.0170558 0
0.153706 0.846294 0
0.72114 0.27886 0
0.992474 0.00752558 0
0.331422 0.668578 0
0.111888 0.888112 0
0.960036 0.0399642 0
0.921904 0.0780964 0
0.125188 0.874812 0
0.999132 0.000867901 0
0.984185 0.0158153 0
0.994571 0.00542912 0
0.969514 0.0304857 0
0.878815 0.121185 0
0.99739 0.00261012 0
0.923734 0.0762661 0
0.997901 0.00209862 0
0.952936 0.0470643 0
0.764341 0.235659 0
0.994523 0.00547747 0
0.980896 0.0191044 0
0.993282 0.00671771 0
0.995998 0.00400219 0
0.994829 0.0051705 0
0.998411 0.00158924 0
0.990942 0.00905764 0
0.271925 0.728075 0
0.968081 0.0319189 0
0.931759 0.0682415 0
0.992957 0.00704319 0
0.999265 0.000734644 0
0.779214 0.220786 0
0.9788 0.0211995 0
0.997143 0.0028574 0
0.998079 0.00192085 0
0.998021 0.00197944 0
0.93943 0.0605699 0
0.493071 0.506929 0
0.997614 0.00238595 0
0.561166 0.438834 0
0.803512 0.196488 0
0.979415 0.0205852 0
0.997817 0.00218329 0
0.995272 0.00472845 0
0.892703 0.107297 0
0.993361 0.00663942 0
0.998845 0.00115534 0
0.643705 0.356295 0
0.754487 0.245513 0
0.996768 0.00323155 0
0.997 0.00300027 0
0.906496 0.0935041 0
0.982671 0.0173291 0
0.305747 0.694253 0
0.995724 0.00427579 0
0.999044 0.000956277 0
0.996294 0.00370579 0
0.993338 0.00666173 0
0.864967 0.135033 0
0.995727 0.00427332 0
0.934399 0.0656012 0
0.982843 0.0171572 0
0.992542 0.00745759 0
0.877369 0.122631 0
0.743408 0.256592 0
0.979237 0.0207632 0
0.98643 0.0135698 0
0.98287 0.0171303 0
0.610918 0.389082 0
0.979175 0.0208245 0
0.995446 0.00455435 0
0.284908 0.715092 0
0.99202 0.0079799 0
0.948963 0.0510367 0
0.959078 0.0409224 0
0.991543 0.00845704 0
0.637976 0.362024 0
0.987076 0.0129238 0
0.964395 0.0356051 0
0.982403 0.0175975 0
0.987949 0.0120513 0
0.88364 0.11636 0
0.998748 0.00125158 0
0.979462 0.0205377 0
0.998547 0.00145298 0
0.8859 0.114099 0
0.192433 0.807567 0
0.985218 0.0147818 0
0.961711 0.0382894 0
0.999548 0.000452217 0
0.998584 0.00141616 0
0.970869 0.0291314 0
0.992204 0.00779574 0
0.997729 0.00227085 0
0.897793 0.102207 0
0.971542 0.0284583 0
0.974645 0.0253546 0
0.782721 0.217279 0
0.331805 0.668195 0
0.99881 0.00118988 0
0.998617 0.00138258 0
0.993688 0.00631172 0
0.86486 0.135139 0
0.999255 0.000744874 0
0.996703 0.00329735 0
0.994751 0.00524887 0
0.918723 0.081277 0
0.929072 0.0709283 0
0.998079 0.00192062 0
0.588474 0.411526 0
0.997032 0.00296758 0
0.996102 0.0038975 0
0.83913 0.16087 0
0.995201 0.00479893 0
0.999304 0.000695591 0
0.901969 0.0980308 0
0.970719 0.0292814 0
0.985307 0.0146931 0
0.991564 0.00843585 0
0.994618 0.00538233 0
0.121325 0.878675 0
0.930522 0.0694776 0
0.997296 0.00270369 0
0.997483 0.00251724 0
0.999525 0.000474725 0
0.924259 0.0757413 0
0.972577 0.0274229 0
0.992963 0.00703705 0
0.988248 0.0117517 0
0.959359 0.0406409 0
0.959501 0.0404991 0
0.998263 0.0017374 0
0.925854 0.0741463 0
0.981261 0.0187394 0
0.99623 0.00377027 0
0.0205689 0.979431 0
0.993328 0.00667202 0
0.192101 0.807899 0
0.960478 0.0395224 0
0.985791 0.0142091 0
0.996801 0.0031987 0
0.998033 0.00196702 0
0.992694 0.00730587 0
0.998448 0.00155208 0
0.997917 0.0020835 0
0.999122 0.000877854 0
0.587236 0.412764 0
0.948337 0.051663 0
0.854975 0.145025 0
0.998443 0.00155727 0
0.990644 0.00935623 0
0.992462 0.00753844 0
0.922772 0.0772284 0
0.989506 0.0104937 0
0.993505 0.00649526 0
0.658127 0.341873 0
0.994073 0.00592715 0
0.990828 0.00917169 0
0.915323 0.0846774 0
0.995674 0.004326 0
0.937717 0.0622829 0
0.632679 0.367321 0
0.101131 0.898869 0
0.978435 0.0215648 0
0.860244 0.139756 0
0.996807 0.00319287 0
0.977521 0.0224793 0
0.993679 0.00632146 0
0.982405 0.017595 0
0.929083 0.0709171 0
0.949526 0.050474 0
0.769105 0.230895 0
0.85057 0.14943 0
0.653707 0.346293 0
0.989195 0.0108053 0
0.829252 0.170748 0
0.81987 0.18013 0
0.126346 0.873654 0
0.971481 0.0285194 0
0.0137212 0.986279 0
0.64988 0.35012 0
0.994527 0.00547307 0
0.992927 0.00707281 0
0.987516 0.0124841 0
0.990416 0.00958446 0
0.968989 0.0310111 0
0.978569 0.0214308 0
0.995155 0.00484522 0
0.956974 0.0430261 0
0.930401 0.0695988 0
0.996318 0.00368221 0
0.576812 0.423188 0
0.924954 0.0750458 0
0.989929 0.0100709 0
0.990561 0.00943941 0
0.99809 0.00191033 0
0.994005 0.00599524 0
0.99458 0.00541949 0
0.997614 0.00238566 0
0.431479 0.568521 0
0.979934 0.0200664 0
0.998764 0.00123648 0
0.997232 0.00276849 0
0.975315 0.0246848 0
0.997477 0.00252343 0
0.991479 0.00852139 0
0.992866 0.00713375 0
0.924747 0.0752528 0
0.994643 0.00535725 0
0.984552 0.0154479 0
0.180782 0.819218 0
0.996313 0.0036867 0
0.921861 0.0781386 0
0.271482 0.728517 0
0.994116 0.00588356 0
0.943424 0.0565763 0
0.969471 0.0305287 0
0.304576 0.695424 0
0.682287 0.317713 0
0.984091 0.015909 0
0.991841 0.00815895 0
0.986681 0.0133186 0
0.973783 0.0262167 0
0.323976 0.676024 0
0.828271 0.171729 0
0.927155 0.0728446 0
0.995117 0.00488268 0
0.983399 0.0166012 0
0.0464099 0.95359 0
0.993751 0.00624876 0
0.948652 0.0513484 0
0.979532 0.0204685 0
0.344194 0.655806 0
0.941654 0.0583461 0
0.326327 0.673673 0
0.934069 0.0659307 0
0.997689 0.00231056 0
0.992764 0.00723642 0
0.989877 0.0101231 0
0.944232 0.0557682 0
0.991333 0.0086668 0
0.991364 0.00863644 0
0.514993 0.485007 0
0.990327 0.00967273 0
0.996683 0.00331745 0
0.981807 0.0181928 0
0.0858074 0.914193 0
0.974888 0.0251124 0
0.98577 0.0142303 0
0.988167 0.0118332 0
0.998646 0.00135408 0
0.9538 0.0462 0
0.988655 0.0113452 0
0.996176 0.0038235 0
0.997026 0.00297405 0
0.994405 0.00559491 0
0.995887 0.00411323 0
0.919556 0.0804443 0
0.956086 0.0439139 0
0.993378 0.0066223 0
0.975656 0.0243436 0
0.971916 0.0280837 0
0.999079 0.000920993 0
0.970282 0.0297177 0
0.265116 0.734884 0
0.999599 0.00040062 0
0.669775 0.330225 0
0.99541 0.00458961 0
0.604625 0.395375 0
0.987356 0.0126444 0
0.992744 0.00725581 0
0.400763 0.599237 0
0.988372 0.0116278 0
0.996229 0.00377121 0
0.999362 0.000637565 0
0.985708 0.0142918 0
0.827677 0.172323 0
0.998427 0.00157352 0
0.991072 0.00892755 0
0.908083 0.0919166 0
0.998447 0.00155282 0
0.965846 0.034154 0
0.872026 0.127974 0
0.991065 0.00893465 0
0.990306 0.00969392 0
0.997642 0.0023576 0
0.625007 0.374993 0
0.678192 0.321808 0
0.763496 0.236504 0
0.972388 0.027612 0
0.987288 0.0127125 0
0.977699 0.0223008 0
0.965153 0.0348474 0
0.986643 0.0133568 0
0.918964 0.0810355 0
0.816841 0.183159 0
0.603082 0.396918 0
0.996409 0.00359057 0
0.983773 0.0162273 0
0.0281725 0.971828 0
0.408373 0.591627 0
0.994466 0.00553404 0
0.995345 0.00465528 0
0.999035 0.000964616 0
0.87426 0.12574 0
0.939489 0.0605111 0
0.982097 0.0179029 0
0.995485 0.0045149 0
0.157106 0.842894 0
0.987452 0.0125482 0
0.988194 0.0118058 0
0.974424 0.0255757 0
0.977431 0.0225689 0
0.0652973 0.934703 0
0.969866 0.0301344 0
0.992473 0.00752753 0
0.985667 0.0143329 0
0.993737 0.00626342 0
0.966541 0.0334587 0
0.7 0.3 0
0.96243 0.0375703 0
0.996424 0.00357583 0
0.984848 0.0151523 0
0.956394 0.0436061 0
0.99332 0.00667977 0
0.971806 0.0281937 0
0.972518 0.0274824 0
0.87434 0.12566 0
0.994014 0.00598588 0
0.987227 0.0127733 0
0.99167 0.00833029 0
0.863511 0.136489 0
0.943098 0.0569021 0
0.996764 0.00323618 0
0.992314 0.0076863 0
0.99726 0.00273995 0
0.0510126 0.948987 0
0.429763 0.570237 0
0.902701 0.0972991 0
0.999749 0.000251469 0
0.998837 0.00116344 0
0.633376 0.366624 0
0.978747 0.0212527 0
0.993934 0.00606576 0
0.926812 0.0731881 0
0.974178 0.0258218 0
0.966799 0.0332012 0
0.999654 0.000345937 0
0.993196 0.0068044 0
0.107896 0.892104 0
0.0218923 0.978108 0
0.976774 0.0232263 0
0.95904 0.0409597 0
0.99924 0.000760015 0
0.99032 0.0096797 0
0.997409 0.00259131 0
0.987032 0.012968 0
0.995816 0.00418395 0
0.998208 0.00179243 0
0.773619 0.226381 0
0.377121 0.622879 0
0.668783 0.331217 0
0.627434 0.372566 0
0.675277 0.324723 0
0.984389 0.015611 0
0.96585 0.0341496 0
0.937331 0.0626687 0
0.967061 0.0329392 0
0.998473 0.00152746 0
0.715497 0.284503 0
0.514494 0.485506 0
0.0254578 0.974542 0
0.996684 0.00331611 0
0.540445 0.459555 0
0.996982 0.00301795 0
0.0657189 0.934281 0
0.998109 0.00189091 0
0.993955 0.00604496 0
0.447684 0.552316 0
0.998928 0.00107242 0
0.757995 0.242005 0
0.918458 0.0815418 0
0.857422 0.142578 0
0.993398 0.00660192 0
0.818282 0.181718 0
0.5962 0.4038 0
0.987216 0.0127836 0
0.996952 0.00304754 0
0.957118 0.0428824 0
0.960115 0.0398855 0
0.987744 0.0122557 0
0.991696 0.00830365 0
0.99032 0.00968017 0
0.974058 0.0259422 0
0.98451 0.0154899 0
0.99862 0.00138038 0
0.998541 0.00145929 0
0.991944 0.00805642 0
0.992759 0.00724071 0
0.992566 0.00743384 0
0.98066 0.0193398 0
0.97947 0.0205302 0
0.933597 0.0664026 0
0.512245 0.487755 0
0.977315 0.0226854 0
0.99447 0.0055301 0
0.0475401 0.95246 0
0.995022 0.00497768 0
0.973815 0.0261853 0
0.997873 0.00212694 0
0.997119 0.00288081 0
0.969905 0.0300953 0
0.525455 0.474545 0
0.156099 0.843901 0
0.98903 0.0109697 0
0.959771 0.0402287 0
0.99139 0.00860978 0
0.941179 0.0588212 0
0.991295 0.00870489 0
0.497683 0.502317 0
0.899913 0.100087 0
0.99312 0.00688033 0
0.968794 0.0312064 0
0.811343 0.188657 0
0.970008 0.0299924 0
0.985206 0.0147941 0
0.354768 0.645232 0
0.970186 0.0298136 0
0.0525961 0.947404 0
0.978946 0.0210535 0
0.152259 0.847741 0
0.996225 0.00377513 0
0.978914 0.0210864 0
0.993453 0.00654712 0
0.883057 0.116943 0
0.989292 0.0107082 0
0.98069 0.0193096 0
0.991142 0.00885757 0
0.905257 0.0947425 0
0.99876 0.00124015 0
0.998813 0.00118703 0
0.995112 0.00488765 0
0.83147 0.16853 0
0.984806 0.0151936 0
0.990454 0.00954621 0
0.995922 0.00407758 0
0.970311 0.0296886 0
0.467113 0.532887 0
0.996625 0.00337506 0
0.910768 0.0892322 0
0.99696 0.00304021 0
0.995452 0.00454855 0
0.884279 0.115721 0
0.996818 0.00318187 0
0.994818 0.0051823 0
0.954352 0.045648 0
0.990804 0.00919573 0
0.79435 0.20565 0
0.993847 0.00615332 0
0.662669 0.337331 0
0.995875 0.00412488 0
0.788406 0.211594 0
0.759795 0.240205 0
0.856574 0.143426 0
0.973905 0.0260945 0
0.997712 0.0022879 0
0.924634 0.0753661 0
0.934925 0.065075 0
0.994998 0.00500253 0
0.997023 0.00297672 0
0.903044 0.0969563 0
0.0726901 0.92731 0
0.989748 0.0102516 0
0.998465 0.00153509 0
0.852359 0.147641 0
0.997042 0.0029578 0
0.987038 0.0129617 0
0.997307 0.00269266 0
0.893148 0.106852 0
0.674144 0.325856 0
0.997796 0.00220411 0
0.998877 0.00112267 0
0.51011 0.48989 0
0.878068 0.121932 0
0.0845273 0.915473 0
0.994043 0.0059573 0
0.960179 0.0398211 0
0.975096 0.0249043 0
0.891285 0.108715 0
0.964889 0.0351113 0
0.941342 0.0586577 0
0.821092 0.178908 0
0.935837 0.0641627 0
0.226162 0.773838 0
0.989576 0.0104238 0
0.988549 0.0114509 0
0.889341 0.110659 0
0.979931 0.0200687 0
0.980716 0.0192844 0
0.199941 0.800059 0
0.384357 0.615643 0
0.996121 0.00387928 0
0.994803 0.00519702 0
0.741568 0.258432 0
0.988613 0.0113866 0
0.956939 0.043061 0
0.998098 0.00190228 0
0.876297 0.123703 0
0.984812 0.015188 0
0.997953 0.00204711 0
0.982859 0.0171407 0
0.146315 0.853685 0
0.98479 0.0152101 0
0.98828 0.0117197 0
0.994353 0.00564714 0
0.957594 0.0424061 0
0.956512 0.0434882 0
0.72814 0.27186 0
0.978358 0.0216422 0
0.953966 0.0460338 0
0.992476 0.00752358 0
0.970736 0.029264 0
0.996624 0.00337561 0
0.999298 0.000702022 0
0.996945 0.00305511 0
0.98208 0.0179199 0
0.0666722 0.933328 0
0.47538 0.52462 0
0.962014 0.0379865 0
0.970001 0.0299987 0
0.998431 0.00156903 0
0.988037 0.0119635 0
0.538559 0.461441 0
0.169667 0.830333 0
0.971683 0.0283168 0
0.731457 0.268543 0
0.989849 0.0101507 0
0.363811 0.636189 0
0.9259 0.0741005 0
0.835344 0.164656 0
0.996996 0.00300438 0
0.949867 0.0501335 0
0.991213 0.00878662 0
0.995852 0.00414756 0
0.994765 0.00523538 0
0.95032 0.0496803 0
0.99836 0.00163957 0
0.696258 0.303742 0
0.883191 0.116809 0
0.992127 0.00787292 0
0.662776 0.337224 0
0.998576 0.00142381 0
0.9825 0.0175 0
0.957655 0.0423451 0
0.993234 0.00676578 0
0.77497 0.22503 0
0.977015 0.0229849 0
0.998362 0.00163804 0
0.998332 0.00166789 0
0.99046 0.00954008 0
0.884076 0.115924 0
0.95025 0.0497499 0
0.93397 0.0660305 0
0.995221 0.00477914 0
0.972471 0.0275293 0
0.983479 0.016521 0
0.990057 0.00994302 0
0.99573 0.00427052 0
0.993797 0.00620259 0
0.943963 0.0560372 0
0.343101 0.656899 0
0.984025 0.015975 0
0.645789 0.354211 0
0.833197 0.166803 0
0.914214 0.0857856 0
0.529956 0.470044 0
0.637666 0.362334 0
0.993126 0.00687424 0
0.989961 0.0100394 0
0.989882 0.0101181 0
0.989432 0.010568 0
0.969192 0.0308078 0
0.99029 0.00971003 0
0.998389 0.00161061 0
0.998499 0.00150129 0
0.929428 0.0705722 0
0.912587 0.0874131 0
0.943111 0.0568887 0
0.696238 0.303762 0
0.998207 0.00179269 0
0.732092 0.267908 0
0.993174 0.00682588 0
0.982089 0.0179107 0
0.996639 0.00336107 0
0.47951 0.52049 0
0.975581 0.0244187 0
0.922068 0.0779319 0
0.998123 0.00187712 0
0.273333 0.726667 0
0.992464 0.0075358 0
0.966151 0.0338488 0
0.987995 0.0120048 0
0.995919 0.00408046 0
0.998214 0.00178552 0
0.296906 0.703094 0
0.95407 0.0459304 0
0.968659 0.0313409 0
0.978814 0.0211863 0
0.874823 0.125177 0
0.994659 0.00534145 0
0.900013 0.0999868 0
0.685514 0.314486 0
0.975628 0.0243717 0
0.989562 0.0104379 0
0.854611 0.145389 0
0.853167 0.146833 0
0.983168 0.0168316 0
0.769867 0.230133 0
0.988346 0.0116538 0
0.992726 0.00727358 0
0.283627 0.716373 0
0.974639 0.0253613 0
0.713183 0.286817 0
0.904805 0.0951952 0
0.991058 0.00894166 0
0.827411 0.172589 0
0.956167 0.0438326 0
0.998329 0.00167086 0
0.986076 0.0139244 0
0.985785 0.0142149 0
0.890127 0.109873 0
0.79403 0.20597 0
0.998699 0.00130139 0
0.292718 0.707282 0
0.995435 0.00456512 0
0.950276 0.0497237 0
0.798923 0.201077 0
0.995704 0.00429639 0
0.999285 0.000714935 0
0.807578 0.192422 0
0.393713 0.606287 0
0.967234 0.032766 0
0.885691 0.114309 0
0.994532 0.00546766 0
0.993833 0.0061669 0
0.981213 0.0187866 0
0.343344 0.656656 0
0.987797 0.0122028 0
0.936492 0.0635076 0
0.981752 0.0182477 0
0.953131 0.0468692 0
0.999619 0.000380867 0
0.992311 0.00768923 0
0.984457 0.0155433 0
0.899403 0.100597 0
0.99139 0.00860966 0
0.856177 0.143823 0
0.996045 0.00395537 0
0.976941 0.0230595 0
0.997769 0.00223085 0
0.957335 0.0426652 0
0.99903 0.00097047 0
0.999665 0.000334899 0
0.988636 0.0113636 0
0.995254 0.00474573 0
0.987764 0.0122362 0
0.987155 0.0128452 0
0.997505 0.00249537 0
0.998355 0.00164505 0
0.467947 0.532053 0
0.980428 0.0195716 0
0.978989 0.0210115 0
0.983494 0.0165057 0
0.969506 0.0304936 0
0.992595 0.00740483 0
0.995575 0.00442493 0
0.992268 0.0077318 0
0.956119 0.0438808 0
0.984319 0.0156813 0
0.978198 0.021802 0
0.994331 0.00566918 0
0.999278 0.000722267 0
0.997508 0.00249212 0
0.928396 0.0716035 0
0.995217 0.00478345 0
0.776703 0.223297 0
0.555044 0.444956 0
0.998735 0.00126516 0
0.993025 0.00697467 0
0.995512 0.00448805 0
0.754772 0.245228 0
0.979621 0.020379 0
0.83492 0.16508 0
0.998251 0.00174856 0
0.852197 0.147803 0
0.991221 0.00877932 0
0.998054 0.00194634 0
0.993511 0.00648866 0
0.867121 0.132879 0
0.999059 0.000941368 0
0.997324 0.00267555 0
0.915887 0.0841132 0
0.999541 0.000458778 0
0.983247 0.0167532 0
0.990962 0.00903786 0
0.998935 0.00106486 0
0.941316 0.0586837 0
0.984027 0.015973 0
0.998601 0.0013992 0
0.970469 0.0295314 0
0.544173 0.455827 0
0.971337 0.0286633 0
0.831281 0.168719 0
0.977731 0.0222688 0
0.943387 0.0566132 0
0.995979 0.00402134 0
0.956646 0.0433544 0
0.24373 0.75627 0
0.478681 0.521319 0
0.995748 0.00425158 0
0.848041 0.151959 0
0.931124 0.0688756 0
0.994703 0.00529685 0
0.918908 0.081092 0
0.998574 0.0014255 0
0.997742 0.00225838 0
0.992123 0.00787711 0
0.976516 0.0234837 0
0.0302645 0.969736 0
0.819544 0.180456 0
0.384134 0.615866 0
0.905626 0.094374 0
0.997255 0.00274496 0
0.989559 0.0104411 0
0.9879 0.0120999 0
0.998297 0.00170283 0
0.972888 0.0271123 0
0.984203 0.0157966 0
0.338612 0.661388 0
0.238615 0.761385 0
0.998643 0.00135736 0
0.477388 0.522612 0
0.0763999 0.9236 0
0.971505 0.0284947 0
0.906338 0.0936622 0
0.994864 0.00513572 0
0.921401 0.0785994 0
0.00959564 0.990404 1
0.0237132 0.976287 1
0.14381 0.85619 1
0.0360989 0.963901 1
0.0639603 0.93604 1
0.0173029 0.982697 1
0.127623 0.872377 1
0.0172111 0.982789 1
0.701848 0.298152 1
0.0822079 0.917792 1
0.0127003 0.9873 1
0.120257 0.879743 1
0.0110146 0.988985 1
0.308214 0.691786 1
0.00738377 0.992616 1
0.123556 0.876444 1
0.228699 0.771301 1
0.0278056 0.972194 1
0.115899 0.884101 1
0.380804 0.619196 1
0.0387798 0.96122 1
0.00897748 0.991022 1
0.0306455 0.969355 1
0.0752407 0.924759 1
0.00597837 0.994022 1
0.031583 0.968417 1
0.0372081 0.962792 1
0.0275682 0.972432 1
0.0165892 0.983411 1
0.0084509 0.991549 1
0.169686 0.830314 1
0.0219773 0.978023 1
0.508443 0.491557 1
0.00960646 0.990394 1
0.0754675 0.924533 1
0.0165535 0.983447 1
0.0216405 0.97836 1
0.0179447 0.982055 1
0.0188692 0.981131 1
0.0526243 0.947376 1
0.0332123 0.966788 1
0.0263308 0.973669 1
0.00895226 0.991048 1
0.103045 0.896955 1
0.0168153 0.983185 1
0.024031 0.975969 1
0.00963505 0.990365 1
0.520832 0.479168 1
0.1889 0.8111 1
0.0789998 0.921 1
0.0173855 0.982614 1
0.00799522 0.992005 1
0.786675 0.213325 1
0.0309412 0.969059 1
0.255909 0.744091 1
0.0153108 0.984689 1
0.0180548 0.981945 1
0.0368471 0.963153 1
0.304377 0.695623 1
0.0873756 0.912624 1
0.670703 0.329297 1
0.08641 0.91359 1
0.0111327 0.988867 1
0.00985381 0.990146 1
0.0177402 0.98226 1
0.0584481 0.941552 1
0.0252954 0.974705 1
0.0242271 0.975773 1
0.246439 0.753561 1
0.0311279 0.968872 1
0.213353 0.786647 1
0.0355538 0.964446 1
0.0209604 0.97904 1
0.114931 0.885069 1
0.955808 0.0441924 1
0.132074 0.867926 1
0.00887626 0.991124 1
0.0917509 0.908249 1
0.00587292 0.994127 1
0.0154821 0.984518 1
0.00802705 0.991973 1
0.1582 0.8418 1
0.892441 0.107559 1
0.00629439 0.993706 1
0.466796 0.533203 1
0.0545342 0.945466 1
0.0995001 0.9005 1
0.0384802 0.96152 1
0.0422587 0.957741 1
0.205934 0.794066 1
0.0108177 0.989182 1
0.0084218 0.991578 1
0.0208569 0.979143 1
0.0749253 0.925075 1
0.0110544 0.988946 1
0.013013 0.986987 1
0.00700107 0.992999 1
0.808122 0.191878 1
0.2163 0.7837 1
0.688584 0.311416 1
0.0144393 0.985561 1
0.0193975 0.980603 1
0.686457 0.313543 1
0.00667751 0.993322 1
0.0245377 0.975462 1
0.129998 0.870002 1
0.0998472 0.900153 1
0.0768065 0.923194 1
0.0312946 0.968705 1
0.0448489 0.955151 1
0.0108036 0.989196 1
0.0102148 0.989785 1
0.0754889 0.924511 1
0.00933548 0.990664 1
0.0211306 0.978869 1
0.031359 0.968641 1
0.362823 0.637177 1
0.0185907 0.981409 1
0.00901145 0.990989 1
0.0772028 0.922797 1
0.487139 0.512861 1
0.105462 0.894538 1
0.0198551 0.980145 1
0.491463 0.508537 1
0.0206426 0.979357 1
0.440319 0.559681 1
0.942805 0.0571951 1
0.00812948 0.991871 1
0.00982367 0.990176 1
0.114417 0.885583 1
0.0112782 0.988722 1
0.0281471 0.971853 1
0.0191829 0.980817 1
0.023279 0.976721 1
0.0103296 0.98967 1
0.100924 0.899076 1
0.00893554 0.991064 1
0.00503319 0.994967 1
0.00829055 0.991709 1
0.418101 0.581899 1
0.00539746 0.994603 1
0.0359949 0.964005 1
0.382043 0.617957 1
0.421266 0.578734 1
0.0574826 0.942517 1
0.0241964 0.975803 1
0.0376178 0.962382 1
0.00921662 0.990783 1
0.0264035 0.973597 1
0.397949 0.602051 1
0.00879963 0.9912 1
0.00767743 0.992323 1
0.0170449 0.982955 1
0.0389814 0.961019 1
0.373064 0.626936 1
0.0557969 0.944203 1
0.100038 0.899962 1
0.0491848 0.950815 1
0.0359826 0.964017 1
0.174413 0.825587 1
0.015956 0.984044 1
0.00851983 0.99148 1
0.00738395 0.992616 1
0.0145922 0.985408 1
0.0895635 0.910437 1
0.00788452 0.992115 1
0.0351041 0.964896 1
0.740572 0.259428 1
0.270723 0.729277 1
0.0152398 0.98476 1
0.00647474 0.993525 1
0.0206241 0.979376 1
0.33133 0.66867 1
0.10786 0.89214 1
0.504262 0.495738 1
0.0674063 0.932594 1
0.244183 0.755817 1
0.771203 0.228797 1
0.00972799 0.990272 1
0.0190116 0.980988 1
0.151153 0.848847 1
0.539082 0.460918 1
0.00699871 0.993001 1
0.0181048 0.981895 1
0.461106 0.538894 1
0.0540131 0.945987 1
0.0424701 0.95753 1
0.545787 0.454213 1
0.043394 0.956606 1
0.477658 0.522342 1
0.00943597 0.990564 1
0.209397 0.790603 1
0.338601 0.661399 1
0.0395776 0.960422 1
0.562691 0.437309 1
0.503945 0.496055 1
0.108867 0.891133 1
0.0159125 0.984088 1
0.0125667 0.987433 1
0.115663 0.884337 1
0.0357386 0.964261 1
0.124018 0.875982 1
0.0283164 0.971684 1
0.0168118 0.983188 1
0.151387 0.848613 1
0.0063563 0.993644 1
0.0079215 0.992078 1
0.349023 0.650977 1
0.461734 0.538266 1
0.0245529 0.975447 1
0.00903387 0.990966 1
0.00702378 0.992976 1
0.690616 0.309384 1
0.358274 0.641726 1
0.0235224 0.976478 1
0.0113955 0.988604 1
0.847642 0.152358 1
0.353956 0.646044 1
0.159224 0.840776 1
0.00551664 0.994483 1
0.019819 0.980181 1
0.0202904 0.97971 1
0.00723137 0.992769 1
0.783929 0.216071 1
0.00840013 0.9916 1
0.101541 0.898459 1
0.0165928 0.983407 1
0.927606 0.0723938 1
0.0266622 0.973338 1
0.820067 0.179933 1
0.0539622 0.946038 1
0.117859 0.882141 1
0.0974897 0.90251 1
0.031051 0.968949 1
0.121138 0.878861 1
0.0152715 0.984728 1
0.0200674 0.979933 1
0.457665 0.542335 1
0.0422184 0.957782 1
0.0149715 0.985029 1
0.111245 0.888754 1
0.481558 0.518442 1
0.038448 0.961552 1
0.0842831 0.915717 1
0.109056 0.890944 1
0.0306735 0.969327 1
0.0593784 0.940622 1
0.00862841 0.991372 1
0.0134522 0.986548 1
0.00793929 0.992061 1
0.00659923 0.993401 1
0.0295456 0.970454 1
0.151794 0.848206 1
0.0779616 0.922038 1
0.507988 0.492012 1
0.0943696 0.90563 1
0.0119287 0.988071 1
0.17816 0.82184 1
0.0862637 0.913736 1
0.993669 0.00633142 1
0.010924 0.989076 1
0.020698 0.979302 1
0.158952 0.841048 1
0.0452561 0.954744 1
0.0128945 0.987105 1
0.0093145 0.990686 1
0.0219729 0.978027 1
0.00980138 0.990199 1
0.910067 0.0899332 1
0.454886 0.545114 1
0.0185861 0.981414 1
0.595534 0.404466 1
0.852404 0.147596 1
0.925111 0.074889 1
0.019711 0.980289 1
0.0168876 0.983112 1
0.0164247 0.983575 1
0.0209441 0.979056 1
0.00711313 0.992887 1
0.0125567 0.987443 1
0.0131782 0.986822 1
0.0112864 0.988714 1
0.868167 0.131833 1
0.0165551 0.983445 1
0.0197599 0.98024 1
0.00947214 0.990528 1
0.0240787 0.975921 1
0.575254 0.424746 1
0.0113035 0.988696 1
0.010135 0.989865 1
0.0322905 0.967709 1
0.00966403 0.990336 1
0.671619 0.328382 1
0.0119017 0.988098 1
0.0151877 0.984812 1
0.446494 0.553506 1
0.0115137 0.988486 1
0.380636 0.619364 1
0.0113087 0.988691 1
0.03725 0.96275 1
0.011929 0.988071 1
0.613677 0.386323 1
0.0135916 0.986408 1
0.0128527 0.987147 1
0.0137854 0.986215 1
0.0163869 0.983613 1
0.297868 0.702132 1
0.0220334 0.977967 1
0.18071 0.81929 1
0.215364 0.784636 1
0.0163468 0.983653 1
0.249067 0.750933 1
0.0385487 0.961451 1
0.0149429 0.985057 1
0.0624975 0.937503 1
0.105062 0.894938 1
0.0600805 0.93992 1
0.0165571 0.983443 1
0.579924 0.420076 1
0.0131982 0.986802 1
0.0811239 0.918876 1
0.0226131 0.977387 1
0.117519 0.882481 1
0.0226607 0.977339 1
0.0590362 0.940964 1
0.150423 0.849577 1
0.0334624 0.966538 1
0.0181676 0.981832 1
0.0100955 0.989904 1
0.0270913 0.972909 1
0.00924288 0.990757 1
0.0123585 0.987641 1
0.0302137 0.969786 1
0.696871 0.303129 1
0.0152954 0.984705 1
0.0843377 0.915662 1
0.0125844 0.987416 1
0.0547491 0.945251 1
0.00723237 0.992768 1
0.051753 0.948247 1
0.0795122 0.920488 1
0.0301847 0.969815 1
0.129345 0.870655 1
0.185522 0.814478 1
0.456125 0.543875 1
0.0766491 0.923351 1
0.0150163 0.984984 1
0.214198 0.785802 1
0.0411016 0.958898 1
0.0109995 0.989 1
0.126913 0.873087 1
0.403187 0.596812 1
0.0143651 0.985635 1
0.747269 0.252731 1
0.838714 0.161286 1
0.0188767 0.981123 1
0.16681 0.83319 1
0.924954 0.075046 1
0.00715991 0.99284 1
0.0105638 0.989436 1
0.906918 0.093082 1
0.153275 0.846725 1
0.82305 0.17695 1
0.01685 0.98315 1
0.0229344 0.977066 1
0.0123837 0.987616 1
0.0091698 0.99083 1
0.031748 0.968252 1
0.640853 0.359147 1
0.0623273 0.937673 1
0.0847582 0.915242 1
0.74885 0.251149 1
0.0180397 0.98196 1
0.803032 0.196968 1
0.0188679 0.981132 1
0.105641 0.894359 1
0.316315 0.683685 1
0.496187 0.503813 1
0.817572 0.182428 1
0.0105967 0.989403 1
0.338999 0.661001 1
0.00699388 0.993006 1
0.0318776 0.968122 1
0.00746784 0.992532 1
0.0188217 0.981178 1
0.0285415 0.971458 1
0.0744519 0.925548 1
0.661713 0.338287 1
0.0585749 0.941425 1
0.00983849 0.990162 1
0.00807836 0.991922 1
0.205225 0.794775 1
0.00711627 0.992884 1
0.00512098 0.994879 1
0.0698054 0.930195 1
0.469858 0.530142 1
0.0114767 0.988523 1
0.0845375 0.915462 1
0.516619 0.483381 1
0.0370892 0.962911 1
0.742481 0.257519 1
0.0483661 0.951634 1
0.00749326 0.992507 1
0.018007 0.981993 1
0.00694806 0.993052 1
0.0193376 0.980662 1
0.0292963 0.970704 1
0.0996498 0.90035 1
0.632617 0.367383 1
0.0614169 0.938583 1
0.0630888 0.936911 1
0.586785 0.413215 1
0.878753 0.121247 1
0.29113 0.70887 1
0.213624 0.786376 1
0.680689 0.319311 1
0.0151742 0.984826 1
0.00743558 0.992564 1
0.0319349 0.968065 1
0.0172296 0.98277 1
0.0118599 0.98814 1
0.0288573 0.971143 1
0.0490008 0.950999 1
0.0145104 0.98549 1
0.026217 0.973783 1
0.00863432 0.991366 1
0.245919 0.754081 1
0.0187604 0.98124 1
0.0123586 0.987641 1
0.0909047 0.909095 1
0.538602 0.461398 1
0.00721657 0.992783 1
0.0658117 0.934188 1
0.0101607 0.989839 1
0.0193002 0.9807 1
0.201378 0.798622 1
0.358952 0.641048 1
0.384786 0.615214 1
0.00905372 0.990946 1
0.019775 0.980225 1
0.801526 0.198474 1
0.00919331 0.990807 1
0.0212909 0.978709 1
0.698265 0.301735 1
0.124154 0.875846 1
0.375698 0.624302 1
0.0381324 0.961868 1
0.36784 0.63216 1
0.0233117 0.976688 1
0.0114929 0.988507 1
0.0172304 0.982769 1
0.959134 0.0408661 1
0.0118859 0.988114 1
0.0124778 0.987522 1
0.215656 0.784344 1
0.0136838 0.986316 1
0.021928 0.978072 1
0.96241 0.0375905 1
0.111017 0.888983 1
0.0175827 0.982417 1
0.0261557 0.973844 1
0.0473159 0.952684 1
0.0154049 0.984595 1
0.0862247 0.913775 1
0.706186 0.293814 1
0.0153691 0.984631 1
0.2219 0.7781 1
0.0280563 0.971944 1
0.225108 0.774892 1
0.00473553 0.995264 1
0.0338307 0.966169 1
0.0109297 0.98907 1
0.19426 0.80574 1
0.0216504 0.97835 1
0.0783146 0.921685 1
0.521175 0.478825 1
0.0100953 0.989905 1
0.00817852 0.991821 1
0.0198649 0.980135 1
0.76141 0.23859 1
0.0109767 0.989023 1
0.0591226 0.940877 1
0.00931983 0.99068 1
0.690222 0.309778 1
0.0129272 0.987073 1
0.0857699 0.91423 1
0.00578436 0.994216 1
0.0128882 0.987112 1
0.0644621 0.935538 1
0.00551475 0.994485 1
0.00832658 0.991673 1
0.0152013 0.984799 1
0.172591 0.827409 1
0.396511 0.603489 1
0.0058479 0.994152 1
0.0171727 0.982827 1
0.0914748 0.908525 1
0.641807 0.358193 1
0.128473 0.871527 1
0.176344 0.823656 1
0.0120733 0.987927 1
0.13478 0.86522 1
0.0152157 0.984784 1
0.0097519 0.990248 1
0.0145385 0.985461 1
0.0228852 0.977115 1
0.138504 0.861496 1
0.146549 0.853451 1
0.00881505 0.991185 1
0.0101245 0.989875 1
0.0516687 0.948331 1
0.233266 0.766734 1
0.0296019 0.970398 1
0.601012 0.398988 1
0.015773 0.984227 1
0.0190945 0.980906 1
0.00584398 0.994156 1
0.00988373 0.990116 1
0.00598819 0.994012 1
0.461762 0.538238 1
0.0194894 0.980511 1
0.0166901 0.98331 1
0.862279 0.137721 1
0.484145 0.515855 1
0.0127778 0.987222 1
0.017552 0.982448 1
0.350741 0.649259 1
0.033858 0.966142 1
0.0158961 0.984104 1
0.0345321 0.965468 1
0.395558 0.604443 1
0.00541807 0.994582 1
0.23056 0.76944 1
0.0429601 0.95704 1
0.0129495 0.987051 1
0.602413 0.397587 1
0.131837 0.868163 1
0.023491 0.976509 1
0.0161948 0.983805 1
0.0393503 0.96065 1
0.0382355 0.961765 1
0.112644 0.887356 1
0.557329 0.442671 1
0.0195016 0.980498 1
0.011618 0.988382 1
0.106964 0.893036 1
0.118781 0.881218 1
0.0233516 0.976648 1
0.0108126 0.989187 1
0.028777 0.971223 1
0.020386 0.979614 1
0.324304 0.675696 1
0.0925315 0.907468 1
0.0211547 0.978845 1
0.00877089 0.991229 1
0.0353384 0.964662 1
0.0612246 0.938775 1
0.0546965 0.945303 1
0.00926322 0.990737 1
0.0137569 0.986243 1
0.0379138 0.962086 1
0.417556 0.582444 1
0.0124106 0.987589 1
0.0817855 0.918214 1
0.102106 0.897894 1
0.0148268 0.985173 1
0.0414549 0.958545 1
0.0109981 0.989002 1
0.789333 0.210667 1
0.0212684 0.978732 1
0.977026 0.0229736 1
0.371629 0.628371 1
0.0519261 0.948074 1
0.022382 0.977618 1
0.206987 0.793013 1
0.013781 0.986219 1
0.0136666 0.986333 1
0.0470174 0.952983 1
0.0145766 0.985423 1
0.00888417 0.991116 1
0.0162409 0.983759 1
0.0115969 0.988403 1
0.281004 0.718996 1
0.0181454 0.981855 1
0.0137459 0.986254 1
0.0376966 0.962303 1
0.519449 0.480551 1
0.0747106 0.925289 1
0.00805003 0.99195 1
0.0120437 0.987956 1
0.00571363 0.994286 1
0.0279293 0.972071 1
0.0220664 0.977934 1
0.453709 0.546291 1
0.0367992 0.963201 1
0.00782969 0.99217 1
0.955 0.0450004 1
0.00659743 0.993403 1
0.0063212 0.993679 1
0.569513 0.430487 1
0.0111475 0.988853 1
0.366143 0.633857 1
0.355697 0.644303 1
0.303945 0.696055 1
0.259982 0.740018 1
0.00687182 0.993128 1
0.0405101 0.95949 1
0.457244 0.542756 1
0.0243919 0.975608 1
0.255198 0.744802 1
0.0178596 0.98214 1
0.021008 0.978992 1
0.0109419 0.989058 1
0.0223011 0.977699 1
0.0152737 0.984726 1
0.00600585 0.993994 1
0.00714569 0.992854 1
0.944499 0.0555005 1
0.0156879 0.984312 1
0.0153577 0.984642 1
0.735948 0.264052 1
0.251101 0.748899 1
0.343323 0.656677 1
0.0160554 0.983945 1
0.0473186 0.952681 1
0.0122279 0.987772 1
0.0563263 0.943674 1
0.438772 0.561228 1
0.0177933 0.982207 1
0.00918724 0.990813 1
0.0192579 0.980742 1
0.292944 0.707056 1
0.0154734 0.984527 1
0.0522868 0.947713 1
0.0120891 0.987911 1
0.018045 0.981955 1
0.0080463 0.991954 1
0.0120075 0.987993 1
0.188292 0.811708 1
0.0802012 0.919799 1
0.142149 0.857851 1
0.00484497 0.995155 1
0.106626 0.893374 1
0.243781 0.756219 1
0.0160376 0.983962 1
0.04197 0.95803 1
0.0141733 0.985827 1
0.0153741 0.984626 1
0.0110794 0.988921 1
0.400288 0.599712 1
0.0167477 0.983252 1
0.00907972 0.99092 1
0.0156686 0.984331 1
0.0526447 0.947355 1
0.0161485 0.983851 1
0.104805 0.895195 1
0.0171754 0.982825 1
0.00634864 0.993651 1
0.0298407 0.970159 1
0.0266397 0.97336 1
0.00729225 0.992708 1
0.00908619 0.990914 1
0.0265139 0.973486 1
0.854005 0.145995 1
0.00670328 0.993297 1
0.0725738 0.927426 1
0.00599805 0.994002 1
0.0456003 0.9544 1
0.362868 0.637132 1
0.108603 0.891397 1
0.0146402 0.98536 1
0.00984954 0.99015 1
0.00821833 0.991782 1
0.103746 0.896254 1
0.0160814 0.983919 1
0.0168011 0.983199 1
0.0508692 0.949131 1
0.0345408 0.965459 1
0.955696 0.0443045 1
0.0109245 0.989075 1
0.016675 0.983325 1
0.7361 0.2639 1
0.856533 0.143467 1
0.420478 0.579522 1
0.0103774 0.989623 1
0.00928132 0.990719 1
0.092555 0.907445 1
0.0131661 0.986834 1
0.641396 0.358604 1
0.0196918 0.980308 1
0.0349402 0.96506 1
0.0104776 0.989522 1
0.0275082 0.972492 1
0.0182932 0.981707 1
0.0236072 0.976393 1
0.0109291 0.989071 1
0.0123246 0.987675 1
0.0141792 0.985821 1
0.537365 0.462635 1
0.0515057 0.948494 1
0.0140622 0.985938 1
0.416633 0.583367 1
0.185577 0.814423 1
0.088034 0.911966 1
0.0127059 0.987294 1
0.0112562 0.988744 1
0.0287964 0.971204 1
0.352802 0.647198 1
0.167253 0.832747 1
0.18032 0.81968 1
0.0198618 0.980138 1
0.0319359 0.968064 1
0.0290868 0.970913 1
0.00746864 0.992531 1
0.0672976 0.932702 1
0.0434048 0.956595 1
0.366017 0.633983 1
0.411261 0.588739 1
0.44247 0.55753 1
0.0216598 0.97834 1
0.0181781 0.981822 1
0.472307 0.527693 1
0.86803 0.13197 1
0.00624588 0.993754 1
0.546775 0.453225 1
0.016015 0.983985 1
0.0156244 0.984376 1
0.00993462 0.990065 1
0.0132857 0.986714 1
0.0318839 0.968116 1
0.123555 0.876445 1
0.00805695 0.991943 1
0.0131704 0.98683 1
0.516983 0.483017 1
0.110955 0.889045 1
0.0395195 0.960481 1
0.0136113 0.986389 1
0.0314256 0.968574 1
0.009406 0.990594 1
0.00849374 0.991506 1
0.490295 0.509705 1
0.00659439 0.993406 1
0.0138368 0.986163 1
0.976621 0.0233793 1
0.0876087 0.912391 1
0.019563 0.980437 1
0.224144 0.775856 1
0.00846128 0.991539 1
0.0130983 0.986902 1
0.0303496 0.96965 1
0.0244424 0.975558 1
0.241296 0.758704 1
0.0161593 0.983841 1
0.502443 0.497557 1
0.940983 0.0590175 1
0.00731115 0.992689 1
0.0100932 0.989907 1
0.981 0.019 1
0.384037 0.615964 1
0.0138746 0.986125 1
0.864658 0.135342 1
0.0181768 0.981823 1
0.146203 0.853797 1
0.133547 0.866453 1
0.633296 0.366704 1
0.0161832 0.983817 1
0.0359224 0.964078 1
0.0426338 0.957366 1
0.00927114 0.990729 1
0.848173 0.151827 1
0.0180745 0.981926 1
0.0102727 0.989727 1
0.0201293 0.979871 1
0.0391204 0.96088 1
0.0151973 0.984803 1
0.98429 0.01571 1
0.0458499 0.95415 1
0.00924781 0.990752 1
0.0131235 0.986876 1
0.0103228 0.989677 1
0.0163453 0.983655 1
0.0194139 0.980586 1
0.00535959 0.99464 1
0.0525692 0.947431 1
0.0106867 0.989313 1
0.109656 0.890344 1
0.0174997 0.9825 1
0.0240845 0.975915 1
0.134077 0.865923 1
0.0117271 0.988273 1
0.00829515 0.991705 1
0.720427 0.279573 1
0.0567427 0.943257 1
0.00606981 0.99393 1
0.0238188 0.976181 1
0.892877 0.107123 1
0.112669 0.887331 1
0.92416 0.0758403 1
0.0325096 0.96749 1
0.248304 0.751696 1
0.917544 0.0824561 1
0.107553 0.892447 1
0.684004 0.315996 1
0.265529 0.734471 1
0.00675843 0.993242 1
0.0870873 0.912913 1
0.506167 0.493833 1
0.00700288 0.992997 1
0.750379 0.249621 1
0.24107 0.758929 1
0.00865544 0.991345 1
0.366706 0.633294 1
0.0406608 0.959339 1
0.00697133 0.993029 1
0.0104911 0.989509 1
0.292148 0.707852 1
0.0904036 0.909596 1
0.0370978 0.962902 1
0.0250402 0.97496 1
0.00792343 0.992077 1
0.0129576 0.987042 1
0.0201507 0.979849 1
0.113767 0.886233 1
0.0204066 0.979593 1
0.335081 0.664919 1
0.994705 0.00529477 1
0.13152 0.86848 1
0.075687 0.924313 1
0.570635 0.429365 1
0.102035 0.897965 1
0.0534964 0.946504 1
0.0272916 0.972708 1
0.0926405 0.90736 1
0.0347517 0.965248 1
0.0262051 0.973795 1
0.22702 0.77298 1
0.0073113 0.992689 1
0.0117215 0.988278 1
0.136436 0.863564 1
0.00803359 0.991966 1
0.0649281 0.935072 1
0.0149346 0.985065 1
0.584112 0.415888 1
0.0148795 0.98512 1
0.0839699 0.91603 1
0.71371 0.28629 1
0.986556 0.0134443 1
0.0171013 0.982899 1
0.0130863 0.986914 1
0.286936 0.713064 1
0.0174793 0.982521 1
0.00901611 0.990984 1
0.0260554 0.973945 1
0.678459 0.321541 1
0.543599 0.456401 1
0.0100404 0.98996 1
0.0172906 0.982709 1
0.0257362 0.974264 1
0.0106554 0.989345 1
0.0164308 0.983569 1
0.00558161 0.994418 1
0.0452502 0.95475 1
0.138326 0.861674 1
0.0600369 0.939963 1
0.0148025 0.985197 1
0.0640523 0.935948 1
0.696198 0.303802 1
0.0603032 0.939697 1
0.0479318 0.952068 1
0.0113169 0.988683 1
0.0070617 0.992938 1
0.00737855 0.992621 1
0.00708823 0.992912 1
0.0179153 0.982085 1
0.0350052 0.964995 1
0.00736904 0.992631 1
0.0144263 0.985574 1
0.0100821 0.989918 1
0.00604546 0.993955 1
0.0131712 0.986829 1
0.0162985 0.983702 1
0.0314734 0.968527 1
0.0168106 0.983189 1
0.087994 0.912006 1
0.477817 0.522183 1
0.165042 0.834958 1
0.0217604 0.97824 1
0.0359456 0.964054 1
0.047456 0.952544 1
0.011681 0.988319 1
0.020245 0.979755 1
0.264547 0.735453 1
0.0432983 0.956702 1
0.0124607 0.987539 1
0.0116645 0.988336 1
0.341483 0.658517 1
0.199442 0.800558 1
0.00904801 0.990952 1
0.00681361 0.993186 1
0.0313859 0.968614 1
0.0332417 0.966758 1
0.0472058 0.952794 1
0.121818 0.878182 1
0.00618139 0.993819 1
0.486866 0.513134 1
0.1585 0.8415 1
0.114759 0.885241 1
0.824138 0.175862 1
0.0346288 0.965371 1
0.0199779 0.980022 1
0.0106522 0.989348 1
0.0760193 0.923981 1
0.00933648 0.990664 1
0.0097986 0.990201 1
0.00776007 0.99224 1
0.0327898 0.96721 1
0.320865 0.679135 1
0.0489625 0.951038 1
0.0143348 0.985665 1
0.0224311 0.977569 1
0.0219573 0.978043 1
0.267683 0.732317 1
0.918927 0.0810728 1
0.254754 0.745246 1
0.234258 0.765742 1
0.0249695 0.975031 1
0.018505 0.981495 1
0.789195 0.210805 1
0.0472695 0.95273 1
0.639323 0.360677 1
0.0168899 0.98311 1
0.675787 0.324213 1
0.152171 0.847829 1
0.0355623 0.964438 1
0.013193 0.986807 1
0.0069044 0.993096 1
0.0161856 0.983814 1
0.00943969 0.99056 1
0.00578784 0.994212 1
0.0076639 0.992336 1
0.00946321 0.990537 1
0.00655575 0.993444 1
0.00748067 0.992519 1
0.0418622 0.958138 1
0.0116902 0.98831 1
0.0164685 0.983531 1
0.0115767 0.988423 1
0.68847 0.31153 1
0.00639297 0.993607 1
0.0172358 0.982764 1
0.583927 0.416073 1
0.0222187 0.977781 1
0.0377347 0.962265 1
0.0192807 0.980719 1
0.754955 0.245045 1
0.0197653 0.980235 1
0.0131905 0.986809 1
0.948034 0.0519665 1
0.0901477 0.909852 1
0.0199591 0.980041 1
0.413308 0.586692 1
0.0615123 0.938488 1
0.30076 0.69924 1
0.139384 0.860616 1
0.0293459 0.970654 1
0.013625 0.986375 1
0.0217143 0.978286 1
0.0409689 0.959031 1
0.0165221 0.983478 1
0.274256 0.725744 1
0.586702 0.413298 1
0.0371017 0.962898 1
0.074443 0.925557 1
0.0460627 0.953937 1
0.0322972 0.967703 1
0.0209757 0.979024 1
0.0590196 0.94098 1
0.87237 0.12763 1
0.743531 0.256469 1
0.0172087 0.982791 1
0.0513348 0.948665 1
0.0201814 0.979819 1
0.209268 0.790732 1
0.0167073 0.983293 1
0.00819918 0.991801 1
0.0416891 0.958311 1
0.0310187 0.968981 1
0.0122364 0.987764 1
0.491671 0.508329 1
0.0120001 0.988 1
0.0156129 0.984387 1
0.0680037 0.931996 1
0.10539 0.89461 1
0.011958 0.988042 1
0.983939 0.0160608 1
0.0180558 0.981944 1
0.0111579 0.988842 1
0.79326 0.20674 1
0.00924436 0.990756 1
0.018289 0.981711 1
