0.840515 0.159485 0
0.994711 0.00528864 0
0.916448 0.0835519 0
0.97727 0.0227304 0
0.116371 0.883629 0
0.981593 0.0184068 0
0.851842 0.148158 0
0.924479 0.0755206 0
0.899128 0.100872 0
0.656381 0.343619 0
0.958534 0.0414659 0
0.940767 0.0592332 0
0.569055 0.430945 0
0.525018 0.474982 0
0.712865 0.287135 0
0.773609 0.226391 0
0.0437902 0.95621 0
0.974433 0.0255667 0
0.429816 0.570184 0
0.809623 0.190377 0
0.901595 0.0984048 0
0.930818 0.0691824 0
0.984402 0.0155977 0
0.692916 0.307084 0
0.878739 0.121261 0
0.972941 0.027059 0
0.976278 0.0237217 0
0.904052 0.0959482 0
0.787517 0.212483 0
0.936285 0.0637152 0
0.895204 0.104796 0
0.0856781 0.914322 0
0.905229 0.0947714 0
0.929416 0.0705839 0
0.512226 0.487774 0
0.972147 0.0278526 0
0.635494 0.364506 0
0.416211 0.583789 0
0.951625 0.048375 0
0.97331 0.0266898 0
0.829672 0.170328 0
0.360123 0.639877 0
0.957978 0.0420215 0
0.481853 0.518147 0
0.859191 0.140809 0
0.992875 0.00712478 0
0.958398 0.0416025 0
0.703482 0.296518 0
0.991432 0.00856823 0
0.357273 0.642727 0
0.86511 0.13489 0
0.82382 0.17618 0
0.937262 0.0627381 0
0.986576 0.0134241 0
0.766568 0.233432 0
0.978215 0.0217851 0
0.99072 0.00927979 0
0.883056 0.116944 0
0.96086 0.0391398 0
0.537596 0.462404 0
0.18551 0.81449 0
0.843222 0.156778 0
0.0975211 0.902479 0
0.938118 0.0618825 0
0.812583 0.187417 0
0.966981 0.0330189 0
0.434601 0.565399 0
0.988112 0.011888 0
0.677164 0.322836 0
0.970289 0.0297111 0
0.956894 0.0431063 0
0.944735 0.0552651 0
0.966535 0.033465 0
0.973914 0.0260865 0
0.252295 0.747705 0
0.883543 0.116457 0
0.987308 0.0126917 0
0.949333 0.0506675 0
0.978704 0.0212962 0
0.938075 0.0619247 0
0.902651 0.0973494 0
0.930026 0.0699745 0
0.982765 0.017235 0
0.815642 0.184358 0
0.433915 0.566085 0
0.970645 0.0293545 0
0.600001 0.399999 0
0.99327 0.0067298 0
0.611798 0.388202 0
0.911845 0.0881549 0
0.564992 0.435008 0
0.983266 0.0167337 0
0.96814 0.0318602 0
0.876325 0.123675 0
0.954328 0.0456724 0
0.884712 0.115288 0
0.994114 0.00588647 0
0.730005 0.269995 0
0.922462 0.0775381 0
0.971675 0.0283246 0
0.0603379 0.939662 0
0.957468 0.0425316 0
0.959923 0.0400774 0
0.976803 0.0231974 0
0.992516 0.00748368 0
0.684673 0.315327 0
0.390649 0.609351 0
0.512609 0.487391 0
0.765631 0.234369 0
0.977443 0.0225575 0
0.891263 0.108737 0
0.981789 0.0182111 0
0.153337 0.846663 0
0.966327 0.0336724 0
0.983676 0.0163239 0
0.972591 0.0274093 0
0.419437 0.580563 0
0.256123 0.743877 0
0.386198 0.613802 0
0.0383281 0.961672 0
0.897584 0.102416 0
0.61321 0.38679 0
0.855161 0.144839 0
0.984607 0.0153933 0
0.985534 0.0144659 0
0.975067 0.0249327 0
0.791982 0.208018 0
0.977851 0.0221489 0
0.436051 0.563949 0
0.988051 0.0119489 0
0.0298755 0.970125 0
0.772193 0.227807 0
0.957752 0.0422483 0
0.95899 0.0410101 0
0.989376 0.0106241 0
0.99208 0.00792038 0
0.76701 0.23299 0
0.988189 0.0118107 0
0.973847 0.0261531 0
0.942591 0.0574092 0
0.959068 0.040932 0
0.543404 0.456596 0
0.963172 0.0368281 0
0.936 0.0639997 0
0.993723 0.00627682 0
0.940834 0.0591663 0
0.982983 0.0170171 0
0.85983 0.14017 0
0.921676 0.0783238 0
0.139369 0.860631 0
0.603898 0.396102 0
0.74489 0.25511 0
0.988697 0.0113026 0
0.775513 0.224487 0
0.459788 0.540212 0
0.650017 0.349983 0
0.810168 0.189832 0
0.350369 0.649631 0
0.282965 0.717035 0
0.955991 0.0440091 0
0.890541 0.109459 0
0.883265 0.116735 0
0.995805 0.00419515 0
0.963427 0.0365731 0
0.698758 0.301242 0
0.97865 0.0213499 0
0.814198 0.185802 0
0.979666 0.0203337 0
0.977137 0.0228626 0
0.983771 0.0162294 0
0.99183 0.00817017 0
0.279473 0.720527 0
0.0689612 0.931039 0
0.635022 0.364978 0
0.966737 0.0332634 0
0.752575 0.247425 0
0.138864 0.861136 0
0.890516 0.109484 0
0.925076 0.0749237 0
0.902794 0.0972064 0
0.964794 0.0352059 0
0.993237 0.00676258 0
0.97833 0.0216703 0
0.696585 0.303415 0
0.666027 0.333973 0
0.183975 0.816025 0
0.987733 0.0122669 0
0.045344 0.954656 0
0.757076 0.242924 0
0.908122 0.0918779 0
0.988971 0.0110292 0
0.958311 0.0416887 0
0.855893 0.144107 0
0.964365 0.0356346 0
0.981313 0.0186872 0
0.98814 0.0118602 0
0.958471 0.0415295 0
0.73947 0.26053 0
0.879872 0.120128 0
0.805058 0.194942 0
0.915667 0.0843326 0
0.969754 0.0302461 0
0.912485 0.0875145 0
0.984841 0.0151593 0
0.133995 0.866005 0
0.979166 0.0208342 0
0.984886 0.0151142 0
0.991021 0.00897871 0
0.929086 0.0709143 0
0.796697 0.203303 0
0.670221 0.329779 0
0.0963449 0.903655 0
0.980002 0.019998 0
0.871822 0.128178 0
0.953955 0.0460452 0
0.882754 0.117246 0
0.0375329 0.962467 0
0.924621 0.0753788 0
0.813382 0.186618 0
0.811624 0.188376 0
0.992887 0.00711336 0
0.981105 0.0188948 0
0.98795 0.0120498 0
0.539992 0.460008 0
0.686471 0.31353 0
0.952268 0.0477317 0
0.207163 0.792837 0
0.943913 0.0560865 0
0.719604 0.280396 0
0.858958 0.141042 0
0.309952 0.690048 0
0.882074 0.117926 0
0.703453 0.296547 0
0.982873 0.0171272 0
0.953254 0.0467459 0
0.956622 0.0433783 0
0.993993 0.00600681 0
0.409104 0.590896 0
0.992888 0.00711212 0
0.989116 0.0108836 0
0.1868 0.8132 0
0.691237 0.308763 0
0.876615 0.123385 0
0.993029 0.00697146 0
0.698303 0.301697 0
0.780018 0.219982 0
0.924275 0.0757251 0
0.902336 0.0976637 0
0.497913 0.502087 0
0.68206 0.31794 0
0.559723 0.440277 0
0.988079 0.0119214 0
0.737934 0.262067 0
0.927053 0.072947 0
0.282423 0.717577 0
0.550328 0.449672 0
0.951574 0.0484265 0
0.3095 0.6905 0
0.0818878 0.918112 0
0.913623 0.0863766 0
0.786221 0.213779 0
0.200942 0.799057 0
0.974611 0.0253888 0
0.761069 0.238931 0
0.983844 0.0161557 0
0.944227 0.0557735 0
0.617391 0.382609 0
0.993239 0.00676056 0
0.893657 0.106343 0
0.995579 0.00442084 0
0.652691 0.347309 0
0.356537 0.643463 0
0.974262 0.0257385 0
0.913102 0.0868975 0
0.957446 0.0425542 0
0.952042 0.0479576 0
0.972783 0.0272172 0
0.97375 0.02625 0
0.963692 0.0363083 0
0.36333 0.63667 0
0.855865 0.144135 0
0.708819 0.291181 0
0.979087 0.0209132 0
0.996257 0.0037427 0
0.634768 0.365232 0
0.966158 0.0338417 0
0.983031 0.0169693 0
0.98849 0.0115097 0
0.991153 0.00884661 0
0.729223 0.270777 0
0.191061 0.808939 0
0.958432 0.0415684 0
0.295332 0.704668 0
0.806814 0.193186 0
0.911085 0.0889152 0
0.986448 0.0135517 0
0.99099 0.0090096 0
0.635355 0.364645 0
0.869928 0.130072 0
0.994095 0.00590477 0
0.450999 0.549001 0
0.62652 0.37348 0
0.968148 0.0318521 0
0.986549 0.0134508 0
0.905154 0.0948465 0
0.931163 0.0688375 0
0.208995 0.791005 0
0.968747 0.0312533 0
0.990083 0.00991742 0
0.974324 0.025676 0
0.971264 0.0287365 0
0.748755 0.251245 0
0.945235 0.0547655 0
0.84943 0.15057 0
0.858374 0.141626 0
0.961825 0.0381749 0
0.878824 0.121175 0
0.748572 0.251428 0
0.674047 0.325953 0
0.912263 0.0877369 0
0.942866 0.0571341 0
0.689712 0.310288 0
0.800269 0.199731 0
0.989084 0.010916 0
0.134983 0.865017 0
0.980732 0.0192679 0
0.875575 0.124425 0
0.691123 0.308877 0
0.973488 0.0265117 0
0.544465 0.455535 0
0.927203 0.0727971 0
0.925255 0.0747447 0
0.85011 0.14989 0
0.971246 0.0287541 0
0.843432 0.156568 0
0.993375 0.00662524 0
0.95935 0.0406501 0
0.98615 0.0138496 0
0.777081 0.222919 0
0.0423657 0.957634 0
0.972714 0.0272859 0
0.865395 0.134605 0
0.992876 0.0071236 0
0.990181 0.00981938 0
0.865904 0.134096 0
0.979014 0.0209856 0
0.944284 0.0557162 0
0.700424 0.299576 0
0.824169 0.175831 0
0.947931 0.0520693 0
0.769955 0.230045 0
0.363871 0.636129 0
0.988557 0.0114427 0
0.983534 0.0164656 0
0.972961 0.0270392 0
0.869803 0.130197 0
0.991765 0.00823489 0
0.953551 0.0464485 0
0.881712 0.118288 0
0.440209 0.559791 0
0.888116 0.111884 0
0.982917 0.0170833 0
0.67396 0.32604 0
0.957308 0.0426915 0
0.98382 0.0161799 0
0.837948 0.162052 0
0.983489 0.0165107 0
0.992185 0.00781533 0
0.302601 0.697399 0
0.871295 0.128705 0
0.924855 0.0751455 0
0.965909 0.0340914 0
0.967188 0.0328122 0
0.157172 0.842828 0
0.818359 0.181641 0
0.990177 0.00982331 0
0.986356 0.013644 0
0.998245 0.00175515 0
0.836758 0.163242 0
0.627734 0.372265 0
0.903011 0.0969887 0
0.957648 0.0423516 0
0.801315 0.198685 0
0.845539 0.154461 0
0.985734 0.0142656 0
0.792998 0.207002 0
0.924264 0.0757359 0
0.990295 0.0097053 0
0.0359674 0.964033 0
0.954195 0.0458049 0
0.124259 0.875741 0
0.558457 0.441543 0
0.911258 0.0887422 0
0.986723 0.0132771 0
0.979536 0.0204637 0
0.958188 0.0418119 0
0.972527 0.0274731 0
0.974963 0.0250372 0
0.996532 0.00346779 0
0.163395 0.836605 0
0.942552 0.0574481 0
0.777653 0.222347 0
0.990126 0.00987384 0
0.951846 0.0481539 0
0.936724 0.063276 0
0.546421 0.453579 0
0.970167 0.0298327 0
0.97138 0.0286205 0
0.633393 0.366607 0
0.977337 0.0226629 0
0.950729 0.0492713 0
0.758138 0.241862 0
0.978576 0.021424 0
0.654999 0.345001 0
0.301564 0.698436 0
0.17865 0.82135 0
0.764844 0.235156 0
0.894444 0.105556 0
0.97786 0.0221397 0
0.888443 0.111557 0
0.961217 0.0387826 0
0.840511 0.159489 0
0.686289 0.313711 0
0.71281 0.28719 0
0.450232 0.549768 0
0.68146 0.31854 0
0.359766 0.640234 0
0.885082 0.114918 0
0.187403 0.812597 0
0.794498 0.205502 0
0.2871 0.7129 0
0.878245 0.121755 0
0.0301523 0.969848 0
0.845672 0.154328 0
0.984017 0.0159829 0
0.943631 0.0563694 0
0.887698 0.112302 0
0.947885 0.0521149 0
0.955288 0.0447118 0
0.958702 0.0412978 0
0.971088 0.0289115 0
0.965816 0.034184 0
0.464707 0.535293 0
0.957899 0.0421012 0
0.586825 0.413175 0
0.805989 0.194011 0
0.974617 0.0253829 0
0.908778 0.0912219 0
0.987577 0.0124233 0
0.963341 0.0366591 0
0.973107 0.0268929 0
0.98995 0.0100497 0
0.271914 0.728086 0
0.957399 0.0426009 0
0.989864 0.0101363 0
0.966724 0.0332763 0
0.923337 0.0766635 0
0.990856 0.00914411 0
0.954274 0.0457262 0
0.882901 0.117099 0
0.905154 0.0948457 0
0.984922 0.0150779 0
0.86868 0.13132 0
0.079331 0.920669 0
0.986751 0.0132493 0
0.829809 0.170191 0
0.175427 0.824573 0
0.989318 0.0106819 0
0.843275 0.156725 0
0.981223 0.018777 0
0.550732 0.449268 0
0.552115 0.447885 0
0.935739 0.0642609 0
0.965182 0.0348182 0
0.959953 0.0400465 0
0.84056 0.15944 0
0.457707 0.542293 0
0.899643 0.100356 0
0.64986 0.35014 0
0.9531 0.0469003 0
0.871945 0.128055 0
0.0676003 0.9324 0
0.976047 0.0239527 0
0.541824 0.458176 0
0.95 0.0499997 0
0.0829269 0.917073 0
0.84033 0.15967 0
0.557034 0.442966 0
0.811641 0.188359 0
0.982955 0.0170453 0
0.967357 0.0326434 0
0.95544 0.04456 0
0.826358 0.173642 0
0.965174 0.0348256 0
0.949588 0.0504121 0
0.198657 0.801343 0
0.980723 0.0192771 0
0.97782 0.02218 0
0.915624 0.0843759 0
0.126587 0.873413 0
0.952347 0.0476525 0
0.914843 0.0851569 0
0.976257 0.0237429 0
0.983722 0.0162782 0
0.961365 0.0386352 0
0.944776 0.0552236 0
0.974276 0.0257244 0
0.983103 0.0168966 0
0.987106 0.0128939 0
0.968114 0.031886 0
0.94585 0.05415 0
0.94898 0.0510196 0
0.962601 0.0373989 0
0.959727 0.0402733 0
0.948108 0.0518921 0
0.989454 0.0105458 0
0.849209 0.150791 0
0.653932 0.346068 0
0.99578 0.00421979 0
0.528125 0.471875 0
0.97607 0.0239299 0
0.590165 0.409835 0
0.958831 0.0411689 0
0.940075 0.0599255 0
0.17254 0.82746 0
0.960283 0.0397172 0
0.988272 0.011728 0
0.986505 0.0134952 0
0.944876 0.0551239 0
0.630505 0.369495 0
0.993249 0.00675056 0
0.963226 0.0367736 0
0.664542 0.335458 0
0.988612 0.0113882 0
0.923939 0.0760609 0
0.804889 0.195111 0
0.982008 0.0179918 0
0.969378 0.0306219 0
0.989489 0.0105109 0
0.681804 0.318196 0
0.719029 0.280971 0
0.085607 0.914393 0
0.931435 0.0685653 0
0.923142 0.0768582 0
0.794373 0.205627 0
0.913181 0.0868188 0
0.897535 0.102465 0
0.800589 0.199411 0
0.223709 0.776291 0
0.39852 0.60148 0
0.947382 0.0526183 0
0.951617 0.0483828 0
0.0393608 0.960639 0
0.116246 0.883754 0
0.962462 0.0375383 0
0.971747 0.0282527 0
0.988409 0.011591 0
0.723201 0.276799 0
0.928438 0.0715617 0
0.985496 0.0145037 0
0.974882 0.0251184 0
0.209894 0.790106 0
0.701467 0.298533 0
0.974115 0.0258854 0
0.929596 0.0704045 0
0.97664 0.0233602 0
0.0461314 0.953869 0
0.953021 0.0469789 0
0.962207 0.0377926 0
0.984266 0.0157336 0
0.954624 0.0453761 0
0.945875 0.0541248 0
0.547512 0.452488 0
0.89346 0.10654 0
0.947106 0.0528937 0
0.96784 0.0321601 0
0.882541 0.117459 0
0.978166 0.0218344 0
0.90385 0.0961505 0
0.910964 0.0890364 0
0.736154 0.263846 0
0.978699 0.0213009 0
0.940605 0.059395 0
0.956134 0.0438662 0
0.736489 0.263511 0
0.949148 0.0508522 0
0.970194 0.0298055 0
0.918119 0.0818814 0
0.978653 0.0213467 0
0.0747043 0.925296 0
0.131931 0.868069 0
0.666734 0.333266 0
0.995962 0.00403785 0
0.996232 0.00376809 0
0.324889 0.675111 0
0.92427 0.0757303 0
0.95553 0.0444697 0
0.780029 0.219971 0
0.679286 0.320714 0
0.917891 0.082109 0
0.991118 0.0088824 0
0.976167 0.023833 0
0.13847 0.86153 0
0.0536566 0.946343 0
0.932221 0.067779 0
0.702387 0.297613 0
0.994671 0.0053292 0
0.963299 0.036701 0
0.972967 0.0270335 0
0.882447 0.117553 0
0.981751 0.0182493 0
0.990121 0.009879 0
0.717679 0.282321 0
0.183881 0.816119 0
0.798753 0.201247 0
0.225295 0.774705 0
0.173116 0.826884 0
0.94242 0.0575805 0
0.810366 0.189634 0
0.611797 0.388203 0
0.887703 0.112297 0
0.993854 0.0061462 0
0.834785 0.165215 0
0.63851 0.36149 0
0.0342514 0.965749 0
0.964821 0.035179 0
0.497465 0.502535 0
0.982578 0.0174217 0
0.0440322 0.955968 0
0.98371 0.01629 0
0.915848 0.084152 0
0.210334 0.789666 0
0.989028 0.0109723 0
0.560052 0.439948 0
0.867424 0.132576 0
0.421855 0.578145 0
0.926474 0.0735259 0
0.563369 0.436631 0
0.46491 0.53509 0
0.968667 0.0313325 0
0.97701 0.0229899 0
0.866272 0.133728 0
0.831059 0.16894 0
0.867294 0.132706 0
0.979436 0.0205639 0
0.990444 0.00955571 0
0.909756 0.0902439 0
0.939647 0.0603528 0
0.985278 0.0147218 0
0.990798 0.00920179 0
0.949895 0.0501051 0
0.951394 0.0486064 0
0.927383 0.0726175 0
0.936072 0.0639276 0
0.970911 0.0290893 0
0.91668 0.0833203 0
0.308863 0.691137 0
0.927533 0.0724672 0
0.930197 0.0698032 0
0.0748437 0.925156 0
0.974804 0.0251962 0
0.945203 0.0547967 0
0.99093 0.0090702 0
0.980137 0.0198629 0
0.858777 0.141223 0
0.416276 0.583724 0
0.077432 0.922568 0
0.976164 0.0238362 0
0.959988 0.0400115 0
0.983836 0.016164 0
0.769666 0.230334 0
0.962671 0.0373294 0
0.659236 0.340764 0
0.738508 0.261492 0
0.973097 0.0269028 0
0.904351 0.0956485 0
0.861378 0.138622 0
0.860117 0.139883 0
0.897786 0.102214 0
0.561499 0.438501 0
0.827037 0.172963 0
0.111333 0.888667 0
0.954857 0.0451427 0
0.116617 0.883383 0
0.974441 0.0255592 0
0.835833 0.164167 0
0.971028 0.028972 0
0.904359 0.0956407 0
0.960295 0.0397049 0
0.768973 0.231027 0
0.933171 0.066829 0
0.810204 0.189796 0
0.989793 0.0102074 0
0.99109 0.00890965 0
0.979872 0.0201276 0
0.476523 0.523477 0
0.973654 0.0263459 0
0.976906 0.0230938 0
0.958367 0.0416326 0
0.909533 0.0904668 0
0.21845 0.78155 0
0.983763 0.0162375 0
0.712666 0.287334 0
0.982206 0.0177942 0
0.981882 0.0181179 0
0.791815 0.208185 0
0.96537 0.0346297 0
0.974583 0.0254172 0
0.855126 0.144874 0
0.962835 0.0371651 0
0.798868 0.201132 0
0.98305 0.0169496 0
0.608142 0.391858 0
0.954198 0.0458021 0
0.831949 0.168051 0
0.595423 0.404577 0
0.906144 0.0938561 0
0.860853 0.139147 0
0.987389 0.0126109 0
0.821687 0.178313 0
0.833773 0.166227 0
0.978945 0.0210551 0
0.990664 0.00933571 0
0.554043 0.445957 0
0.0674448 0.932555 0
0.957336 0.0426645 0
0.993149 0.00685052 0
0.520395 0.479605 0
0.983168 0.0168321 0
0.971172 0.0288285 0
0.981112 0.0188884 0
0.786285 0.213715 0
0.727898 0.272102 0
0.995854 0.00414634 0
0.987882 0.0121175 0
0.478761 0.521239 0
0.744235 0.255765 0
0.190688 0.809312 0
0.977691 0.0223092 0
0.823566 0.176434 0
0.879582 0.120418 0
0.904381 0.095619 0
0.971189 0.0288105 0
0.848666 0.151333 0
0.51232 0.48768 0
0.71575 0.28425 0
0.367867 0.632133 0
0.790204 0.209796 0
0.935261 0.0647386 0
0.264232 0.735768 0
0.915249 0.0847509 0
0.950768 0.0492318 0
0.193741 0.806259 0
0.168656 0.831344 0
0.945528 0.0544716 0
0.970644 0.0293564 0
0.90537 0.09463 0
0.96061 0.0393903 0
0.568956 0.431044 0
0.977984 0.022016 0
0.652621 0.347379 0
0.951155 0.0488446 0
0.981371 0.0186289 0
0.982717 0.017283 0
0.146468 0.853532 0
0.948763 0.0512367 0
0.982731 0.017269 0
0.925437 0.0745633 0
0.930132 0.069868 0
0.935696 0.0643041 0
0.195635 0.804365 0
0.949086 0.0509143 0
0.840833 0.159167 0
0.854031 0.145969 0
0.763272 0.236728 0
0.967257 0.0327434 0
0.977367 0.0226333 0
0.989247 0.0107531 0
0.95395 0.0460496 0
0.0877292 0.912271 0
0.484325 0.515675 0
0.85465 0.14535 0
0.921019 0.0789812 0
0.980882 0.0191181 0
0.91055 0.08945 0
0.412285 0.587715 0
0.32825 0.67175 0
0.956585 0.0434145 0
0.740518 0.259482 0
0.97337 0.0266299 0
0.0917941 0.908206 0
0.822597 0.177403 0
0.456317 0.543683 0
0.995042 0.00495782 0
0.959993 0.040007 0
0.917502 0.0824977 0
0.986063 0.0139365 0
0.74741 0.25259 0
0.67416 0.32584 0
0.987577 0.012423 0
0.905042 0.0949584 0
0.868505 0.131495 0
0.957652 0.0423481 0
0.367925 0.632075 0
0.988803 0.0111968 0
0.915418 0.0845822 0
0.707594 0.292406 0
0.975616 0.0243843 0
0.736635 0.263365 0
0.936237 0.0637626 0
0.989774 0.0102265 0
0.986347 0.0136527 0
0.968865 0.0311353 0
0.517804 0.482196 0
0.873606 0.126394 0
0.544825 0.455175 0
0.954756 0.0452437 0
0.941295 0.0587051 0
0.96933 0.0306704 0
0.900215 0.0997852 0
0.979727 0.0202729 0
0.942879 0.0571206 0
0.767363 0.232637 0
0.547007 0.452993 0
0.971074 0.0289265 0
0.587164 0.412836 0
0.490117 0.509883 0
0.910994 0.0890065 0
0.529762 0.470238 0
0.571571 0.42843 0
0.97743 0.0225701 0
0.940685 0.0593147 0
0.943513 0.0564875 0
0.819475 0.180525 0
0.942452 0.0575478 0
0.947299 0.0527014 0
0.992125 0.00787474 0
0.990054 0.00994586 0
0.854521 0.145479 0
0.786885 0.213115 0
0.905249 0.0947506 0
0.554253 0.445747 0
0.986898 0.013102 0
0.117488 0.882512 0
0.960203 0.0397974 0
0.897526 0.102474 0
0.972515 0.0274851 0
0.645043 0.354957 0
0.829203 0.170797 0
0.630681 0.369319 0
0.989404 0.0105961 0
0.182982 0.817018 0
0.878889 0.121111 0
0.937015 0.0629847 0
0.978428 0.0215721 0
0.990468 0.00953165 0
0.97353 0.0264696 0
0.201584 0.798416 0
0.926098 0.0739023 0
0.890424 0.109576 0
0.890433 0.109567 0
0.925808 0.0741921 0
0.985927 0.0140731 0
0.680766 0.319234 0
0.533086 0.466914 0
0.791352 0.208648 0
0.932871 0.0671289 0
0.840742 0.159258 0
0.401095 0.598905 0
0.782037 0.217962 0
0.722199 0.277801 0
0.948057 0.0519428 0
0.992769 0.00723123 0
0.293633 0.706367 0
0.939347 0.0606531 0
0.811828 0.188172 0
0.736494 0.263506 0
0.959356 0.0406436 0
0.852953 0.147047 0
0.809468 0.190532 0
0.988023 0.0119772 0
0.902642 0.0973578 0
0.86428 0.13572 0
0.597359 0.402641 0
0.540835 0.459165 0
0.992674 0.00732613 0
0.411138 0.588862 0
0.971016 0.028984 0
0.87577 0.12423 0
0.536962 0.463038 0
0.97108 0.0289197 0
0.986463 0.0135366 0
0.683082 0.316918 0
0.255997 0.744003 0
0.90478 0.0952197 0
0.850157 0.149843 0
0.992863 0.00713667 0
0.969637 0.030363 0
0.956431 0.043569 0
0.149228 0.850772 0
0.969319 0.0306809 0
0.43511 0.56489 0
0.900313 0.0996874 0
0.77821 0.22179 0
0.995284 0.00471629 0
0.966381 0.0336188 0
0.887007 0.112993 0
0.815608 0.184392 0
0.935878 0.0641222 0
0.784235 0.215765 0
0.969279 0.0307212 0
0.919487 0.0805132 0
0.983663 0.0163374 0
0.853665 0.146335 0
0.987729 0.0122709 0
0.997853 0.00214702 0
0.9598 0.0402001 0
0.9768 0.0232003 0
0.958641 0.0413593 0
0.944301 0.0556992 0
0.988048 0.011952 0
0.991508 0.00849179 0
0.193463 0.806537 0
0.901656 0.0983444 0
0.963438 0.0365623 0
0.931896 0.0681041 0
0.880533 0.119467 0
0.956613 0.0433868 0
0.949987 0.0500126 0
0.95791 0.0420895 0
0.778168 0.221832 0
0.858913 0.141087 0
0.782354 0.217646 0
0.955947 0.044053 0
0.992206 0.00779422 0
0.988854 0.0111458 0
0.540214 0.459786 0
0.972506 0.0274939 0
0.567073 0.432927 0
0.249615 0.750385 0
0.990663 0.00933747 0
0.982263 0.0177366 0
0.98308 0.0169197 0
0.448035 0.551965 0
0.935944 0.0640563 0
0.883355 0.116645 0
0.990224 0.00977555 0
0.583216 0.416784 0
0.977703 0.0222972 0
0.977307 0.022693 0
0.94158 0.0584205 0
0.795199 0.204801 0
0.995495 0.00450494 0
0.985293 0.0147069 0
0.436012 0.563988 0
0.99641 0.0035896 0
0.934858 0.0651418 0
0.939305 0.0606955 0
0.993845 0.00615465 0
0.686976 0.313024 0
0.886459 0.113541 0
0.990062 0.00993771 0
0.958036 0.0419638 0
0.672478 0.327522 0
0.894458 0.105542 0
0.517491 0.482509 0
0.766711 0.233289 0
0.936277 0.0637231 0
0.981208 0.0187923 0
0.752622 0.247378 0
0.216841 0.783159 0
0.206795 0.793205 0
0.977057 0.0229432 0
0.362331 0.637669 0
0.671479 0.328521 0
0.962939 0.0370609 0
0.527026 0.472973 0
0.990506 0.00949355 0
0.953605 0.0463954 0
0.958606 0.041394 0
0.965427 0.034573 0
0.0356542 0.964346 0
0.665048 0.334952 0
0.176585 0.823415 0
0.959283 0.0407175 0
0.983342 0.0166584 0
0.961913 0.0380869 0
0.975958 0.024042 0
0.990858 0.00914245 0
0.468641 0.531359 0
0.904503 0.0954966 0
0.152387 0.847613 0
0.0356044 0.964396 0
0.981856 0.0181442 0
0.631437 0.368563 0
0.349835 0.650165 0
0.883337 0.116663 0
0.433236 0.566764 0
0.979149 0.0208508 0
0.834887 0.165113 0
0.0250845 0.974916 1
0.0671174 0.932883 1
0.126316 0.873684 1
0.0426237 0.957376 1
0.115927 0.884073 1
0.0329837 0.967016 1
0.400001 0.599999 1
0.0547575 0.945242 1
0.374845 0.625155 1
0.151497 0.848503 1
0.0341279 0.965872 1
0.144571 0.855429 1
0.0410922 0.958908 1
0.207613 0.792387 1
0.0297725 0.970227 1
0.0839242 0.916076 1
0.322432 0.677568 1
0.0324528 0.967547 1
0.0354255 0.964574 1
0.341168 0.658832 1
0.170152 0.829848 1
0.030228 0.969772 1
0.065853 0.934147 1
0.122706 0.877294 1
0.0225142 0.977486 1
0.0670451 0.932955 1
0.04797 0.95203 1
0.043782 0.956218 1
0.0328567 0.967143 1
0.0261657 0.973834 1
0.284114 0.715886 1
0.0265929 0.973407 1
0.341883 0.658117 1
0.0260708 0.973929 1
0.153915 0.846084 1
0.0364961 0.963504 1
0.0509143 0.949086 1
0.0275068 0.972493 1
0.0356822 0.964318 1
0.0817901 0.91821 1
0.0559723 0.944028 1
0.040934 0.959066 1
0.033026 0.966974 1
0.30502 0.69498 1
0.0288915 0.971108 1
0.0357511 0.964249 1
0.0306937 0.969306 1
0.359698 0.640302 1
0.305587 0.694413 1
0.197847 0.802153 1
0.108363 0.891637 1
0.0239716 0.976028 1
0.507654 0.492346 1
0.042283 0.957717 1
0.118467 0.881533 1
0.0457028 0.954297 1
0.0313544 0.968646 1
0.141539 0.858461 1
0.113058 0.886942 1
0.13564 0.86436 1
0.577098 0.422902 1
0.107748 0.892252 1
0.0273653 0.972635 1
0.0262112 0.973789 1
0.0323528 0.967647 1
0.0651975 0.934802 1
0.0396409 0.960359 1
0.0634615 0.936538 1
0.193984 0.806016 1
0.0330999 0.9669 1
0.108646 0.891354 1
0.0715133 0.928487 1
0.039051 0.960949 1
0.0926704 0.90733 1
0.727777 0.272223 1
0.15033 0.84967 1
0.0232848 0.976715 1
0.329519 0.670481 1
0.0239389 0.976061 1
0.0258798 0.97412 1
0.0307555 0.969245 1
0.0960336 0.903966 1
0.896208 0.103792 1
0.0246059 0.975394 1
0.654348 0.345652 1
0.105571 0.894429 1
0.126735 0.873265 1
0.0540466 0.945953 1
0.0815222 0.918478 1
0.144731 0.855269 1
0.0486958 0.951304 1
0.0225777 0.977422 1
0.124588 0.875412 1
0.0704866 0.929513 1
0.0309297 0.96907 1
0.0229537 0.977046 1
0.0256905 0.97431 1
0.6987 0.3013 1
0.116461 0.883539 1
0.354 0.646 1
0.0289804 0.97102 1
0.0647225 0.935277 1
0.678131 0.321869 1
0.0230142 0.976986 1
0.0488381 0.951162 1
0.0447198 0.95528 1
0.0979336 0.902066 1
0.0399798 0.96002 1
0.146399 0.853601 1
0.0693767 0.930623 1
0.0406192 0.959381 1
0.0254203 0.97458 1
0.109738 0.890262 1
0.0262275 0.973773 1
0.16989 0.83011 1
0.0320924 0.967908 1
0.177596 0.822404 1
0.0297815 0.970218 1
0.0433886 0.956611 1
0.0691012 0.930899 1
0.503285 0.496715 1
0.0548707 0.945129 1
0.0469368 0.953063 1
0.122947 0.877053 1
0.0698077 0.930192 1
0.296773 0.703227 1
0.870071 0.129929 1
0.0277088 0.972291 1
0.0243212 0.975679 1
0.0782082 0.921792 1
0.0280867 0.971913 1
0.0841989 0.915801 1
0.0327488 0.967251 1
0.0330179 0.966982 1
0.0256595 0.97434 1
0.0687765 0.931223 1
0.0244826 0.975517 1
0.0202833 0.979717 1
0.0276271 0.972373 1
0.487443 0.512557 1
0.0219774 0.978023 1
0.0951334 0.904867 1
0.124891 0.875109 1
0.415242 0.584758 1
0.0700259 0.929974 1
0.0445062 0.955494 1
0.231412 0.768588 1
0.0238721 0.976128 1
0.0413873 0.958613 1
0.507111 0.492889 1
0.030164 0.969836 1
0.0265858 0.973414 1
0.0398882 0.960112 1
0.0480069 0.951993 1
0.370034 0.629966 1
0.0739966 0.926003 1
0.171932 0.828068 1
0.0475769 0.952423 1
0.217934 0.782066 1
0.131602 0.868398 1
0.0343114 0.965689 1
0.0583229 0.941677 1
0.0252688 0.974731 1
0.0242204 0.97578 1
0.0553671 0.944633 1
0.0282875 0.971713 1
0.168339 0.831662 1
0.183988 0.816012 1
0.218594 0.781406 1
0.0337386 0.966261 1
0.0230324 0.976968 1
0.0412624 0.958737 1
0.316408 0.683592 1
0.254954 0.745046 1
0.2626 0.7374 1
0.063175 0.936825 1
0.459157 0.540843 1
0.416661 0.583339 1
0.0335294 0.966471 1
0.0364578 0.963542 1
0.0732653 0.926735 1
0.428262 0.571738 1
0.0238682 0.976132 1
0.0286624 0.971338 1
0.560996 0.439004 1
0.0602322 0.939768 1
0.0371455 0.962855 1
0.751097 0.248903 1
0.0786382 0.921362 1
0.116334 0.883667 1
0.0248286 0.975171 1
0.165983 0.834017 1
0.405532 0.594468 1
0.0736787 0.926321 1
0.335469 0.664531 1
0.607926 0.392074 1
0.13467 0.86533 1
0.030463 0.969537 1
0.0357185 0.964281 1
0.0825013 0.917499 1
0.0339261 0.966074 1
0.113699 0.886301 1
0.0375127 0.962487 1
0.0362796 0.96372 1
0.057008 0.942992 1
0.0230219 0.976978 1
0.0292986 0.970701 1
0.383921 0.616079 1
0.222754 0.777246 1
0.0418867 0.958113 1
0.0235386 0.976461 1
0.0237362 0.976264 1
0.625232 0.374768 1
0.441644 0.558356 1
0.0404334 0.959567 1
0.0280477 0.971952 1
0.890717 0.109283 1
0.224864 0.775136 1
0.0908037 0.909196 1
0.0218255 0.978174 1
0.039811 0.960189 1
0.0463496 0.95365 1
0.0217989 0.978201 1
0.301933 0.698067 1
0.0232757 0.976724 1
0.158536 0.841464 1
0.0249242 0.975076 1
0.758949 0.241051 1
0.121496 0.878504 1
0.895911 0.104089 1
0.104231 0.895769 1
0.30675 0.69325 1
0.235143 0.764857 1
0.0400504 0.95995 1
0.144361 0.855639 1
0.0347998 0.9652 1
0.0580009 0.941999 1
0.511301 0.488699 1
0.0606614 0.939339 1
0.0357554 0.964244 1
0.177528 0.822472 1
0.40039 0.59961 1
0.0675112 0.932489 1
0.243529 0.756471 1
0.0496706 0.950329 1
0.0495105 0.950489 1
0.134849 0.865151 1
0.0260888 0.973911 1
0.0386622 0.961338 1
0.024632 0.975368 1
0.0208255 0.979175 1
0.0368587 0.963141 1
0.177174 0.822826 1
0.0612792 0.938721 1
0.126592 0.873408 1
0.0794724 0.920528 1
0.0420398 0.95796 1
0.214797 0.785203 1
0.0486531 0.951347 1
0.966909 0.0330907 1
0.024108 0.975892 1
0.0499463 0.950054 1
0.163622 0.836378 1
0.0319995 0.968 1
0.0379717 0.962028 1
0.0247374 0.975263 1
0.0375552 0.962445 1
0.0254559 0.974544 1
0.833695 0.166305 1
0.130364 0.869636 1
0.0394004 0.9606 1
0.529476 0.470524 1
0.61987 0.38013 1
0.678828 0.321172 1
0.0286779 0.971322 1
0.0336926 0.966307 1
0.0576764 0.942324 1
0.0446042 0.955396 1
0.0216905 0.978309 1
0.032872 0.967128 1
0.0317737 0.968226 1
0.0301003 0.9699 1
0.672254 0.327746 1
0.0498694 0.950131 1
0.0930921 0.906908 1
0.0458395 0.954161 1
0.0452643 0.954736 1
0.528404 0.471596 1
0.0853754 0.914625 1
0.0283629 0.971637 1
0.0413756 0.958624 1
0.0313189 0.968681 1
0.273938 0.726062 1
0.036529 0.963471 1
0.0289718 0.971028 1
0.259119 0.740881 1
0.053293 0.946707 1
0.174245 0.825755 1
0.0230291 0.976971 1
0.036695 0.963305 1
0.0259408 0.974059 1
0.417307 0.582693 1
0.0290756 0.970924 1
0.0503708 0.949629 1
0.0253632 0.974637 1
0.0412882 0.958712 1
0.486416 0.513584 1
0.0396517 0.960348 1
0.0679704 0.93203 1
0.044982 0.955018 1
0.0346609 0.965339 1
0.242825 0.757175 1
0.0696744 0.930326 1
0.0415665 0.958433 1
0.226547 0.773452 1
0.0877685 0.912232 1
0.107373 0.892627 1
0.030722 0.969278 1
0.457269 0.542731 1
0.026859 0.973141 1
0.169347 0.830653 1
0.0324513 0.967549 1
0.0988454 0.901155 1
0.0326615 0.967338 1
0.364188 0.635812 1
0.100073 0.899927 1
0.0988155 0.901184 1
0.0290645 0.970936 1
0.0290044 0.970996 1
0.0900648 0.909935 1
0.0250348 0.974965 1
0.0391602 0.96084 1
0.0521447 0.947855 1
0.784218 0.215782 1
0.0286758 0.971324 1
0.106783 0.893217 1
0.0290929 0.970907 1
0.0732873 0.926713 1
0.0266821 0.973318 1
0.0500646 0.949935 1
0.354979 0.645021 1
0.0512448 0.948755 1
0.245031 0.754969 1
0.0869996 0.913 1
0.425725 0.574275 1
0.0599787 0.940021 1
0.025984 0.974016 1
0.0901329 0.909867 1
0.188499 0.811501 1
0.0247288 0.975271 1
0.247085 0.752915 1
0.51585 0.48415 1
0.025375 0.974625 1
0.551453 0.448547 1
0.816619 0.183381 1
0.0402347 0.959765 1
0.142949 0.857051 1
0.764999 0.235001 1
0.022984 0.977016 1
0.0231434 0.976857 1
0.798961 0.201039 1
0.0728296 0.92717 1
0.546512 0.453488 1
0.0394629 0.960537 1
0.0434818 0.956518 1
0.0277594 0.972241 1
0.0287431 0.971257 1
0.0746588 0.925341 1
0.588497 0.411503 1
0.0370359 0.962964 1
0.112739 0.887261 1
0.688969 0.311031 1
0.0976659 0.902334 1
0.848506 0.151494 1
0.030075 0.969925 1
0.0932881 0.906712 1
0.400376 0.599624 1
0.664237 0.335763 1
0.683478 0.316522 1
0.0263399 0.97366 1
0.354344 0.645656 1
0.0238055 0.976195 1
0.0295329 0.970467 1
0.022965 0.977035 1
0.0361135 0.963886 1
0.156289 0.843711 1
0.0562715 0.943728 1
0.635548 0.364452 1
0.109175 0.890825 1
0.0235924 0.976408 1
0.0414778 0.958522 1
0.150345 0.849655 1
0.0249095 0.975091 1
0.0213485 0.978652 1
0.0939547 0.906045 1
0.126208 0.873792 1
0.0246837 0.975316 1
0.100885 0.899115 1
0.340268 0.659732 1
0.0978374 0.902163 1
0.422727 0.577273 1
0.106284 0.893716 1
0.0282304 0.97177 1
0.0512367 0.948763 1
0.026133 0.973867 1
0.109413 0.890587 1
0.037605 0.962395 1
0.264188 0.735812 1
0.162023 0.837977 1
0.246933 0.753067 1
0.0650468 0.934953 1
0.545889 0.454111 1
0.890223 0.109777 1
0.244662 0.755338 1
0.514378 0.485622 1
0.425255 0.574745 1
0.0258415 0.974159 1
0.0272891 0.972711 1
0.0501378 0.949862 1
0.0286258 0.971374 1
0.0331643 0.966836 1
0.0845157 0.915484 1
0.173922 0.826078 1
0.0309727 0.969027 1
0.0601789 0.939821 1
0.0300242 0.969976 1
0.163004 0.836996 1
0.0364783 0.963522 1
0.0350543 0.964946 1
0.0673327 0.932667 1
0.733963 0.266037 1
0.0309226 0.969077 1
0.126608 0.873392 1
0.0227863 0.977214 1
0.0382773 0.961723 1
0.297122 0.702878 1
0.22321 0.77679 1
0.281153 0.718847 1
0.0353379 0.964662 1
0.0488121 0.951188 1
0.907588 0.0924115 1
0.0322941 0.967706 1
0.0437895 0.95621 1
0.140952 0.859048 1
0.0590844 0.940916 1
0.274732 0.725268 1
0.0707681 0.929232 1
0.386289 0.613711 1
0.0835875 0.916412 1
0.0610844 0.938916 1
0.0340759 0.965924 1
0.938512 0.0614885 1
0.0461944 0.953806 1
0.0260969 0.973903 1
0.675896 0.324104 1
0.0292668 0.970733 1
0.0702569 0.929743 1
0.924792 0.0752084 1
0.0417943 0.958206 1
0.0316719 0.968328 1
0.0500272 0.949973 1
0.0412617 0.958738 1
0.0258161 0.974184 1
0.148162 0.851838 1
0.32087 0.67913 1
0.0341673 0.965833 1
0.061433 0.938567 1
0.0476042 0.952396 1
0.339164 0.660836 1
0.0197261 0.980274 1
0.0997401 0.90026 1
0.0292734 0.970727 1
0.299188 0.700812 1
0.0368216 0.963178 1
0.114774 0.885226 1
0.467844 0.532156 1
0.0301217 0.969878 1
0.0263191 0.973681 1
0.0541508 0.945849 1
0.924405 0.0755953 1
0.0319036 0.968096 1
0.0600687 0.939931 1
0.0338219 0.966178 1
0.584942 0.415058 1
0.0347649 0.965235 1
0.256297 0.743703 1
0.0212503 0.97875 1
0.0336727 0.966327 1
0.125313 0.874687 1
0.0199126 0.980087 1
0.0260357 0.973964 1
0.0585059 0.941494 1
0.125733 0.874267 1
0.405726 0.594274 1
0.0218245 0.978175 1
0.028179 0.971821 1
0.131319 0.868681 1
0.859007 0.140993 1
0.136636 0.863364 1
0.122849 0.877151 1
0.0253424 0.974658 1
0.120063 0.879937 1
0.0527061 0.947294 1
0.0490983 0.950902 1
0.0536107 0.946389 1
0.205509 0.794491 1
0.0478052 0.952195 1
0.117092 0.882908 1
0.0368693 0.963131 1
0.0295118 0.970488 1
0.0320507 0.967949 1
0.180952 0.819048 1
0.050481 0.949519 1
0.461921 0.538079 1
0.0263761 0.973624 1
0.0861685 0.913832 1
0.0212735 0.978727 1
0.0355027 0.964497 1
0.0245077 0.975492 1
0.113884 0.886116 1
0.0434413 0.956559 1
0.0591295 0.940871 1
0.572401 0.427599 1
0.126857 0.873143 1
0.0518537 0.948146 1
0.0637153 0.936285 1
0.411169 0.588831 1
0.064576 0.935424 1
0.0353282 0.964672 1
0.049362 0.950638 1
0.390566 0.609434 1
0.0213982 0.978602 1
0.147456 0.852544 1
0.0802077 0.919792 1
0.0387445 0.961255 1
0.351798 0.648202 1
0.0298448 0.970155 1
0.0391484 0.960852 1
0.034006 0.965994 1
0.0551721 0.944828 1
0.0530182 0.946982 1
0.0670523 0.932948 1
0.261193 0.738807 1
0.0373344 0.962666 1
0.0388402 0.96116 1
0.0576968 0.942303 1
0.0474247 0.952575 1
0.0530818 0.946918 1
0.0251663 0.974834 1
0.100021 0.899979 1
0.0455965 0.954403 1
0.454777 0.545223 1
0.0688969 0.931103 1
0.0351797 0.96482 1
0.0260393 0.973961 1
0.0719301 0.92807 1
0.0428781 0.957122 1
0.34273 0.65727 1
0.0335368 0.966463 1
0.040432 0.959568 1
0.0840496 0.91595 1
0.35243 0.64757 1
0.0279551 0.972045 1
0.10573 0.89427 1
0.0420499 0.95795 1
0.0309329 0.969067 1
0.0498758 0.950124 1
0.0356976 0.964302 1
0.414036 0.585964 1
0.0347443 0.965256 1
0.965832 0.0341678 1
0.201004 0.798996 1
0.058743 0.941257 1
0.039138 0.960862 1
0.083822 0.916178 1
0.0282482 0.971752 1
0.0335484 0.966452 1
0.0820033 0.917997 1
0.0231183 0.976882 1
0.026686 0.973314 1
0.0277861 0.972214 1
0.0531099 0.94689 1
0.348062 0.651938 1
0.0299064 0.970094 1
0.0273089 0.972691 1
0.0594186 0.940581 1
0.347068 0.652932 1
0.0526876 0.947312 1
0.0261706 0.973829 1
0.0244648 0.975535 1
0.0181695 0.981831 1
0.100402 0.899598 1
0.0280906 0.971909 1
0.421923 0.578077 1
0.16825 0.83175 1
0.0309604 0.96904 1
0.910764 0.0892361 1
0.0234402 0.97656 1
0.0225507 0.977449 1
0.364894 0.635106 1
0.0316137 0.968386 1
0.218171 0.781829 1
0.240367 0.759633 1
0.319756 0.680244 1
0.130983 0.869017 1
0.022759 0.977241 1
0.0564218 0.943578 1
0.522686 0.477314 1
0.0628793 0.937121 1
0.292 0.708 1
0.0667534 0.933247 1
0.0301247 0.969875 1
0.0239809 0.976019 1
0.0263442 0.973656 1
0.0934942 0.906506 1
0.0281508 0.971849 1
0.0226263 0.977374 1
0.831489 0.168511 1
0.0272356 0.972764 1
0.0313784 0.968622 1
0.660696 0.339304 1
0.249168 0.750832 1
0.0520537 0.947946 1
0.0506207 0.949379 1
0.16761 0.83239 1
0.0386187 0.961381 1
0.0391293 0.960871 1
0.269437 0.730563 1
0.0493898 0.95061 1
0.020575 0.979425 1
0.0250327 0.974967 1
0.371538 0.628462 1
0.0646896 0.93531 1
0.173387 0.826613 1
0.0324567 0.967543 1
0.0343213 0.965679 1
0.0228884 0.977112 1
0.0263407 0.973659 1
0.113947 0.886053 1
0.131471 0.868529 1
0.0875597 0.91244 1
0.0203712 0.979629 1
0.0599095 0.94009 1
0.182588 0.817412 1
0.0336914 0.966309 1
0.0780514 0.921949 1
0.0471192 0.952881 1
0.0336211 0.966379 1
0.0257838 0.974216 1
0.422155 0.577845 1
0.0312503 0.96875 1
0.0364876 0.963512 1
0.0495824 0.950418 1
0.0635936 0.936406 1
0.0340317 0.965968 1
0.0897785 0.910222 1
0.0284602 0.97154 1
0.0234167 0.976583 1
0.0434626 0.956537 1
0.0298452 0.970155 1
0.023505 0.976495 1
0.0364139 0.963586 1
0.0278594 0.972141 1
0.430218 0.569782 1
0.022162 0.977838 1
0.0679534 0.932047 1
0.0230075 0.976992 1
0.062614 0.937386 1
0.204702 0.795298 1
0.0846413 0.915359 1
0.0339133 0.966087 1
0.0277745 0.972226 1
0.0323703 0.96763 1
0.103344 0.896656 1
0.0333436 0.966656 1
0.0264839 0.973516 1
0.081071 0.918929 1
0.116062 0.883938 1
0.662072 0.337928 1
0.0299816 0.970018 1
0.058815 0.941185 1
0.820269 0.179731 1
0.704206 0.295794 1
0.206827 0.793173 1
0.0333424 0.966658 1
0.0335493 0.966451 1
0.127784 0.872216 1
0.0280719 0.971928 1
0.909019 0.0909809 1
0.0368021 0.963198 1
0.0990795 0.900921 1
0.035419 0.964581 1
0.054225 0.945775 1
0.0234845 0.976516 1
0.0435639 0.956436 1
0.03388 0.96612 1
0.0376891 0.962311 1
0.0229885 0.977012 1
0.515329 0.484671 1
0.0356925 0.964307 1
0.0278911 0.972109 1
0.404298 0.595702 1
0.175976 0.824024 1
0.0761786 0.923821 1
0.0288653 0.971135 1
0.0264513 0.973549 1
0.0326646 0.967335 1
0.14919 0.85081 1
0.168059 0.831941 1
0.190997 0.809003 1
0.111571 0.888429 1
0.0390039 0.960996 1
0.0486359 0.951364 1
0.0317515 0.968249 1
0.0510804 0.94892 1
0.249567 0.750433 1
0.572206 0.427794 1
0.271249 0.728751 1
0.156499 0.843501 1
0.0372484 0.962752 1
0.0315842 0.968416 1
0.679211 0.320789 1
0.881454 0.118546 1
0.0235337 0.976466 1
0.398857 0.601143 1
0.0369137 0.963086 1
0.0353697 0.96463 1
0.0228161 0.977184 1
0.0333399 0.96666 1
0.0386031 0.961397 1
0.137908 0.862092 1
0.0331322 0.966868 1
0.0249401 0.97506 1
0.572689 0.427311 1
0.0717701 0.92823 1
0.0527717 0.947228 1
0.0321885 0.967811 1
0.0327042 0.967296 1
0.0468891 0.953111 1
0.0264484 0.973552 1
0.280098 0.719902 1
0.025394 0.974606 1
0.0290487 0.970951 1
0.857706 0.142294 1
0.0747579 0.925242 1
0.0397989 0.960201 1
0.23853 0.76147 1
0.0253959 0.974604 1
0.0338702 0.96613 1
0.148829 0.851171 1
0.0331314 0.966869 1
0.132129 0.867871 1
0.101142 0.898858 1
0.378563 0.621437 1
0.9195 0.0804997 1
0.0239264 0.976074 1
0.0374619 0.962538 1
0.771081 0.228919 1
0.10101 0.898991 1
0.025293 0.974707 1
0.795627 0.204373 1
0.0329724 0.967028 1
0.212009 0.787991 1
0.207174 0.792826 1
0.316002 0.683998 1
0.0290801 0.97092 1
0.171388 0.828612 1
0.112112 0.887887 1
0.0299604 0.97004 1
0.926976 0.0730239 1
0.0438567 0.956143 1
0.0233309 0.976669 1
0.04023 0.95977 1
0.0359696 0.96403 1
0.0281293 0.971871 1
0.880718 0.119282 1
0.0827764 0.917224 1
0.0268084 0.973192 1
0.0270651 0.972935 1
0.0287756 0.971224 1
0.0267542 0.973246 1
0.060432 0.939568 1
0.0173614 0.982639 1
0.0562241 0.943776 1
0.028647 0.971353 1
0.0909922 0.909008 1
0.0424165 0.957583 1
0.0407686 0.959231 1
0.216644 0.783356 1
0.0308471 0.969153 1
0.0325296 0.96747 1
0.578191 0.421809 1
0.0945112 0.905489 1
0.0281343 0.971866 1
0.0392229 0.960777 1
0.514383 0.485617 1
0.184103 0.815897 1
0.822258 0.177742 1
0.0464322 0.953568 1
0.104785 0.895215 1
0.644306 0.355694 1
0.129745 0.870255 1
0.520826 0.479174 1
0.718984 0.281016 1
0.0234491 0.976551 1
0.271233 0.728767 1
0.121366 0.878634 1
0.0223077 0.977692 1
0.501164 0.498835 1
0.250174 0.749826 1
0.024569 0.975431 1
0.130346 0.869654 1
0.105901 0.894099 1
0.0218993 0.978101 1
0.0366269 0.963373 1
0.344389 0.655611 1
0.0778826 0.922117 1
0.0683546 0.931645 1
0.10145 0.89855 1
0.0243275 0.975673 1
0.0273453 0.972655 1
0.0352543 0.964746 1
0.0360248 0.963975 1
0.0269258 0.973074 1
0.197455 0.802545 1
0.98422 0.0157795 1
0.172066 0.827934 1
0.0746684 0.925332 1
0.188691 0.811309 1
0.0518169 0.948183 1
0.0542227 0.945777 1
0.0279879 0.972012 1
0.0598548 0.940145 1
0.233845 0.766155 1
0.0730103 0.92699 1
0.358376 0.641624 1
0.0249048 0.975095 1
0.0245361 0.975464 1
0.119123 0.880877 1
0.0223817 0.977618 1
0.151313 0.848687 1
0.0452729 0.954727 1
0.600107 0.399893 1
0.0232758 0.976724 1
0.136996 0.863004 1
0.787926 0.212074 1
0.952958 0.0470421 1
0.03761 0.96239 1
0.0241209 0.975879 1
0.20586 0.79414 1
0.087257 0.912743 1
0.0342598 0.96574 1
0.0329566 0.967043 1
0.556149 0.443851 1
0.29213 0.70787 1
0.0209026 0.979097 1
0.0401802 0.95982 1
0.0311776 0.968822 1
0.0287953 0.971205 1
0.0310636 0.968936 1
0.0187787 0.981221 1
0.0364553 0.963545 1
0.360992 0.639008 1
0.0870811 0.912919 1
0.0318337 0.968166 1
0.247558 0.752442 1
0.439792 0.560208 1
0.0457547 0.954245 1
0.11733 0.88267 1
0.0298742 0.970126 1
0.0224236 0.977576 1
0.0229898 0.97701 1
0.0233427 0.976657 1
0.0556579 0.944342 1
0.0763435 0.923657 1
0.0263563 0.973644 1
0.0420126 0.957987 1
0.0315056 0.968494 1
0.0237143 0.976286 1
0.0308277 0.969172 1
0.0296533 0.970347 1
0.0467035 0.953297 1
0.038256 0.961744 1
0.0653266 0.934673 1
0.516915 0.483085 1
0.0875618 0.912438 1
0.0325433 0.967457 1
0.0347409 0.965259 1
0.0552379 0.944762 1
0.026035 0.973965 1
0.0300358 0.969964 1
0.163533 0.836467 1
0.111273 0.888727 1
0.026938 0.973062 1
0.0335158 0.966484 1
0.232713 0.767287 1
0.160017 0.839983 1
0.0246111 0.975389 1
0.0283537 0.971646 1
0.0677836 0.932216 1
0.0288052 0.971195 1
0.0758217 0.924178 1
0.626107 0.373893 1
0.022902 0.977098 1
0.735401 0.264599 1
0.329848 0.670152 1
0.0688381 0.931162 1
0.595614 0.404386 1
0.134295 0.865705 1
0.0480261 0.951974 1
0.0257861 0.974214 1
0.0899806 0.910019 1
0.0259368 0.974063 1
0.029669 0.970331 1
0.02803 0.97197 1
0.185126 0.814874 1
0.279193 0.720807 1
0.0397629 0.960237 1
0.0251027 0.974897 1
0.032897 0.967103 1
0.0661125 0.933887 1
0.297239 0.702761 1
0.675252 0.324748 1
0.121754 0.878246 1
0.233954 0.766046 1
0.0453975 0.954603 1
0.0393839 0.960616 1
0.55254 0.44746 1
0.0819126 0.918087 1
0.52152 0.47848 1
0.0326767 0.967323 1
0.636284 0.363716 1
0.126697 0.873303 1
0.0346668 0.965333 1
0.0329363 0.967064 1
0.0257733 0.974227 1
0.0283165 0.971684 1
0.0263196 0.97368 1
0.0205803 0.97942 1
0.0214135 0.978586 1
0.0267379 0.973262 1
0.0228083 0.977192 1
0.0207155 0.979284 1
0.121188 0.878812 1
0.0254864 0.974514 1
0.0387113 0.961289 1
0.0432417 0.956758 1
0.576107 0.423893 1
0.0212461 0.978754 1
0.0288351 0.971165 1
0.451753 0.548247 1
0.0434369 0.956563 1
0.0623201 0.93768 1
0.039624 0.960376 1
0.424127 0.575873 1
0.227434 0.772566 1
0.0251511 0.974849 1
0.782705 0.217295 1
0.0657318 0.934268 1
0.0478929 0.952107 1
0.295989 0.704011 1
0.105778 0.894222 1
0.424073 0.575927 1
0.093247 0.906753 1
0.0329444 0.967056 1
0.0278696 0.97213 1
0.0555334 0.944467 1
0.087194 0.912806 1
0.0299854 0.970015 1
0.248723 0.751277 1
0.376724 0.623276 1
0.0305734 0.969427 1
0.0880988 0.911901 1
0.0346475 0.965353 1
0.0471231 0.952877 1
0.0259364 0.974064 1
0.057722 0.942278 1
0.968314 0.0316862 1
0.452878 0.547122 1
0.0280063 0.971994 1
0.0490815 0.950919 1
0.0455326 0.954467 1
0.123212 0.876788 1
0.0286307 0.971369 1
0.0284156 0.971584 1
0.030504 0.969496 1
0.0703811 0.929619 1
0.0339393 0.966061 1
0.532196 0.467804 1
0.0240384 0.975962 1
0.0279454 0.972055 1
0.227108 0.772892 1
0.0951714 0.904829 1
0.0587515 0.941248 1
0.903087 0.0969133 1
0.0278593 0.972141 1
0.0380076 0.961992 1
0.188034 0.811967 1
0.027165 0.972835 1
0.0270209 0.972979 1
