0.98514 0.0148596 0
0.998722 0.00127804 0
0.958487 0.0415131 0
0.996951 0.00304885 0
0.671959 0.328041 0
0.991891 0.00810895 0
0.747291 0.252709 0
0.984676 0.0153243 0
0.939676 0.0603245 0
0.730858 0.269142 0
0.976913 0.0230868 0
0.965519 0.034481 0
0.970114 0.0298858 0
0.742022 0.257978 0
0.936575 0.0634249 0
0.667297 0.332703 0
0.0908036 0.909196 0
0.992676 0.00732438 0
0.146732 0.853268 0
0.987103 0.0128974 0
0.995619 0.00438094 0
0.993654 0.00634617 0
0.997049 0.0029514 0
0.883582 0.116418 0
0.989415 0.0105848 0
0.989574 0.010426 0
0.997248 0.00275157 0
0.937149 0.0628508 0
0.982965 0.0170353 0
0.984955 0.0150449 0
0.991483 0.00851739 0
0.366755 0.633245 0
0.973553 0.0264468 0
0.987102 0.0128982 0
0.704387 0.295613 0
0.995127 0.00487334 0
0.591045 0.408955 0
0.855554 0.144446 0
0.99517 0.00482979 0
0.995876 0.00412438 0
0.95915 0.0408498 0
0.630143 0.369857 0
0.964956 0.0350442 0
0.655209 0.344791 0
0.987161 0.0128389 0
0.999251 0.000748903 0
0.975048 0.024952 0
0.959656 0.0403437 0
0.998571 0.00142855 0
0.630426 0.369574 0
0.912224 0.0877762 0
0.978976 0.0210241 0
0.965487 0.0345134 0
0.997653 0.00234667 0
0.674638 0.325362 0
0.994697 0.00530266 0
0.999109 0.00089078 0
0.786892 0.213108 0
0.985712 0.0142881 0
0.126644 0.873356 0
0.454853 0.545147 0
0.95356 0.0464397 0
0.39889 0.60111 0
0.987383 0.0126171 0
0.719136 0.280864 0
0.996236 0.00376418 0
0.684546 0.315454 0
0.998817 0.00118332 0
0.949769 0.0502313 0
0.986869 0.0131309 0
0.997291 0.00270895 0
0.968744 0.0312558 0
0.986946 0.0130543 0
0.989648 0.0103521 0
0.355187 0.644813 0
0.949976 0.0500244 0
0.997843 0.00215746 0
0.993636 0.00636352 0
0.998611 0.0013892 0
0.987413 0.0125866 0
0.978231 0.0217686 0
0.986146 0.0138537 0
0.997721 0.00227919 0
0.943505 0.0564946 0
0.754712 0.245289 0
0.998332 0.0016677 0
0.818238 0.181762 0
0.999206 0.000794296 0
0.96989 0.0301097 0
0.975592 0.0244085 0
0.89746 0.10254 0
0.998809 0.00119146 0
0.996076 0.00392371 0
0.977972 0.0220281 0
0.982467 0.0175331 0
0.941659 0.0583409 0
0.999083 0.000916587 0
0.793735 0.206265 0
0.979265 0.0207349 0
0.997236 0.00276386 0
0.0972343 0.902766 0
0.990289 0.00971134 0
0.997652 0.00234822 0
0.994366 0.00563351 0
0.996386 0.0036143 0
0.797544 0.202456 0
0.574597 0.425404 0
0.963621 0.0363791 0
0.94769 0.0523104 0
0.99313 0.00687019 0
0.902735 0.0972654 0
0.996929 0.00307109 0
0.331693 0.668307 0
0.997902 0.00209827 0
0.994211 0.00578868 0
0.993906 0.00609389 0
0.180508 0.819492 0
0.199847 0.800153 0
0.773151 0.226849 0
0.0606715 0.939329 0
0.950167 0.0498327 0
0.4656 0.5344 0
0.979935 0.0200647 0
0.993828 0.00617172 0
0.991816 0.00818428 0
0.987335 0.0126652 0
0.934773 0.065227 0
0.996067 0.00393291 0
0.719685 0.280315 0
0.998111 0.00188875 0
0.00805977 0.99194 0
0.772237 0.227763 0
0.995741 0.00425874 0
0.994015 0.00598467 0
0.99889 0.00110997 0
0.999403 0.000596991 0
0.939327 0.0606727 0
0.997307 0.00269312 0
0.997404 0.00259562 0
0.977742 0.0222576 0
0.992027 0.00797314 0
0.553839 0.446161 0
0.978271 0.0217293 0
0.982026 0.0179743 0
0.989544 0.0104563 0
0.986352 0.013648 0
0.997729 0.00227076 0
0.981067 0.018933 0
0.989201 0.0107989 0
0.332076 0.667924 0
0.987694 0.012306 0
0.959506 0.040494 0
0.998748 0.00125222 0
0.948955 0.0510445 0
0.328533 0.671467 0
0.736187 0.263813 0
0.823894 0.176106 0
0.609124 0.390876 0
0.541637 0.458363 0
0.994753 0.00524674 0
0.944522 0.0554784 0
0.94776 0.0522399 0
0.999734 0.000266298 0
0.98613 0.0138696 0
0.487947 0.512053 0
0.99521 0.00479048 0
0.659427 0.340573 0
0.993208 0.0067916 0
0.997881 0.00211903 0
0.992914 0.00708604 0
0.999376 0.000624143 0
0.677555 0.322445 0
0.0555163 0.944484 0
0.922533 0.0774672 0
0.989015 0.0109846 0
0.81993 0.18007 0
0.236903 0.763097 0
0.996281 0.00371909 0
0.993706 0.00629372 0
0.982477 0.0175228 0
0.983955 0.0160447 0
0.996682 0.00331829 0
0.996823 0.00317734 0
0.743339 0.256661 0
0.745532 0.254468 0
0.527175 0.472825 0
0.99916 0.000840138 0
0.0779722 0.922028 0
0.937963 0.0620369 0
0.979001 0.0209988 0
0.99835 0.00164965 0
0.991297 0.0087034 0
0.960651 0.039349 0
0.970958 0.0290424 0
0.997874 0.00212648 0
0.999254 0.000746182 0
0.99303 0.00697024 0
0.840303 0.159697 0
0.994843 0.00515644 0
0.922745 0.0772547 0
0.938035 0.061965 0
0.998098 0.00190163 0
0.965645 0.0343546 0
0.997975 0.00202495 0
0.603953 0.396047 0
0.997381 0.00261878 0
0.997124 0.00287631 0
0.994361 0.00563914 0
0.980289 0.0197109 0
0.890937 0.109063 0
0.717547 0.282453 0
0.0739165 0.926084 0
0.996307 0.00369329 0
0.979101 0.0208989 0
0.911229 0.0887711 0
0.991743 0.00825663 0
0.0370491 0.962951 0
0.986763 0.0132367 0
0.97254 0.0274601 0
0.916832 0.0831676 0
0.999276 0.000723848 0
0.997576 0.00242426 0
0.998917 0.00108264 0
0.800718 0.199282 0
0.950495 0.0495052 0
0.978103 0.0218973 0
0.201255 0.798745 0
0.986507 0.013493 0
0.835817 0.164183 0
0.984554 0.0154458 0
0.707607 0.292393 0
0.948216 0.0517834 0
0.944384 0.0556157 0
0.999064 0.000936075 0
0.992879 0.00712055 0
0.998658 0.00134244 0
0.997413 0.00258674 0
0.872023 0.127977 0
0.999363 0.000636991 0
0.997371 0.00262938 0
0.365676 0.634324 0
0.867741 0.13226 0
0.930311 0.0696887 0
0.999262 0.00073761 0
0.927803 0.0721971 0
0.985956 0.0140441 0
0.973527 0.0264725 0
0.983806 0.0161935 0
0.880519 0.119481 0
0.963181 0.0368187 0
0.880032 0.119968 0
0.998096 0.00190374 0
0.90793 0.0920703 0
0.984578 0.0154223 0
0.146687 0.853313 0
0.740167 0.259833 0
0.993277 0.00672344 0
0.369334 0.630666 0
0.105256 0.894744 0
0.961943 0.0380571 0
0.920404 0.0795957 0
0.126858 0.873142 0
0.999169 0.000830613 0
0.984754 0.015246 0
0.995171 0.00482951 0
0.971116 0.0288842 0
0.887009 0.112991 0
0.997671 0.00232889 0
0.935685 0.0643152 0
0.99819 0.00181016 0
0.957974 0.0420264 0
0.748904 0.251096 0
0.995078 0.00492244 0
0.9819 0.0180998 0
0.994028 0.00597221 0
0.996415 0.00358509 0
0.994829 0.0051709 0
0.998644 0.00135587 0
0.991792 0.00820806 0
0.302908 0.697092 0
0.973713 0.0262875 0
0.933389 0.0666105 0
0.9936 0.00640049 0
0.999311 0.000689383 0
0.778821 0.221179 0
0.981391 0.0186091 0
0.99747 0.00253025 0
0.998277 0.00172259 0
0.998236 0.00176381 0
0.944206 0.0557939 0
0.484602 0.515398 0
0.99777 0.00222958 0
0.553118 0.446882 0
0.809787 0.190213 0
0.979307 0.0206927 0
0.998103 0.00189668 0
0.995627 0.00437316 0
0.892591 0.107409 0
0.994208 0.00579157 0
0.99898 0.00102038 0
0.670366 0.329634 0
0.779834 0.220166 0
0.996836 0.00316385 0
0.997373 0.00262735 0
0.912169 0.0878311 0
0.98476 0.0152402 0
0.295698 0.704302 0
0.996188 0.00381212 0
0.999144 0.000856364 0
0.996296 0.00370369 0
0.993969 0.00603091 0
0.876021 0.123979 0
0.995952 0.00404758 0
0.940656 0.0593444 0
0.983006 0.0169936 0
0.993099 0.00690131 0
0.876279 0.123721 0
0.725469 0.274531 0
0.980031 0.0199686 0
0.987137 0.0128627 0
0.985085 0.0149149 0
0.616617 0.383383 0
0.98023 0.0197699 0
0.995926 0.00407451 0
0.296751 0.703249 0
0.992331 0.00766912 0
0.955315 0.0446854 0
0.966043 0.0339575 0
0.992315 0.00768496 0
0.654665 0.345335 0
0.987809 0.0121908 0
0.966001 0.0339986 0
0.983966 0.0160338 0
0.98888 0.0111197 0
0.885283 0.114717 0
0.998913 0.00108712 0
0.981333 0.0186668 0
0.998716 0.00128441 0
0.879464 0.120536 0
0.198702 0.801298 0
0.986475 0.0135252 0
0.966274 0.0337262 0
0.999581 0.000418607 0
0.998768 0.00123213 0
0.974012 0.0259885 0
0.99235 0.00764984 0
0.997929 0.00207112 0
0.903066 0.0969339 0
0.973003 0.0269969 0
0.975803 0.0241971 0
0.778965 0.221035 0
0.339929 0.660071 0
0.99898 0.00101962 0
0.998724 0.00127636 0
0.994029 0.00597099 0
0.858741 0.141259 0
0.999353 0.000647137 0
0.996878 0.00312237 0
0.995041 0.0049594 0
0.91911 0.0808898 0
0.927404 0.0725955 0
0.998083 0.00191719 0
0.628017 0.371983 0
0.997418 0.00258207 0
0.996193 0.00380736 0
0.842885 0.157115 0
0.995806 0.00419415 0
0.999366 0.000633553 0
0.90521 0.0947899 0
0.972281 0.0277187 0
0.986587 0.0134132 0
0.992392 0.00760851 0
0.995017 0.00498257 0
0.117949 0.882051 0
0.938158 0.0618416 0
0.997677 0.00232333 0
0.997785 0.00221533 0
0.999544 0.000456193 0
0.924182 0.0758177 0
0.973873 0.0261267 0
0.99343 0.00656987 0
0.990264 0.00973631 0
0.958687 0.0413133 0
0.962024 0.0379763 0
0.998455 0.00154457 0
0.933859 0.0661413 0
0.981789 0.0182111 0
0.99665 0.00335 0
0.0197683 0.980232 0
0.993583 0.00641659 0
0.182564 0.817436 0
0.960458 0.0395425 0
0.986753 0.0132467 0
0.997106 0.00289362 0
0.998207 0.00179315 0
0.993487 0.00651347 0
0.998548 0.00145235 0
0.998159 0.0018414 0
0.999215 0.000785414 0
0.596289 0.403711 0
0.949845 0.0501551 0
0.874756 0.125244 0
0.998659 0.00134115 0
0.990924 0.0090761 0
0.992776 0.00722379 0
0.928231 0.0717685 0
0.990217 0.00978255 0
0.994355 0.00564531 0
0.652051 0.347949 0
0.993993 0.00600754 0
0.991275 0.00872545 0
0.925389 0.0746111 0
0.995813 0.00418711 0
0.943372 0.056628 0
0.663123 0.336877 0
0.108908 0.891092 0
0.979983 0.0200169 0
0.859418 0.140582 0
0.997061 0.00293942 0
0.978941 0.0210591 0
0.994403 0.00559733 0
0.983062 0.0169384 0
0.934986 0.065014 0
0.951818 0.0481819 0
0.781388 0.218612 0
0.851157 0.148843 0
0.675686 0.324314 0
0.990163 0.00983705 0
0.832198 0.167802 0
0.825122 0.174878 0
0.117073 0.882927 0
0.97108 0.0289199 0
0.0134517 0.986548 0
0.677172 0.322828 0
0.994826 0.00517409 0
0.993597 0.00640289 0
0.988051 0.0119492 0
0.991745 0.00825456 0
0.971938 0.0280619 0
0.979653 0.0203468 0
0.9955 0.00450034 0
0.96051 0.0394899 0
0.93199 0.0680097 0
0.996798 0.00320257 0
0.602978 0.397022 0
0.926886 0.0731137 0
0.990643 0.00935702 0
0.991176 0.00882422 0
0.998237 0.00176253 0
0.995054 0.00494548 0
0.995237 0.00476344 0
0.997814 0.00218642 0
0.453735 0.546265 0
0.981336 0.0186644 0
0.998934 0.00106586 0
0.997588 0.0024123 0
0.978687 0.0213129 0
0.997743 0.0022572 0
0.992169 0.00783101 0
0.993295 0.00670491 0
0.931607 0.0683928 0
0.994733 0.00526693 0
0.985683 0.014317 0
0.185103 0.814897 0
0.996823 0.00317723 0
0.918614 0.0813857 0
0.29909 0.70091 0
0.994484 0.00551618 0
0.950197 0.0498032 0
0.970932 0.0290679 0
0.273361 0.726639 0
0.700959 0.299041 0
0.986442 0.0135576 0
0.993116 0.00688432 0
0.98746 0.0125395 0
0.977614 0.022386 0
0.341389 0.658611 0
0.858465 0.141535 0
0.93073 0.0692703 0
0.995986 0.00401362 0
0.984336 0.0156635 0
0.0469108 0.953089 0
0.994056 0.00594383 0
0.951077 0.0489231 0
0.980844 0.0191555 0
0.324089 0.675911 0
0.949694 0.0503062 0
0.339423 0.660577 0
0.933903 0.0660975 0
0.997881 0.00211874 0
0.9938 0.00620055 0
0.991536 0.00846421 0
0.949111 0.0508886 0
0.992366 0.0076335 0
0.991715 0.00828493 0
0.511573 0.488427 0
0.991713 0.00828692 0
0.997095 0.00290475 0
0.98175 0.0182499 0
0.0935054 0.906495 0
0.977183 0.0228166 0
0.987778 0.0122223 0
0.98996 0.0100395 0
0.998719 0.00128086 0
0.955487 0.0445133 0
0.989539 0.0104612 0
0.99648 0.00352015 0
0.997429 0.00257139 0
0.994866 0.00513399 0
0.996394 0.00360596 0
0.928334 0.0716663 0
0.962982 0.0370176 0
0.994135 0.00586462 0
0.978747 0.0212526 0
0.973948 0.0260521 0
0.99916 0.000840096 0
0.973038 0.026962 0
0.282796 0.717204 0
0.999642 0.000357461 0
0.696724 0.303276 0
0.995569 0.00443083 0
0.603692 0.396308 0
0.987934 0.0120657 0
0.992679 0.00732106 0
0.37871 0.62129 0
0.989324 0.010676 0
0.996454 0.00354587 0
0.99943 0.000570409 0
0.986905 0.0130947 0
0.821627 0.178373 0
0.998632 0.00136791 0
0.991935 0.008065 0
0.914214 0.0857855 0
0.998589 0.00141049 0
0.968377 0.0316232 0
0.882677 0.117323 0
0.991579 0.00842104 0
0.990894 0.00910621 0
0.997889 0.00211081 0
0.656143 0.343857 0
0.684146 0.315854 0
0.760001 0.239999 0
0.977512 0.0224883 0
0.989062 0.0109379 0
0.981196 0.0188036 0
0.967068 0.032932 0
0.98667 0.0133302 0
0.929308 0.0706919 0
0.825074 0.174926 0
0.605068 0.394932 0
0.996602 0.00339818 0
0.985039 0.0149615 0
0.0263849 0.973615 0
0.382377 0.617623 0
0.994715 0.00528525 0
0.995723 0.00427686 0
0.999161 0.000838767 0
0.873177 0.126823 0
0.933678 0.0663216 0
0.983055 0.0169454 0
0.99606 0.00394014 0
0.154239 0.845761 0
0.988784 0.0112165 0
0.989309 0.0106907 0
0.97451 0.0254901 0
0.9799 0.0200998 0
0.0688258 0.931174 0
0.971591 0.0284091 0
0.993156 0.00684408 0
0.987077 0.0129227 0
0.994503 0.00549655 0
0.971377 0.0286232 0
0.696006 0.303994 0
0.967186 0.032814 0
0.996564 0.00343566 0
0.986566 0.0134342 0
0.959821 0.0401785 0
0.993989 0.00601078 0
0.973679 0.0263209 0
0.972546 0.0274537 0
0.874002 0.125998 0
0.9946 0.00539978 0
0.98843 0.0115697 0
0.992824 0.00717599 0
0.875207 0.124793 0
0.952086 0.0479144 0
0.997233 0.00276732 0
0.992531 0.00746885 0
0.997623 0.00237742 0
0.0518233 0.948177 0
0.446535 0.553465 0
0.904711 0.0952886 0
0.999772 0.0002276 0
0.998975 0.00102547 0
0.64271 0.35729 0
0.980158 0.0198423 0
0.994685 0.00531498 0
0.927486 0.072514 0
0.977106 0.0228941 0
0.969224 0.0307764 0
0.999694 0.000305732 0
0.993952 0.00604755 0
0.103878 0.896122 0
0.0214548 0.978545 0
0.976902 0.0230976 0
0.957534 0.042466 0
0.999331 0.000669521 0
0.991759 0.00824089 0
0.997709 0.00229073 0
0.987714 0.0122863 0
0.996397 0.00360332 0
0.998472 0.0015276 0
0.778942 0.221058 0
0.38314 0.61686 0
0.693022 0.306978 0
0.622345 0.377655 0
0.677414 0.322586 0
0.984936 0.0150642 0
0.966496 0.0335044 0
0.939402 0.0605978 0
0.970304 0.0296957 0
0.998659 0.0013405 0
0.731926 0.268074 0
0.5274 0.4726 0
0.0257954 0.974205 0
0.996907 0.00309342 0
0.564914 0.435086 0
0.997211 0.00278945 0
0.0624423 0.937558 0
0.998283 0.00171741 0
0.994428 0.00557242 0
0.464679 0.535321 0
0.999009 0.000991325 0
0.752775 0.247225 0
0.923108 0.0768922 0
0.862465 0.137535 0
0.994318 0.00568226 0
0.814224 0.185775 0
0.586675 0.413325 0
0.988739 0.0112614 0
0.997171 0.00282855 0
0.960362 0.0396379 0
0.958502 0.0414984 0
0.988082 0.0119182 0
0.992883 0.00711661 0
0.990742 0.00925799 0
0.97499 0.0250099 0
0.985682 0.0143178 0
0.998705 0.00129514 0
0.998706 0.00129422 0
0.992681 0.00731939 0
0.992963 0.00703707 0
0.993229 0.00677099 0
0.98188 0.0181199 0
0.981493 0.0185068 0
0.931441 0.0685593 0
0.520634 0.479366 0
0.978451 0.021549 0
0.9949 0.00510027 0
0.0526478 0.947352 0
0.995735 0.00426482 0
0.975427 0.0245734 0
0.998072 0.00192828 0
0.997196 0.00280381 0
0.973435 0.026565 0
0.527194 0.472806 0
0.161831 0.838169 0
0.989731 0.0102692 0
0.963125 0.0368754 0
0.992454 0.00754593 0
0.944823 0.0551768 0
0.992028 0.007972 0
0.505002 0.494997 0
0.89848 0.10152 0
0.993979 0.00602144 0
0.97066 0.0293401 0
0.829061 0.170939 0
0.973222 0.0267778 0
0.985425 0.0145747 0
0.369659 0.630341 0
0.971374 0.0286259 0
0.0531208 0.946879 0
0.979278 0.0207223 0
0.161204 0.838796 0
0.99645 0.00354965 0
0.979171 0.020829 0
0.994145 0.00585462 0
0.88316 0.11684 0
0.990938 0.00906237 0
0.980504 0.0194958 0
0.992184 0.00781647 0
0.915354 0.0846464 0
0.998877 0.00112307 0
0.998907 0.00109282 0
0.995602 0.00439823 0
0.842831 0.157169 0
0.986197 0.0138034 0
0.990695 0.00930547 0
0.996033 0.00396686 0
0.971616 0.0283844 0
0.464733 0.535267 0
0.99707 0.00293007 0
0.907472 0.0925277 0
0.997283 0.00271698 0
0.995723 0.00427712 0
0.888002 0.111998 0
0.997155 0.00284486 0
0.995188 0.00481151 0
0.958497 0.0415032 0
0.991941 0.00805904 0
0.816238 0.183762 0
0.994598 0.00540232 0
0.683682 0.316318 0
0.996262 0.00373832 0
0.824013 0.175987 0
0.774206 0.225794 0
0.860188 0.139812 0
0.975626 0.0243744 0
0.997869 0.00213124 0
0.920228 0.079772 0
0.944234 0.0557664 0
0.99558 0.00441989 0
0.99737 0.00263036 0
0.912239 0.0877606 0
0.0748288 0.925171 0
0.991127 0.00887323 0
0.998668 0.0013317 0
0.853422 0.146578 0
0.997318 0.00268221 0
0.988501 0.0114991 0
0.997558 0.00244231 0
0.89837 0.10163 0
0.684156 0.315844 0
0.997905 0.0020948 0
0.999019 0.000980755 0
0.541604 0.458396 0
0.873885 0.126115 0
0.0821856 0.917814 0
0.994908 0.00509234 0
0.965335 0.0346654 0
0.975423 0.024577 0
0.903323 0.096677 0
0.969399 0.0306007 0
0.945314 0.0546857 0
0.812807 0.187193 0
0.929728 0.0702722 0
0.241339 0.758661 0
0.990282 0.00971797 0
0.989578 0.0104222 0
0.894945 0.105055 0
0.982026 0.0179741 0
0.980276 0.0197245 0
0.213481 0.786519 0
0.415403 0.584597 0
0.996473 0.00352667 0
0.995205 0.00479547 0
0.743919 0.256081 0
0.989539 0.0104608 0
0.962679 0.0373207 0
0.998299 0.00170104 0
0.875931 0.124069 0
0.985576 0.0144243 0
0.998017 0.0019826 0
0.984095 0.0159052 0
0.164336 0.835664 0
0.986321 0.0136793 0
0.989369 0.0106308 0
0.994649 0.00535082 0
0.96094 0.0390597 0
0.96379 0.0362103 0
0.734096 0.265904 0
0.980359 0.0196413 0
0.96065 0.03935 0
0.993274 0.00672601 0
0.973319 0.0266805 0
0.996748 0.00325187 0
0.999346 0.000654 0
0.997114 0.00288599 0
0.983173 0.016827 0
0.0624418 0.937558 0
0.470922 0.529078 0
0.963429 0.0365706 0
0.972956 0.0270439 0
0.998602 0.00139779 0
0.988732 0.0112679 0
0.550367 0.449633 0
0.186132 0.813868 0
0.977098 0.0229017 0
0.748033 0.251967 0
0.990813 0.00918671 0
0.363567 0.636433 0
0.936618 0.0633817 0
0.839503 0.160497 0
0.997226 0.00277455 0
0.951769 0.0482306 0
0.991863 0.008137 0
0.995928 0.00407186 0
0.995422 0.00457816 0
0.951685 0.0483147 0
0.99859 0.00141019 0
0.723633 0.276367 0
0.87904 0.12096 0
0.993177 0.00682259 0
0.663066 0.336934 0
0.998773 0.00122715 0
0.985458 0.0145416 0
0.958053 0.0419473 0
0.994104 0.00589646 0
0.811092 0.188908 0
0.977797 0.0222033 0
0.99856 0.00144031 0
0.998392 0.0016083 0
0.991104 0.00889555 0
0.888251 0.111749 0
0.950219 0.0497813 0
0.935609 0.0643914 0
0.995473 0.00452741 0
0.97549 0.02451 0
0.984435 0.0155654 0
0.991117 0.00888295 0
0.996161 0.00383881 0
0.994105 0.00589481 0
0.950701 0.049299 0
0.353078 0.646922 0
0.98555 0.01445 0
0.640258 0.359742 0
0.838533 0.161467 0
0.919999 0.0800011 0
0.526746 0.473254 0
0.662406 0.337594 0
0.994043 0.00595667 0
0.991252 0.0087475 0
0.99042 0.00957968 0
0.990599 0.00940139 0
0.969297 0.0307034 0
0.990309 0.00969075 0
0.998576 0.00142392 0
0.998704 0.00129607 0
0.93177 0.0682304 0
0.915756 0.0842438 0
0.945054 0.0549456 0
0.701505 0.298495 0
0.998329 0.00167071 0
0.724666 0.275334 0
0.993958 0.00604214 0
0.982786 0.0172139 0
0.996821 0.00317919 0
0.505764 0.494236 0
0.975025 0.024975 0
0.934515 0.0654851 0
0.998374 0.001626 0
0.288363 0.711637 0
0.993055 0.0069453 0
0.968095 0.0319049 0
0.988194 0.0118061 0
0.99655 0.0034498 0
0.998445 0.00155491 0
0.271626 0.728374 0
0.960712 0.0392876 0
0.969064 0.030936 0
0.978114 0.0218861 0
0.892553 0.107447 0
0.995403 0.00459691 0
0.90495 0.0950502 0
0.702211 0.297789 0
0.977453 0.022547 0
0.991268 0.00873156 0
0.856162 0.143838 0
0.853909 0.146091 0
0.982762 0.0172377 0
0.751112 0.248888 0
0.988422 0.0115778 0
0.993757 0.00624257 0
0.277598 0.722402 0
0.977836 0.022164 0
0.719491 0.280509 0
0.919713 0.0802869 0
0.991606 0.00839434 0
0.839178 0.160822 0
0.95998 0.0400201 0
0.998444 0.00155585 0
0.98668 0.0133197 0
0.985841 0.0141588 0
0.894558 0.105442 0
0.811912 0.188088 0
0.99887 0.00112966 0
0.325933 0.674067 0
0.996083 0.0039165 0
0.952534 0.0474664 0
0.812508 0.187492 0
0.995945 0.00405526 0
0.999338 0.000661659 0
0.817483 0.182517 0
0.398783 0.601217 0
0.970671 0.0293292 0
0.891603 0.108397 0
0.994426 0.00557427 0
0.994204 0.00579651 0
0.983011 0.016989 0
0.33244 0.66756 0
0.988465 0.0115352 0
0.937068 0.0629315 0
0.983401 0.0165992 0
0.956217 0.043783 0
0.999658 0.000341881 0
0.992622 0.00737788 0
0.985234 0.0147661 0
0.900763 0.0992366 0
0.992151 0.00784879 0
0.866257 0.133743 0
0.996543 0.00345667 0
0.978238 0.0217623 0
0.99798 0.00201985 0
0.961378 0.038622 0
0.999123 0.000876915 0
0.99969 0.000309584 0
0.990684 0.00931603 0
0.995743 0.00425721 0
0.988549 0.0114509 0
0.987946 0.012054 0
0.997745 0.0022547 0
0.998438 0.00156192 0
0.512893 0.487107 0
0.981725 0.0182746 0
0.982847 0.0171535 0
0.983383 0.0166173 0
0.973296 0.026704 0
0.992866 0.00713438 0
0.995783 0.00421688 0
0.992558 0.00744174 0
0.961045 0.0389551 0
0.985479 0.0145213 0
0.980081 0.0199187 0
0.994707 0.00529307 0
0.999324 0.000676048 0
0.997959 0.00204136 0
0.932223 0.0677773 0
0.995334 0.00466593 0
0.791861 0.208139 0
0.55009 0.44991 0
0.998809 0.00119126 0
0.993798 0.00620175 0
0.996191 0.00380901 0
0.754253 0.245747 0
0.981598 0.0184016 0
0.850725 0.149275 0
0.998516 0.00148372 0
0.842787 0.157213 0
0.992233 0.00776689 0
0.998268 0.00173152 0
0.99425 0.00574965 0
0.859784 0.140216 0
0.999152 0.000847809 0
0.99741 0.00259024 0
0.920308 0.0796919 0
0.999599 0.00040068 0
0.984037 0.0159635 0
0.991629 0.00837051 0
0.999053 0.000947189 0
0.946517 0.0534833 0
0.985382 0.0146176 0
0.998782 0.00121791 0
0.974516 0.0254837 0
0.548092 0.451908 0
0.971845 0.028155 0
0.83548 0.16452 0
0.977422 0.0225782 0
0.953508 0.0464916 0
0.996273 0.00372666 0
0.959213 0.0407865 0
0.228948 0.771052 0
0.473543 0.526457 0
0.995763 0.00423735 0
0.836047 0.163953 0
0.939151 0.0608495 0
0.995427 0.00457319 0
0.925374 0.0746258 0
0.998697 0.00130284 0
0.997946 0.00205392 0
0.992255 0.00774495 0
0.977207 0.022793 0
0.0293274 0.970673 0
0.841417 0.158583 0
0.392033 0.607967 0
0.917777 0.0822226 0
0.997756 0.00224431 0
0.990279 0.00972128 0
0.988333 0.0116667 0
0.998501 0.00149898 0
0.972552 0.0274479 0
0.984077 0.0159232 0
0.349516 0.650484 0
0.232771 0.767229 0
0.998808 0.00119182 0
0.479741 0.520259 0
0.0798609 0.920139 0
0.973215 0.0267853 0
0.909319 0.0906812 0
0.995305 0.00469541 0
0.935508 0.0644925 0
0.00896053 0.991039 1
0.0220157 0.977984 1
0.159558 0.840442 1
0.0361978 0.963802 1
0.060939 0.939061 1
0.0182468 0.981753 1
0.116795 0.883205 1
0.01586 0.98414 1
0.685831 0.314169 1
0.0775979 0.922402 1
0.0125008 0.987499 1
0.129306 0.870694 1
0.0105768 0.989423 1
0.291636 0.708364 1
0.00708962 0.99291 1
0.120856 0.879144 1
0.212024 0.787976 1
0.0281399 0.97186 1
0.115448 0.884552 1
0.376728 0.623272 1
0.0382735 0.961726 1
0.00846848 0.991532 1
0.0312661 0.968734 1
0.0783883 0.921612 1
0.00571654 0.994283 1
0.0323602 0.96764 1
0.0343336 0.965666 1
0.0251345 0.974866 1
0.0163959 0.983604 1
0.00796202 0.992038 1
0.170107 0.829893 1
0.0208363 0.979164 1
0.497396 0.502604 1
0.00910969 0.99089 1
0.0671769 0.932823 1
0.0163719 0.983628 1
0.0197603 0.98024 1
0.0166496 0.98335 1
0.0177572 0.982243 1
0.0475259 0.952474 1
0.0330115 0.966989 1
0.0263067 0.973693 1
0.00853871 0.991461 1
0.100093 0.899907 1
0.0161009 0.983899 1
0.0224592 0.977541 1
0.00948153 0.990519 1
0.542929 0.457071 1
0.176439 0.823561 1
0.0867778 0.913222 1
0.0166821 0.983318 1
0.00769624 0.992304 1
0.791041 0.208959 1
0.0281466 0.971853 1
0.269902 0.730098 1
0.0152077 0.984792 1
0.0167685 0.983232 1
0.0368196 0.96318 1
0.297773 0.702227 1
0.0809097 0.91909 1
0.659321 0.340679 1
0.0937766 0.906223 1
0.0103563 0.989644 1
0.00953361 0.990466 1
0.0165353 0.983465 1
0.0593947 0.940605 1
0.0237921 0.976208 1
0.0253526 0.974647 1
0.241149 0.758851 1
0.029707 0.970293 1
0.209357 0.790643 1
0.0329499 0.96705 1
0.019284 0.980716 1
0.1119 0.8881 1
0.958503 0.0414966 1
0.127355 0.872645 1
0.00848074 0.991519 1
0.0823761 0.917624 1
0.00552819 0.994472 1
0.0145042 0.985496 1
0.00764748 0.992353 1
0.160027 0.839973 1
0.892962 0.107038 1
0.00593453 0.994065 1
0.494251 0.505749 1
0.0526663 0.947334 1
0.103345 0.896655 1
0.0360803 0.96392 1
0.039736 0.960264 1
0.192063 0.807937 1
0.0102993 0.989701 1
0.00802276 0.991977 1
0.0219101 0.97809 1
0.0787906 0.921209 1
0.0104928 0.989507 1
0.0125093 0.987491 1
0.00672624 0.993274 1
0.814072 0.185928 1
0.192366 0.807634 1
0.703881 0.296119 1
0.0135617 0.986438 1
0.0194218 0.980578 1
0.695521 0.304479 1
0.006432 0.993568 1
0.0254876 0.974512 1
0.140859 0.859141 1
0.092627 0.907373 1
0.0737267 0.926273 1
0.0287486 0.971251 1
0.040864 0.959136 1
0.0101707 0.989829 1
0.0100676 0.989932 1
0.0828937 0.917106 1
0.00882609 0.991174 1
0.020648 0.979352 1
0.029215 0.970785 1
0.374215 0.625785 1
0.0171419 0.982858 1
0.00862844 0.991372 1
0.0695028 0.930497 1
0.482718 0.517282 1
0.115159 0.884841 1
0.0196438 0.980356 1
0.486071 0.513928 1
0.0194157 0.980584 1
0.435258 0.564742 1
0.942661 0.0573386 1
0.00774608 0.992254 1
0.00948171 0.990518 1
0.105575 0.894425 1
0.010609 0.989391 1
0.0258086 0.974191 1
0.0182997 0.9817 1
0.0218948 0.978105 1
0.00997227 0.990028 1
0.0933072 0.906693 1
0.00844648 0.991553 1
0.00475405 0.995246 1
0.00783992 0.99216 1
0.401587 0.598413 1
0.00508072 0.994919 1
0.0376997 0.9623 1
0.37296 0.62704 1
0.439944 0.560056 1
0.0529037 0.947096 1
0.0247696 0.97523 1
0.0382196 0.96178 1
0.00878129 0.991219 1
0.0242273 0.975773 1
0.407602 0.592398 1
0.008272 0.991728 1
0.00726278 0.992737 1
0.0163033 0.983697 1
0.0387479 0.961252 1
0.354675 0.645325 1
0.0533139 0.946686 1
0.0989598 0.90104 1
0.0500697 0.94993 1
0.0374147 0.962585 1
0.165341 0.834659 1
0.0156941 0.984306 1
0.00793158 0.992068 1
0.00701399 0.992986 1
0.0138278 0.986172 1
0.0866083 0.913392 1
0.007533 0.992467 1
0.036301 0.963699 1
0.736675 0.263325 1
0.267464 0.732536 1
0.0147958 0.985204 1
0.0061101 0.99389 1
0.0196404 0.98036 1
0.374746 0.625254 1
0.0968981 0.903102 1
0.489798 0.510202 1
0.0629333 0.937067 1
0.264078 0.735922 1
0.785285 0.214715 1
0.00917518 0.990825 1
0.0184977 0.981502 1
0.160543 0.839457 1
0.568159 0.431841 1
0.00671967 0.99328 1
0.0169107 0.983089 1
0.458797 0.541203 1
0.054419 0.945581 1
0.047019 0.952981 1
0.547226 0.452774 1
0.0389136 0.961086 1
0.480011 0.519989 1
0.00921067 0.990789 1
0.206113 0.793887 1
0.364986 0.635014 1
0.0368293 0.963171 1
0.570993 0.429007 1
0.472331 0.527669 1
0.112792 0.887208 1
0.0149184 0.985082 1
0.0116033 0.988397 1
0.117152 0.882848 1
0.0337329 0.966267 1
0.115319 0.884681 1
0.0275195 0.97248 1
0.0163542 0.983646 1
0.145852 0.854148 1
0.00611094 0.993889 1
0.00741737 0.992583 1
0.322496 0.677504 1
0.490491 0.509509 1
0.0226212 0.977379 1
0.00848141 0.991519 1
0.00679109 0.993209 1
0.700234 0.299766 1
0.36469 0.63531 1
0.0223176 0.977682 1
0.0107201 0.98928 1
0.860593 0.139407 1
0.387538 0.612462 1
0.145804 0.854196 1
0.00520436 0.994796 1
0.0184164 0.981584 1
0.0194203 0.98058 1
0.00691043 0.99309 1
0.792261 0.207739 1
0.00789257 0.992107 1
0.0991957 0.900804 1
0.0155788 0.984421 1
0.932317 0.0676829 1
0.0263931 0.973607 1
0.840591 0.159409 1
0.0504621 0.949538 1
0.116643 0.883357 1
0.0999306 0.900069 1
0.0292043 0.970796 1
0.109992 0.890008 1
0.0146434 0.985357 1
0.0199856 0.980014 1
0.463661 0.536339 1
0.0433975 0.956603 1
0.0142845 0.985716 1
0.110786 0.889214 1
0.524084 0.475916 1
0.0374535 0.962546 1
0.0766826 0.923317 1
0.109661 0.890339 1
0.0316601 0.96834 1
0.0588468 0.941153 1
0.00813972 0.99186 1
0.0131106 0.986889 1
0.00745138 0.992549 1
0.00620493 0.993795 1
0.0288802 0.97112 1
0.167427 0.832573 1
0.0727826 0.927217 1
0.503029 0.496971 1
0.0886339 0.911366 1
0.0111437 0.988856 1
0.173586 0.826414 1
0.0805819 0.919418 1
0.994317 0.00568354 1
0.0104265 0.989574 1
0.0219345 0.978066 1
0.169093 0.830907 1
0.0428647 0.957135 1
0.0120815 0.987919 1
0.00885509 0.991145 1
0.021605 0.978395 1
0.00927132 0.990729 1
0.918205 0.0817946 1
0.431371 0.568629 1
0.0175197 0.98248 1
0.611066 0.388934 1
0.858095 0.141905 1
0.934105 0.0658948 1
0.0181307 0.981869 1
0.0162064 0.983794 1
0.0152918 0.984708 1
0.0198971 0.980103 1
0.00689305 0.993107 1
0.0118777 0.988122 1
0.0125146 0.987485 1
0.0106989 0.989301 1
0.865342 0.134658 1
0.0157737 0.984226 1
0.0209033 0.979097 1
0.00888123 0.991119 1
0.0227039 0.977296 1
0.595531 0.404469 1
0.0107532 0.989247 1
0.00973678 0.990263 1
0.0296785 0.970322 1
0.00918086 0.990819 1
0.696918 0.303082 1
0.01126 0.98874 1
0.015699 0.984301 1
0.452477 0.547523 1
0.0114494 0.988551 1
0.406293 0.593707 1
0.0107246 0.989275 1
0.0368588 0.963141 1
0.0116699 0.98833 1
0.62491 0.37509 1
0.0126069 0.987393 1
0.0123251 0.987675 1
0.0127553 0.987245 1
0.0154159 0.984584 1
0.289393 0.710607 1
0.020559 0.979441 1
0.190177 0.809823 1
0.228292 0.771708 1
0.0160819 0.983918 1
0.265989 0.734011 1
0.0387556 0.961244 1
0.0149677 0.985032 1
0.0621194 0.937881 1
0.0957906 0.904209 1
0.0617732 0.938227 1
0.0157331 0.984267 1
0.578026 0.421975 1
0.0122892 0.987711 1
0.0741547 0.925845 1
0.0207853 0.979215 1
0.116903 0.883097 1
0.0210302 0.97897 1
0.052363 0.947637 1
0.141777 0.858223 1
0.035635 0.964365 1
0.0175691 0.982431 1
0.0102065 0.989794 1
0.0251024 0.974898 1
0.00876895 0.991231 1
0.0113118 0.988688 1
0.0299297 0.97007 1
0.718595 0.281405 1
0.0150675 0.984932 1
0.0815118 0.918488 1
0.0123063 0.987694 1
0.0572213 0.942779 1
0.00684493 0.993155 1
0.0516593 0.948341 1
0.0748477 0.925152 1
0.0293772 0.970623 1
0.115064 0.884936 1
0.193794 0.806206 1
0.426857 0.573143 1
0.0725816 0.927418 1
0.0141983 0.985802 1
0.210489 0.789511 1
0.0427566 0.957243 1
0.0106112 0.989389 1
0.118859 0.881141 1
0.384113 0.615887 1
0.0139275 0.986072 1
0.740131 0.259869 1
0.837244 0.162756 1
0.0179883 0.982012 1
0.177778 0.822222 1
0.925342 0.0746577 1
0.00680049 0.9932 1
0.00994534 0.990055 1
0.916186 0.0838142 1
0.149931 0.850069 1
0.821618 0.178382 1
0.0154908 0.984509 1
0.0216109 0.978389 1
0.0119862 0.988014 1
0.00911687 0.990883 1
0.0296425 0.970357 1
0.635988 0.364012 1
0.0589438 0.941056 1
0.0830611 0.916939 1
0.746071 0.253929 1
0.0170965 0.982904 1
0.822277 0.177723 1
0.0179752 0.982025 1
0.103869 0.896131 1
0.296167 0.703833 1
0.531352 0.468648 1
0.814715 0.185285 1
0.0103746 0.989626 1
0.31017 0.68983 1
0.00664853 0.993352 1
0.0335424 0.966458 1
0.00724657 0.992753 1
0.0174449 0.982555 1
0.0260736 0.973926 1
0.0695393 0.930461 1
0.683641 0.316359 1
0.0605577 0.939442 1
0.00919868 0.990801 1
0.00768327 0.992317 1
0.19335 0.80665 1
0.00677405 0.993226 1
0.00480331 0.995197 1
0.0684179 0.931582 1
0.495783 0.504217 1
0.011021 0.988979 1
0.0827587 0.917241 1
0.531758 0.468242 1
0.0348591 0.965141 1
0.737892 0.262108 1
0.0465563 0.953444 1
0.0070329 0.992967 1
0.0171387 0.982861 1
0.0067682 0.993232 1
0.0197929 0.980207 1
0.0274078 0.972592 1
0.10618 0.89382 1
0.628181 0.371819 1
0.064986 0.935014 1
0.0598759 0.940124 1
0.60394 0.39606 1
0.869397 0.130603 1
0.302261 0.697739 1
0.233919 0.766081 1
0.722259 0.277741 1
0.0147719 0.985228 1
0.00698763 0.993012 1
0.0308279 0.969172 1
0.016796 0.983204 1
0.0114077 0.988592 1
0.02639 0.97361 1
0.048655 0.951345 1
0.014292 0.985708 1
0.0254623 0.974538 1
0.00817525 0.991825 1
0.262536 0.737464 1
0.0183523 0.981648 1
0.0116368 0.988363 1
0.104911 0.895089 1
0.5663 0.4337 1
0.00679429 0.993206 1
0.0618726 0.938127 1
0.00948983 0.99051 1
0.0179783 0.982022 1
0.193499 0.806501 1
0.338356 0.661644 1
0.388244 0.611756 1
0.00862812 0.991372 1
0.0186532 0.981347 1
0.825823 0.174177 1
0.0087048 0.991295 1
0.0202297 0.97977 1
0.700077 0.299923 1
0.115714 0.884286 1
0.360451 0.639549 1
0.0366399 0.96336 1
0.381667 0.618333 1
0.0216052 0.978395 1
0.0109856 0.989014 1
0.0163447 0.983655 1
0.9642 0.0357996 1
0.0109676 0.989032 1
0.0116809 0.988319 1
0.212713 0.787287 1
0.0129742 0.987026 1
0.0223925 0.977607 1
0.966101 0.0338994 1
0.115211 0.884789 1
0.0166229 0.983377 1
0.0239555 0.976045 1
0.0434388 0.956561 1
0.0145309 0.985469 1
0.0761631 0.923837 1
0.717783 0.282217 1
0.0143459 0.985654 1
0.21179 0.78821 1
0.0266194 0.973381 1
0.240976 0.759024 1
0.00447646 0.995524 1
0.0314449 0.968555 1
0.0101791 0.989821 1
0.184416 0.815584 1
0.0209176 0.979082 1
0.0710191 0.928981 1
0.51409 0.48591 1
0.00978078 0.990219 1
0.00767016 0.99233 1
0.0190994 0.980901 1
0.728235 0.271765 1
0.0103843 0.989616 1
0.0556006 0.944399 1
0.00865431 0.991346 1
0.682077 0.317923 1
0.0126054 0.987395 1
0.0791014 0.920899 1
0.00549199 0.994508 1
0.011964 0.988036 1
0.0629267 0.937073 1
0.00523847 0.994762 1
0.00787317 0.992127 1
0.0144158 0.985584 1
0.174796 0.825204 1
0.380877 0.619123 1
0.00562523 0.994375 1
0.0164607 0.983539 1
0.0824554 0.917545 1
0.676381 0.323619 1
0.116431 0.883569 1
0.171783 0.828217 1
0.0112701 0.98873 1
0.131294 0.868706 1
0.0141928 0.985807 1
0.00931124 0.990689 1
0.0143147 0.985685 1
0.0226149 0.977385 1
0.133588 0.866412 1
0.145374 0.854626 1
0.00854758 0.991452 1
0.00951123 0.990489 1
0.0515125 0.948487 1
0.228404 0.771596 1
0.0283222 0.971678 1
0.571992 0.428008 1
0.0154283 0.984572 1
0.0191068 0.980893 1
0.00552248 0.994478 1
0.00926873 0.990731 1
0.00572788 0.994272 1
0.449869 0.550131 1
0.0181124 0.981888 1
0.016067 0.983933 1
0.873998 0.126002 1
0.473354 0.526646 1
0.0124963 0.987504 1
0.0163353 0.983665 1
0.370869 0.629131 1
0.0330987 0.966901 1
0.0149462 0.985054 1
0.0334664 0.966534 1
0.386373 0.613627 1
0.00510723 0.994893 1
0.236304 0.763696 1
0.0427355 0.957264 1
0.0125463 0.987454 1
0.632137 0.367863 1
0.145582 0.854418 1
0.0245359 0.975464 1
0.0161889 0.983811 1
0.0369482 0.963052 1
0.0361683 0.963832 1
0.117065 0.882935 1
0.583366 0.416634 1
0.0182822 0.981718 1
0.0112805 0.98872 1
0.106035 0.893965 1
0.127187 0.872813 1
0.0237479 0.976252 1
0.0101259 0.989874 1
0.0291767 0.970823 1
0.0187021 0.981298 1
0.313923 0.686077 1
0.0880759 0.911924 1
0.0195638 0.980436 1
0.00836315 0.991637 1
0.0342679 0.965732 1
0.0660274 0.933973 1
0.0550174 0.944983 1
0.00884195 0.991158 1
0.0133917 0.986608 1
0.038827 0.961173 1
0.455089 0.544911 1
0.0120176 0.987982 1
0.0776644 0.922336 1
0.0968814 0.903119 1
0.0138594 0.986141 1
0.0438462 0.956154 1
0.0104264 0.989574 1
0.791148 0.208852 1
0.0223479 0.977652 1
0.980913 0.0190874 1
0.377112 0.622888 1
0.0516501 0.94835 1
0.0210365 0.978963 1
0.199858 0.800142 1
0.0141203 0.98588 1
0.0131334 0.986867 1
0.0427028 0.957297 1
0.0136743 0.986326 1
0.00830559 0.991694 1
0.0157744 0.984226 1
0.0107836 0.989216 1
0.282389 0.717611 1
0.0168172 0.983183 1
0.0130454 0.986955 1
0.037629 0.962371 1
0.552534 0.447466 1
0.0771533 0.922847 1
0.00791574 0.992084 1
0.0113012 0.988699 1
0.00542703 0.994573 1
0.0270741 0.972926 1
0.0204574 0.979543 1
0.484325 0.515675 1
0.0367218 0.963278 1
0.00735655 0.992643 1
0.960924 0.039076 1
0.00619564 0.993804 1
0.00612194 0.993878 1
0.555781 0.444219 1
0.0108981 0.989102 1
0.355227 0.644773 1
0.399666 0.600334 1
0.334245 0.665755 1
0.279289 0.720711 1
0.00646815 0.993532 1
0.0409278 0.959072 1
0.477213 0.522787 1
0.0241918 0.975808 1
0.270359 0.729641 1
0.017207 0.982793 1
0.0196977 0.980302 1
0.0105278 0.989472 1
0.0208888 0.979111 1
0.0143479 0.985652 1
0.00558579 0.994414 1
0.00685452 0.993145 1
0.950282 0.0497178 1
0.0150651 0.984935 1
0.0145715 0.985429 1
0.743441 0.256559 1
0.262304 0.737696 1
0.327574 0.672426 1
0.0149898 0.98501 1
0.0440122 0.955988 1
0.0114737 0.988526 1
0.0532424 0.946758 1
0.488398 0.511602 1
0.0170991 0.982901 1
0.00888949 0.991111 1
0.0179335 0.982066 1
0.28032 0.71968 1
0.0146228 0.985377 1
0.0471917 0.952808 1
0.0120861 0.987914 1
0.0172838 0.982716 1
0.00771963 0.99228 1
0.0120508 0.987949 1
0.190429 0.809571 1
0.0847123 0.915288 1
0.156724 0.843276 1
0.00455682 0.995443 1
0.100887 0.899113 1
0.241371 0.758629 1
0.0149326 0.985067 1
0.0408951 0.959105 1
0.0134716 0.986528 1
0.0145399 0.98546 1
0.0107249 0.989275 1
0.372664 0.627336 1
0.015867 0.984133 1
0.00856534 0.991435 1
0.0145866 0.985413 1
0.0472272 0.952773 1
0.0152788 0.984721 1
0.100602 0.899398 1
0.0164478 0.983552 1
0.00606608 0.993934 1
0.0275624 0.972438 1
0.0255145 0.974486 1
0.00686377 0.993136 1
0.00879251 0.991208 1
0.0244504 0.97555 1
0.859719 0.140281 1
0.00640899 0.993591 1
0.0657696 0.93423 1
0.00567428 0.994326 1
0.0446092 0.955391 1
0.361147 0.638853 1
0.100917 0.899083 1
0.0140852 0.985915 1
0.0091961 0.990804 1
0.00776078 0.992239 1
0.0970436 0.902956 1
0.015287 0.984713 1
0.0159437 0.984056 1
0.0474918 0.952508 1
0.0318656 0.968134 1
0.957228 0.0427725 1
0.0104156 0.989584 1
0.0155019 0.984498 1
0.722094 0.277906 1
0.867902 0.132098 1
0.407371 0.592629 1
0.00990491 0.990095 1
0.0088745 0.991126 1
0.096469 0.903531 1
0.01313 0.98687 1
0.673802 0.326198 1
0.0186207 0.981379 1
0.0353369 0.964663 1
0.00985067 0.990149 1
0.0258089 0.974191 1
0.0171733 0.982827 1
0.0230905 0.976909 1
0.010518 0.989482 1
0.012221 0.987779 1
0.0131333 0.986867 1
0.512741 0.487259 1
0.0485351 0.951465 1
0.0131787 0.986821 1
0.435473 0.564527 1
0.176103 0.823897 1
0.083031 0.916969 1
0.0121247 0.987875 1
0.0108583 0.989142 1
0.0268756 0.973124 1
0.335151 0.664849 1
0.157591 0.842409 1
0.176997 0.823003 1
0.0193584 0.980642 1
0.0297167 0.970283 1
0.0269677 0.973032 1
0.00705215 0.992948 1
0.0632483 0.936752 1
0.0419832 0.958017 1
0.377538 0.622462 1
0.420852 0.579148 1
0.439481 0.560519 1
0.0207697 0.97923 1
0.0175384 0.982462 1
0.504962 0.495038 1
0.865691 0.134309 1
0.0058997 0.9941 1
0.550209 0.449791 1
0.0150611 0.984939 1
0.0155646 0.984435 1
0.00936395 0.990636 1
0.0129457 0.987054 1
0.0310338 0.968966 1
0.112348 0.887652 1
0.00763478 0.992365 1
0.0123215 0.987678 1
0.525909 0.474091 1
0.106221 0.893779 1
0.0365027 0.963497 1
0.0129667 0.987033 1
0.0310389 0.968961 1
0.00915304 0.990847 1
0.00802162 0.991978 1
0.49982 0.50018 1
0.00621443 0.993786 1
0.012962 0.987038 1
0.978091 0.0219089 1
0.0841476 0.915852 1
0.0180156 0.981984 1
0.224193 0.775807 1
0.00803634 0.991964 1
0.0124962 0.987504 1
0.0296404 0.97036 1
0.0234085 0.976591 1
0.242087 0.757913 1
0.0155185 0.984481 1
0.489941 0.510059 1
0.939615 0.0603845 1
0.00697526 0.993025 1
0.00943721 0.990563 1
0.980194 0.0198056 1
0.381902 0.618098 1
0.0134688 0.986531 1
0.865442 0.134558 1
0.0168198 0.98318 1
0.161155 0.838845 1
0.125579 0.874421 1
0.657066 0.342934 1
0.0162585 0.983741 1
0.0330099 0.96699 1
0.042571 0.957429 1
0.00869501 0.991305 1
0.867023 0.132977 1
0.0171916 0.982808 1
0.00982652 0.990173 1
0.0186096 0.98139 1
0.0387509 0.961249 1
0.0142672 0.985733 1
0.983948 0.0160524 1
0.0450377 0.954962 1
0.00879721 0.991203 1
0.0124974 0.987503 1
0.00991866 0.990081 1
0.0158597 0.98414 1
0.0195526 0.980447 1
0.0051285 0.994871 1
0.0516998 0.9483 1
0.0102733 0.989727 1
0.106487 0.893513 1
0.0164183 0.983582 1
0.0225324 0.977468 1
0.123161 0.876839 1
0.0114129 0.988587 1
0.00799143 0.992009 1
0.716385 0.283615 1
0.0562505 0.943749 1
0.00574802 0.994252 1
0.0222641 0.977736 1
0.897608 0.102392 1
0.120753 0.879247 1
0.919949 0.0800505 1
0.0317627 0.968237 1
0.262263 0.737737 1
0.924405 0.0755951 1
0.113411 0.886589 1
0.703146 0.296854 1
0.292783 0.707218 1
0.00635265 0.993647 1
0.0817278 0.918272 1
0.504156 0.495844 1
0.00688411 0.993116 1
0.732174 0.267826 1
0.222322 0.777678 1
0.00828986 0.99171 1
0.337479 0.662521 1
0.0388879 0.961112 1
0.0065645 0.993436 1
0.00987804 0.990122 1
0.291133 0.708867 1
0.0851062 0.914894 1
0.0395693 0.960431 1
0.024297 0.975703 1
0.0078531 0.992147 1
0.012057 0.987943 1
0.0185136 0.981486 1
0.120614 0.879387 1
0.019271 0.980729 1
0.318478 0.681522 1
0.995156 0.00484437 1
0.140308 0.859692 1
0.0731108 0.926889 1
0.593144 0.406856 1
0.094917 0.905083 1
0.0520913 0.947909 1
0.0252798 0.97472 1
0.0904597 0.90954 1
0.032981 0.967019 1
0.0271626 0.972837 1
0.235932 0.764068 1
0.00701416 0.992986 1
0.0115183 0.988482 1
0.134866 0.865134 1
0.00758352 0.992417 1
0.0641859 0.935814 1
0.0144389 0.985561 1
0.568488 0.431512 1
0.0140625 0.985937 1
0.0766794 0.923321 1
0.739005 0.260995 1
0.988316 0.0116836 1
0.0159531 0.984047 1
0.0122996 0.9877 1
0.301178 0.698822 1
0.0170598 0.98294 1
0.00886722 0.991133 1
0.0246131 0.975387 1
0.677708 0.322292 1
0.540354 0.459646 1
0.00951188 0.990488 1
0.016046 0.983954 1
0.024942 0.975058 1
0.00997858 0.990021 1
0.0152444 0.984756 1
0.00533214 0.994668 1
0.0424149 0.957585 1
0.126279 0.873721 1
0.0555265 0.944474 1
0.0141207 0.985879 1
0.0616922 0.938308 1
0.707989 0.292011 1
0.0586174 0.941383 1
0.0463907 0.953609 1
0.0108164 0.989184 1
0.00671981 0.99328 1
0.00718473 0.992815 1
0.00668004 0.99332 1
0.01689 0.98311 1
0.0343213 0.965679 1
0.00683331 0.993167 1
0.0144654 0.985535 1
0.00960228 0.990398 1
0.00573737 0.994263 1
0.0123236 0.987676 1
0.0153776 0.984622 1
0.0289702 0.97103 1
0.0161111 0.983889 1
0.0812584 0.918742 1
0.533067 0.466933 1
0.160258 0.839742 1
0.0201871 0.979813 1
0.0357175 0.964283 1
0.0430525 0.956947 1
0.0109546 0.989045 1
0.0191213 0.980879 1
0.2848 0.7152 1
0.0425231 0.957477 1
0.0117751 0.988225 1
0.0114521 0.988548 1
0.333025 0.666975 1
0.197283 0.802717 1
0.00872375 0.991276 1
0.0065182 0.993482 1
0.0306426 0.969357 1
0.0331379 0.966862 1
0.0447649 0.955235 1
0.11517 0.88483 1
0.00585012 0.99415 1
0.496471 0.503529 1
0.167493 0.832507 1
0.113354 0.886646 1
0.843903 0.156097 1
0.0337447 0.966255 1
0.0199769 0.980023 1
0.00990531 0.990095 1
0.0808576 0.919142 1
0.00903915 0.990961 1
0.00919994 0.9908 1
0.00727223 0.992728 1
0.0346054 0.965395 1
0.30401 0.69599 1
0.0460637 0.953936 1
0.0132967 0.986703 1
0.0211584 0.978842 1
0.0212779 0.978722 1
0.270427 0.729573 1
0.916979 0.0830205 1
0.238743 0.761257 1
0.213247 0.786753 1
0.0253774 0.974623 1
0.0189641 0.981036 1
0.785636 0.214364 1
0.0502745 0.949726 1
0.622308 0.377692 1
0.0160917 0.983908 1
0.698909 0.301091 1
0.145263 0.854737 1
0.0350397 0.96496 1
0.0127343 0.987266 1
0.00657188 0.993428 1
0.0155701 0.98443 1
0.0091263 0.990874 1
0.00545853 0.994541 1
0.00723444 0.992766 1
0.00915386 0.990846 1
0.00627032 0.99373 1
0.00708443 0.992916 1
0.040103 0.959897 1
0.0109819 0.989018 1
0.0167618 0.983238 1
0.0106397 0.98936 1
0.705624 0.294376 1
0.0061178 0.993882 1
0.0167586 0.983241 1
0.58152 0.41848 1
0.0207207 0.979279 1
0.0385293 0.961471 1
0.0176221 0.982378 1
0.768909 0.231091 1
0.0203581 0.979642 1
0.0124259 0.987574 1
0.950068 0.049932 1
0.0838158 0.916184 1
0.0185512 0.981449 1
0.443312 0.556688 1
0.0611563 0.938844 1
0.284464 0.715536 1
0.129126 0.870874 1
0.0277735 0.972227 1
0.0126727 0.987327 1
0.0210829 0.978917 1
0.0375746 0.962425 1
0.0162915 0.983708 1
0.261924 0.738076 1
0.605453 0.394547 1
0.0350831 0.964917 1
0.0716581 0.928342 1
0.0444498 0.95555 1
0.0303104 0.96969 1
0.0198758 0.980124 1
0.0552238 0.944776 1
0.859666 0.140334 1
0.756756 0.243244 1
0.0178369 0.982163 1
0.0566703 0.94333 1
0.0199732 0.980027 1
0.199131 0.800869 1
0.0162178 0.983782 1
0.00773145 0.992269 1
0.0389448 0.961055 1
0.0301755 0.969825 1
0.0116552 0.988345 1
0.462388 0.537612 1
0.0112769 0.988723 1
0.0147795 0.98522 1
0.0647 0.9353 1
0.116038 0.883962 1
0.0112465 0.988753 1
0.986249 0.0137508 1
0.0169354 0.983065 1
0.0103303 0.98967 1
0.80714 0.19286 1
0.0088691 0.991131 1
0.0188179 0.981182 1
