0.997457 0.00254329 0
0.998976 0.00102381 0
0.939105 0.060895 0
0.992678 0.00732173 0
0.764549 0.235451 0
0.991965 0.00803523 0
0.858508 0.141492 0
0.992106 0.00789368 0
0.944937 0.0550633 0
0.84685 0.15315 0
0.946332 0.0536681 0
0.974871 0.0251289 0
0.989711 0.0102892 0
0.866751 0.133249 0
0.95294 0.0470602 0
0.635793 0.364207 0
0.0535582 0.946442 0
0.994506 0.00549408 0
0.104847 0.895153 0
0.985487 0.0145135 0
0.998178 0.00182156 0
0.997896 0.00210419 0
0.99714 0.00286015 0
0.957527 0.0424725 0
0.960285 0.0397151 0
0.96733 0.0326701 0
0.99702 0.00298001 0
0.916284 0.0837164 0
0.98596 0.0140396 0
0.988409 0.0115906 0
0.991793 0.00820717 0
0.706613 0.293387 0
0.976409 0.0235908 0
0.990903 0.00909705 0
0.921972 0.0780279 0
0.996679 0.00332055 0
0.948618 0.0513824 0
0.748353 0.251647 0
0.99549 0.0045098 0
0.996341 0.00365919 0
0.987317 0.0126826 0
0.9625 0.0375002 0
0.911301 0.0886992 0
0.674455 0.325545 0
0.992009 0.00799122 0
0.997711 0.00228906 0
0.979874 0.0201263 0
0.978372 0.0216278 0
0.999554 0.000445921 0
0.854216 0.145784 0
0.96498 0.0350197 0
0.984478 0.015522 0
0.97897 0.0210299 0
0.998175 0.00182513 0
0.710164 0.289836 0
0.992693 0.00730661 0
0.999362 0.000638383 0
0.802213 0.197787 0
0.986373 0.0136271 0
0.107934 0.892066 0
0.543882 0.456118 0
0.925873 0.0741275 0
0.598379 0.401621 0
0.995704 0.00429627 0
0.646601 0.353399 0
0.996463 0.00353709 0
0.539868 0.460132 0
0.999186 0.000814056 0
0.969322 0.0306777 0
0.972709 0.0272915 0
0.999094 0.000906188 0
0.975309 0.0246913 0
0.990437 0.009563 0
0.981214 0.0187859 0
0.273147 0.726853 0
0.986785 0.0132146 0
0.998151 0.00184876 0
0.992632 0.00736793 0
0.999715 0.000285215 0
0.962017 0.037983 0
0.982882 0.0171181 0
0.988604 0.0113957 0
0.998775 0.00122512 0
0.961783 0.0382174 0
0.872474 0.127526 0
0.999105 0.000895472 0
0.915864 0.0841364 0
0.998824 0.00117595 0
0.991724 0.00827608 0
0.988871 0.0111292 0
0.978543 0.0214566 0
0.999757 0.000242641 0
0.995467 0.0045334 0
0.971536 0.0284643 0
0.985723 0.014277 0
0.942836 0.0571639 0
0.998993 0.00100661 0
0.786151 0.213849 0
0.975554 0.0244462 0
0.997844 0.00215593 0
0.0317134 0.968287 0
0.979703 0.020297 0
0.997694 0.00230565 0
0.997423 0.00257679 0
0.998016 0.00198367 0
0.800679 0.199321 0
0.658934 0.341066 0
0.975313 0.0246873 0
0.971644 0.0283563 0
0.989332 0.0106681 0
0.982596 0.0174042 0
0.998299 0.00170111 0
0.682585 0.317415 0
0.999216 0.000784234 0
0.997537 0.00246331 0
0.997845 0.00215496 0
0.231408 0.768592 0
0.463639 0.536361 0
0.860407 0.139593 0
0.305827 0.694173 0
0.990432 0.00956776 0
0.839678 0.160322 0
0.978856 0.0211444 0
0.994699 0.00530058 0
0.993613 0.00638747 0
0.994465 0.00553525 0
0.903711 0.0962891 0
0.998008 0.00199229 0
0.906098 0.0939017 0
0.994704 0.00529554 0
0.0088677 0.991132 0
0.844451 0.155549 0
0.997705 0.002295 0
0.986011 0.013989 0
0.999737 0.000263198 0
0.999539 0.000460632 0
0.979436 0.0205641 0
0.998533 0.00146732 0
0.997828 0.00217174 0
0.932377 0.0676226 0
0.990978 0.00902251 0
0.72112 0.27888 0
0.990168 0.00983227 0
0.988564 0.0114356 0
0.99043 0.00956988 0
0.963094 0.0369059 0
0.99591 0.00408961 0
0.990312 0.00968752 0
0.989382 0.0106176 0
0.571635 0.428365 0
0.991463 0.00853695 0
0.993194 0.00680595 0
0.995245 0.00475543 0
0.963506 0.036494 0
0.303418 0.696582 0
0.958912 0.0410876 0
0.722558 0.277442 0
0.60503 0.39497 0
0.806648 0.193352 0
0.9543 0.0456996 0
0.916591 0.0834087 0
0.932267 0.0677329 0
0.999715 0.000284632 0
0.992773 0.00722705 0
0.316213 0.683787 0
0.974615 0.0253851 0
0.890724 0.109276 0
0.996381 0.0036188 0
0.99848 0.00152019 0
0.990267 0.00973328 0
0.999038 0.000962262 0
0.781726 0.218274 0
0.0991694 0.900831 0
0.941153 0.0588475 0
0.985948 0.0140522 0
0.966433 0.0335666 0
0.376114 0.623886 0
0.999304 0.000696047 0
0.99256 0.00744004 0
0.993663 0.00633678 0
0.987292 0.0127079 0
0.998907 0.00109343 0
0.998483 0.00151724 0
0.873991 0.126009 0
0.690321 0.309679 0
0.329112 0.670888 0
0.999339 0.000661302 0
0.035537 0.964463 0
0.850801 0.149199 0
0.965057 0.034943 0
0.996753 0.00324709 0
0.988977 0.0110234 0
0.968292 0.0317085 0
0.985134 0.0148662 0
0.99909 0.000910116 0
0.999588 0.000411871 0
0.996797 0.00320321 0
0.962812 0.0371879 0
0.993844 0.00615649 0
0.931235 0.0687652 0
0.710129 0.28987 0
0.998717 0.00128334 0
0.97771 0.0222901 0
0.997402 0.00259812 0
0.827471 0.172529 0
0.995802 0.00419772 0
0.998135 0.00186535 0
0.991453 0.00854674 0
0.972476 0.0275241 0
0.679879 0.320121 0
0.530877 0.469123 0
0.0517186 0.948281 0
0.998189 0.00181098 0
0.878606 0.121394 0
0.860213 0.139787 0
0.992638 0.00736161 0
0.115088 0.884912 0
0.96786 0.0321397 0
0.985093 0.0149067 0
0.944718 0.0552818 0
0.999277 0.000723084 0
0.998019 0.0019807 0
0.999653 0.00034696 0
0.922118 0.0778817 0
0.98452 0.0154794 0
0.952203 0.0477974 0
0.257552 0.742448 0
0.970102 0.0298983 0
0.908332 0.0916677 0
0.986176 0.0138241 0
0.905229 0.0947713 0
0.879735 0.120265 0
0.960501 0.0394989 0
0.999323 0.000677129 0
0.978396 0.0216038 0
0.998547 0.0014533 0
0.995518 0.00448204 0
0.9726 0.0274001 0
0.998904 0.0010958 0
0.994814 0.00518559 0
0.70216 0.29784 0
0.978175 0.0218249 0
0.888928 0.111072 0
0.998895 0.00110487 0
0.95621 0.0437898 0
0.998426 0.00157405 0
0.961067 0.0389333 0
0.989945 0.0100552 0
0.852918 0.147082 0
0.987736 0.0122639 0
0.983654 0.0163461 0
0.997637 0.00236287 0
0.930892 0.0691082 0
0.983619 0.0163809 0
0.145678 0.854322 0
0.918755 0.0812453 0
0.997516 0.00248363 0
0.230174 0.769826 0
0.386041 0.613959 0
0.989167 0.0108327 0
0.861342 0.138658 0
0.36665 0.63335 0
0.999537 0.000463337 0
0.970124 0.0298757 0
0.997497 0.0025029 0
0.898474 0.101526 0
0.984847 0.0151527 0
0.996232 0.00376817 0
0.731171 0.268829 0
0.998855 0.00114502 0
0.987158 0.0128424 0
0.869041 0.130959 0
0.997537 0.00246275 0
0.986729 0.0132712 0
0.996879 0.00312154 0
0.997607 0.00239282 0
0.988725 0.0112747 0
0.99934 0.000660281 0
0.989105 0.0108948 0
0.471594 0.528406 0
0.978119 0.0218808 0
0.975801 0.0241991 0
0.994576 0.00542364 0
0.999037 0.000963357 0
0.592149 0.407851 0
0.988876 0.0111242 0
0.998609 0.00139055 0
0.997601 0.00239907 0
0.995135 0.0048645 0
0.893761 0.106239 0
0.205349 0.794651 0
0.99714 0.00286031 0
0.903934 0.096066 0
0.911003 0.0889966 0
0.991352 0.00864821 0
0.998269 0.00173067 0
0.998297 0.0017029 0
0.874948 0.125052 0
0.994579 0.00542092 0
0.998559 0.00144131 0
0.952535 0.0474649 0
0.884875 0.115125 0
0.995738 0.00426168 0
0.997057 0.00294344 0
0.910149 0.0898512 0
0.932093 0.0679066 0
0.161508 0.838492 0
0.993457 0.00654262 0
0.999441 0.000558503 0
0.997244 0.00275627 0
0.995341 0.00465879 0
0.828825 0.171175 0
0.997092 0.00290773 0
0.979061 0.0209387 0
0.990829 0.00917072 0
0.986609 0.0133907 0
0.9584 0.0416004 0
0.899076 0.100924 0
0.992337 0.0076631 0
0.994802 0.00519843 0
0.979029 0.0209714 0
0.932922 0.0670775 0
0.987984 0.0120161 0
0.991913 0.00808693 0
0.287764 0.712236 0
0.975737 0.0242632 0
0.977379 0.0226207 0
0.978664 0.0213356 0
0.991551 0.00844942 0
0.756641 0.243359 0
0.996565 0.00343503 0
0.992303 0.00769739 0
0.955981 0.0440193 0
0.992931 0.00706929 0
0.957284 0.0427162 0
0.998531 0.00146872 0
0.929171 0.070829 0
0.998114 0.00188626 0
0.607996 0.392004 0
0.518639 0.481361 0
0.978348 0.0216521 0
0.989877 0.0101232 0
0.999237 0.000763078 0
0.997182 0.00281785 0
0.986247 0.0137534 0
0.99248 0.00752036 0
0.996781 0.00321941 0
0.720945 0.279055 0
0.972626 0.0273744 0
0.972289 0.0277111 0
0.647152 0.352847 0
0.130055 0.869945 0
0.999092 0.000908054 0
0.998676 0.00132364 0
0.983712 0.0162884 0
0.894766 0.105234 0
0.999131 0.000869363 0
0.997633 0.0023675 0
0.996548 0.00345207 0
0.971492 0.028508 0
0.860949 0.139051 0
0.999022 0.000977993 0
0.918504 0.0814959 0
0.996683 0.00331728 0
0.992146 0.00785436 0
0.821352 0.178648 0
0.976135 0.023865 0
0.99912 0.000879762 0
0.977478 0.0225218 0
0.983321 0.0166786 0
0.990603 0.00939722 0
0.994807 0.00519287 0
0.992458 0.00754164 0
0.243357 0.756643 0
0.977023 0.0229769 0
0.996685 0.00331481 0
0.994834 0.00516566 0
0.981148 0.0188517 0
0.969274 0.0307258 0
0.966176 0.0338245 0
0.996333 0.00366662 0
0.998431 0.00156939 0
0.931265 0.0687353 0
0.941224 0.0587759 0
0.998863 0.00113653 0
0.97675 0.02325 0
0.9287 0.0712997 0
0.994149 0.00585128 0
0.016856 0.983144 0
0.999148 0.000852032 0
0.100452 0.899548 0
0.991469 0.00853135 0
0.967887 0.0321126 0
0.997613 0.00238698 0
0.999176 0.00082376 0
0.996484 0.00351632 0
0.999669 0.000331329 0
0.997756 0.00224406 0
0.99715 0.00284956 0
0.943173 0.0568274 0
0.885584 0.114416 0
0.941868 0.0581321 0
0.997194 0.00280618 0
0.994461 0.00553877 0
0.996479 0.00352096 0
0.981211 0.0187892 0
0.987104 0.0128965 0
0.997411 0.0025891 0
0.804287 0.195713 0
0.997502 0.00249808 0
0.988608 0.0113922 0
0.848034 0.151966 0
0.99737 0.00262947 0
0.918424 0.0815763 0
0.582718 0.417282 0
0.136129 0.863871 0
0.990623 0.00937729 0
0.759889 0.240111 0
0.992318 0.00768179 0
0.972926 0.0270741 0
0.993123 0.00687689 0
0.996088 0.00391189 0
0.985297 0.0147034 0
0.98515 0.0148502 0
0.942387 0.0576132 0
0.640157 0.359843 0
0.396777 0.603223 0
0.995166 0.00483357 0
0.955208 0.0447919 0
0.947928 0.0520722 0
0.243292 0.756708 0
0.918631 0.081369 0
0.0072001 0.9928 0
0.277164 0.722836 0
0.996287 0.00371249 0
0.997867 0.00213332 0
0.973469 0.0265306 0
0.982202 0.0177976 0
0.89355 0.10645 0
0.989876 0.010124 0
0.987366 0.0126343 0
0.885474 0.114526 0
0.980821 0.019179 0
0.998981 0.00101934 0
0.503009 0.496991 0
0.85541 0.14459 0
0.992552 0.0074481 0
0.992174 0.00782576 0
0.998041 0.00195852 0
0.994431 0.00556869 0
0.995245 0.0047553 0
0.998165 0.00183534 0
0.58093 0.41907 0
0.995049 0.00495084 0
0.997499 0.00250091 0
0.998638 0.00136239 0
0.991617 0.00838316 0
0.999361 0.000638922 0
0.987523 0.0124769 0
0.997838 0.00216177 0
0.915138 0.0848622 0
0.997583 0.00241684 0
0.997178 0.00282155 0
0.745794 0.254206 0
0.997679 0.0023215 0
0.945163 0.0548366 0
0.491628 0.508372 0
0.99879 0.00121026 0
0.973417 0.0265834 0
0.986241 0.013759 0
0.373465 0.626535 0
0.302363 0.697636 0
0.989901 0.0100991 0
0.997402 0.00259755 0
0.976346 0.0236544 0
0.983794 0.0162061 0
0.743811 0.256189 0
0.789424 0.210576 0
0.944659 0.0553407 0
0.99233 0.00767053 0
0.985249 0.0147513 0
0.0252112 0.974789 0
0.997495 0.0025051 0
0.99548 0.00451979 0
0.986877 0.0131234 0
0.675019 0.324981 0
0.917773 0.082227 0
0.397488 0.602512 0
0.902448 0.0975515 0
0.99671 0.0032898 0
0.986826 0.0131739 0
0.992089 0.00791101 0
0.990825 0.00917463 0
0.998638 0.00136231 0
0.990044 0.00995558 0
0.309017 0.690983 0
0.987931 0.0120687 0
0.997998 0.00200189 0
0.995574 0.00442569 0
0.180861 0.819139 0
0.979455 0.0205449 0
0.995459 0.00454144 0
0.959249 0.0407509 0
0.997065 0.00293462 0
0.880914 0.119086 0
0.998345 0.00165549 0
0.998999 0.00100117 0
0.997027 0.00297337 0
0.998323 0.00167691 0
0.9988 0.00119966 0
0.949792 0.0502081 0
0.963132 0.0368685 0
0.990945 0.00905526 0
0.982417 0.017583 0
0.989347 0.0106533 0
0.998825 0.00117548 0
0.923491 0.0765089 0
0.240261 0.759739 0
0.999521 0.000479435 0
0.830209 0.169791 0
0.997605 0.00239477 0
0.912416 0.0875837 0
0.95667 0.0433303 0
0.996886 0.00311417 0
0.638832 0.361168 0
0.992752 0.00724804 0
0.994871 0.0051289 0
0.998579 0.00142105 0
0.988838 0.0111624 0
0.834606 0.165394 0
0.996946 0.00305432 0
0.991677 0.00832328 0
0.974529 0.0254712 0
0.999185 0.000815451 0
0.914302 0.0856975 0
0.953179 0.0468205 0
0.987613 0.0123871 0
0.997984 0.00201615 0
0.997674 0.002326 0
0.852613 0.147387 0
0.457153 0.542847 0
0.781877 0.218123 0
0.988571 0.0114294 0
0.983394 0.0166061 0
0.997167 0.00283295 0
0.952292 0.0477084 0
0.991917 0.0080827 0
0.869688 0.130312 0
0.934921 0.0650788 0
0.442307 0.557693 0
0.999572 0.000428527 0
0.983526 0.0164735 0
0.0164859 0.983514 0
0.492859 0.507141 0
0.995243 0.00475648 0
0.998474 0.00152595 0
0.999157 0.000843107 0
0.835773 0.164227 0
0.974991 0.0250088 0
0.970011 0.0299888 0
0.996751 0.00324855 0
0.437729 0.562271 0
0.998627 0.00137297 0
0.990381 0.0096187 0
0.990511 0.00948919 0
0.984395 0.015605 0
0.153354 0.846646 0
0.955957 0.0440431 0
0.996894 0.00310598 0
0.98532 0.0146797 0
0.996204 0.00379643 0
0.973433 0.0265674 0
0.905346 0.0946536 0
0.987124 0.0128757 0
0.99834 0.00166034 0
0.972777 0.0272234 0
0.982655 0.0173448 0
0.980971 0.0190288 0
0.977514 0.0224859 0
0.966279 0.0337212 0
0.863044 0.136956 0
0.996059 0.00394097 0
0.978209 0.0217914 0
0.993773 0.00622719 0
0.691909 0.308091 0
0.895335 0.104665 0
0.993527 0.00647284 0
0.991778 0.00822191 0
0.996519 0.00348103 0
0.247916 0.752084 0
0.138443 0.861557 0
0.65203 0.34797 0
0.999845 0.000154899 0
0.99883 0.00117029 0
0.954971 0.0450293 0
0.981383 0.0186172 0
0.988846 0.0111537 0
0.872435 0.127565 0
0.988073 0.0119274 0
0.9797 0.0203004 0
0.999865 0.00013482 0
0.989625 0.0103747 0
0.0361552 0.963845 0
0.027257 0.972743 0
0.939423 0.0605773 0
0.968567 0.0314334 0
0.999466 0.000533623 0
0.979044 0.0209555 0
0.995534 0.00446616 0
0.995614 0.00438642 0
0.99887 0.00112996 0
0.999006 0.000993615 0
0.62959 0.37041 0
0.285441 0.714559 0
0.909227 0.0907734 0
0.385 0.615 0
0.863041 0.136959 0
0.97652 0.0234796 0
0.932713 0.067287 0
0.964656 0.0353444 0
0.874179 0.125821 0
0.995698 0.00430169 0
0.612924 0.387076 0
0.864089 0.135911 0
0.0877409 0.912259 0
0.999152 0.000848201 0
0.865762 0.134238 0
0.997115 0.00288461 0
0.119868 0.880132 0
0.99577 0.00423 0
0.996133 0.00386676 0
0.447254 0.552746 0
0.999543 0.00045652 0
0.907671 0.092329 0
0.829373 0.170627 0
0.951528 0.048472 0
0.9989 0.00109982 0
0.823315 0.176685 0
0.764772 0.235229 0
0.972163 0.0278369 0
0.997936 0.00206386 0
0.801028 0.198972 0
0.987045 0.0129546 0
0.996029 0.0039711 0
0.987752 0.0122482 0
0.956949 0.0430511 0
0.991872 0.00812831 0
0.990896 0.00910387 0
0.999297 0.000703425 0
0.996745 0.00325502 0
0.98858 0.0114205 0
0.999181 0.000818902 0
0.993289 0.00671056 0
0.997249 0.00275133 0
0.971634 0.0283662 0
0.955821 0.0441792 0
0.29052 0.70948 0
0.95308 0.0469202 0
0.998384 0.00161568 0
0.363879 0.636121 0
0.994017 0.0059828 0
0.941407 0.0585933 0
0.997555 0.00244452 0
0.993839 0.00616141 0
0.980577 0.0194226 0
0.469777 0.530223 0
0.287226 0.712774 0
0.993338 0.00666241 0
0.947662 0.0523381 0
0.989703 0.0102965 0
0.874918 0.125082 0
0.995372 0.00462846 0
0.673228 0.326772 0
0.912284 0.0877161 0
0.997749 0.00225128 0
0.969056 0.0309444 0
0.927403 0.072597 0
0.984559 0.0154415 0
0.995012 0.00498827 0
0.761015 0.238985 0
0.981917 0.0180829 0
0.118077 0.881923 0
0.906513 0.0934869 0
0.644187 0.355813 0
0.994305 0.00569456 0
0.970696 0.0293042 0
0.991191 0.00880913 0
0.805797 0.194203 0
0.985376 0.0146243 0
0.981956 0.0180435 0
0.976412 0.0235878 0
0.836618 0.163382 0
0.999048 0.000952198 0
0.998427 0.0015727 0
0.994841 0.00515895 0
0.899936 0.100064 0
0.972188 0.0278123 0
0.995794 0.00420642 0
0.998557 0.00144267 0
0.976444 0.0235556 0
0.72765 0.27235 0
0.999325 0.000674804 0
0.863956 0.136044 0
0.998341 0.00165869 0
0.990391 0.00960937 0
0.760559 0.239441 0
0.99816 0.00184037 0
0.997508 0.00249202 0
0.916412 0.0835877 0
0.993865 0.00613532 0
0.914075 0.0859248 0
0.977732 0.0222677 0
0.770243 0.229757 0
0.996167 0.0038334 0
0.852313 0.147687 0
0.931584 0.0684162 0
0.692073 0.307927 0
0.993064 0.00693602 0
0.997983 0.00201665 0
0.94606 0.0539398 0
0.99525 0.00475044 0
0.997635 0.00236499 0
0.997877 0.00212257 0
0.958089 0.0419114 0
0.0913021 0.908698 0
0.997474 0.00252621 0
0.998766 0.00123436 0
0.538165 0.461835 0
0.99226 0.00774012 0
0.995324 0.00467625 0
0.998563 0.00143662 0
0.97672 0.0232801 0
0.831878 0.168122 0
0.998826 0.00117381 0
0.999796 0.000204421 0
0.414136 0.585864 0
0.937872 0.0621284 0
0.420034 0.579966 0
0.995332 0.00466813 0
0.972202 0.0277978 0
0.980628 0.0193722 0
0.80546 0.19454 0
0.937673 0.0623271 0
0.793951 0.206049 0
0.835825 0.164175 0
0.942207 0.057793 0
0.189381 0.810619 0
0.997193 0.00280695 0
0.990113 0.00988674 0
0.985231 0.0147689 0
0.973298 0.0267016 0
0.97495 0.02505 0
0.421245 0.578755 0
0.624036 0.375964 0
0.996306 0.0036938 0
0.995417 0.00458304 0
0.613849 0.386151 0
0.978415 0.021585 0
0.989072 0.0109282 0
0.996304 0.00369588 0
0.697584 0.302416 0
0.994167 0.00583286 0
0.997584 0.00241585 0
0.975978 0.0240219 0
0.315518 0.684482 0
0.982176 0.0178245 0
0.987736 0.0122637 0
0.990178 0.00982163 0
0.97774 0.0222597 0
0.98526 0.0147405 0
0.781523 0.218477 0
0.985714 0.0142862 0
0.979556 0.0204445 0
0.995067 0.00493265 0
0.991892 0.00810794 0
0.995342 0.00465759 0
0.999714 0.000285616 0
0.989165 0.0108346 0
0.945473 0.0545272 0
0.0831202 0.91688 0
0.325074 0.674926 0
0.969335 0.0306653 0
0.973111 0.0268885 0
0.998975 0.00102481 0
0.984567 0.0154334 0
0.791845 0.208155 0
0.092772 0.907228 0
0.967004 0.0329964 0
0.661514 0.338486 0
0.991293 0.00870662 0
0.8219 0.1781 0
0.994221 0.00577941 0
0.932767 0.0672327 0
0.994726 0.00527444 0
0.958056 0.0419436 0
0.991521 0.00847916 0
0.99837 0.0016303 0
0.999113 0.000887032 0
0.938448 0.0615524 0
0.996804 0.0031962 0
0.493642 0.506358 0
0.761102 0.238898 0
0.987364 0.0126358 0
0.576815 0.423185 0
0.999026 0.000974268 0
0.997614 0.00238576 0
0.984181 0.0158192 0
0.97844 0.0215605 0
0.852252 0.147748 0
0.995673 0.00432746 0
0.996103 0.00389718 0
0.999512 0.000487709 0
0.993976 0.00602396 0
0.980776 0.0192238 0
0.93736 0.0626397 0
0.961015 0.0389853 0
0.998127 0.00187278 0
0.977834 0.0221661 0
0.974709 0.0252915 0
0.980585 0.019415 0
0.987073 0.0129275 0
0.996804 0.00319587 0
0.972033 0.0279671 0
0.246516 0.753484 0
0.973312 0.0266875 0
0.896821 0.103179 0
0.893694 0.106306 0
0.687265 0.312735 0
0.644668 0.355332 0
0.903226 0.0967742 0
0.95414 0.0458597 0
0.992637 0.0073631 0
0.990268 0.00973181 0
0.987186 0.0128142 0
0.899771 0.100229 0
0.990691 0.00930908 0
0.999573 0.000426794 0
0.998332 0.00166829 0
0.853384 0.146616 0
0.928428 0.0715717 0
0.945271 0.0547286 0
0.947159 0.0528415 0
0.999191 0.000809352 0
0.877076 0.122924 0
0.99893 0.00107044 0
0.986358 0.0136424 0
0.964916 0.0350837 0
0.108358 0.891642 0
0.965259 0.0347405 0
0.893781 0.106219 0
0.998765 0.00123533 0
0.113482 0.886518 0
0.995205 0.00479541 0
0.95016 0.0498401 0
0.977333 0.0226671 0
0.991296 0.00870404 0
0.99885 0.00115009 0
0.7494 0.2506 0
0.944178 0.0558219 0
0.990919 0.00908149 0
0.987807 0.0121932 0
0.783723 0.216277 0
0.996757 0.00324263 0
0.847866 0.152134 0
0.944815 0.0551854 0
0.954648 0.0453523 0
0.994128 0.00587196 0
0.875258 0.124742 0
0.98094 0.0190599 0
0.946163 0.0538365 0
0.908264 0.0917365 0
0.978003 0.021997 0
0.976174 0.0238256 0
0.608102 0.391898 0
0.992239 0.00776072 0
0.640416 0.359584 0
0.961627 0.0383729 0
0.990067 0.00993263 0
0.904649 0.0953509 0
0.95341 0.0465896 0
0.997684 0.00231583 0
0.980303 0.0196971 0
0.9932 0.00679978 0
0.824627 0.175373 0
0.626295 0.373705 0
0.999274 0.000725593 0
0.285221 0.714779 0
0.995621 0.00437877 0
0.932982 0.0670184 0
0.947631 0.052369 0
0.997962 0.00203848 0
0.999753 0.000247161 0
0.962634 0.0373664 0
0.441677 0.558323 0
0.946766 0.053234 0
0.849761 0.150239 0
0.995384 0.00461638 0
0.993318 0.00668175 0
0.956944 0.0430562 0
0.284095 0.715905 0
0.990317 0.00968254 0
0.95713 0.0428699 0
0.979131 0.0208686 0
0.9597 0.0403004 0
0.999548 0.000452192 0
0.998709 0.00129051 0
0.995672 0.004328 0
0.803045 0.196955 0
0.98673 0.0132695 0
0.90903 0.0909704 0
0.993013 0.00698689 0
0.992227 0.00777321 0
0.999419 0.000581392 0
0.937175 0.0628248 0
0.999858 0.000142307 0
0.999486 0.000514234 0
0.961534 0.0384655 0
0.993759 0.00624063 0
0.965301 0.0346988 0
0.983686 0.0163145 0
0.999383 0.000616959 0
0.995523 0.00447699 0
0.590919 0.409081 0
0.989758 0.0102418 0
0.936106 0.0638941 0
0.960994 0.0390064 0
0.988924 0.0110764 0
0.996343 0.00365664 0
0.996003 0.00399688 0
0.990068 0.00993156 0
0.986418 0.0135819 0
0.994177 0.00582324 0
0.993656 0.00634448 0
0.991019 0.0089814 0
0.999059 0.000941227 0
0.998556 0.00144432 0
0.95262 0.0473796 0
0.99915 0.000849552 0
0.644044 0.355956 0
0.669069 0.330931 0
0.998684 0.00131652 0
0.98439 0.0156097 0
0.997865 0.00213476 0
0.659226 0.340774 0
0.98673 0.01327 0
0.770945 0.229055 0
0.994904 0.00509558 0
0.869612 0.130389 0
0.996479 0.00352133 0
0.998025 0.00197532 0
0.99863 0.0013703 0
0.940342 0.0596575 0
0.999759 0.000241234 0
0.996552 0.00344834 0
0.992363 0.00763653 0
0.99909 0.000910332 0
0.954138 0.0458625 0
0.994865 0.00513502 0
0.99829 0.00170981 0
0.982723 0.0172769 0
0.981926 0.0180736 0
0.99897 0.00103035 0
0.964506 0.0354941 0
0.54156 0.45844 0
0.958638 0.0413617 0
0.923775 0.0762253 0
0.988605 0.0113946 0
0.833026 0.166974 0
0.99456 0.00543996 0
0.983233 0.0167673 0
0.246755 0.753245 0
0.912976 0.0870237 0
0.994374 0.00562647 0
0.932553 0.0674473 0
0.926418 0.0735817 0
0.981751 0.0182486 0
0.993118 0.00688217 0
0.999073 0.000927208 0
0.997468 0.00253243 0
0.998323 0.0016769 0
0.689409 0.310591 0
0.102822 0.897178 0
0.727152 0.272848 0
0.582428 0.417572 0
0.716533 0.283467 0
0.99947 0.00052998 0
0.98746 0.0125405 0
0.984372 0.0156278 0
0.997449 0.00255102 0
0.993533 0.00646679 0
0.979405 0.0205947 0
0.62581 0.37419 0
0.437325 0.562675 0
0.99906 0.000939627 0
0.981184 0.0188158 0
0.332038 0.667962 0
0.992009 0.0079909 0
0.973509 0.0264912 0
0.995909 0.00409051 0
0.962775 0.0372251 0
0.00355705 0.996443 1
0.0211469 0.978853 1
0.117456 0.882544 1
0.010109 0.989891 1
0.153838 0.846162 1
0.253963 0.746037 1
0.0713209 0.928679 1
0.0132101 0.98679 1
0.761557 0.238443 1
0.427667 0.572333 1
0.0163387 0.983661 1
0.357612 0.642388 1
0.00926728 0.990733 1
0.114314 0.885686 1
0.00575978 0.99424 1
0.137371 0.862629 1
0.32009 0.67991 1
0.406722 0.593278 1
0.623367 0.376633 1
0.596107 0.403893 1
0.0391679 0.960832 1
0.00508477 0.994915 1
0.229879 0.770121 1
0.0595242 0.940476 1
0.00447146 0.995529 1
0.0247715 0.975229 1
0.0382277 0.961772 1
0.0156773 0.984323 1
0.0466628 0.953337 1
0.0120603 0.98794 1
0.151488 0.848512 1
0.0138912 0.986109 1
0.286771 0.713229 1
0.00337611 0.996624 1
0.0465596 0.95344 1
0.0106697 0.98933 1
0.0133674 0.986633 1
0.0170977 0.982902 1
0.0143203 0.98568 1
0.0240714 0.975929 1
0.0605711 0.939429 1
0.10063 0.89937 1
0.00497282 0.995027 1
0.225428 0.774572 1
0.0112648 0.988735 1
0.0141059 0.985894 1
0.00881818 0.991182 1
0.270129 0.729871 1
0.104741 0.895259 1
0.0389915 0.961008 1
0.014113 0.985887 1
0.0257932 0.974207 1
0.908145 0.0918552 1
0.00549824 0.994502 1
0.774417 0.225583 1
0.0127288 0.987271 1
0.031677 0.968323 1
0.0878676 0.912132 1
0.512651 0.487349 1
0.0644922 0.935508 1
0.805555 0.194445 1
0.30465 0.69535 1
0.003837 0.996163 1
0.0249417 0.975058 1
0.00973225 0.990268 1
0.0124998 0.9875 1
0.0126875 0.987312 1
0.04206 0.95794 1
0.334416 0.665584 1
0.0607355 0.939265 1
0.376379 0.623621 1
0.0225917 0.977408 1
0.0190389 0.980961 1
0.0645347 0.935465 1
0.990399 0.00960122 1
0.0858959 0.914104 1
0.00650608 0.993494 1
0.0550453 0.944955 1
0.00194327 0.998057 1
0.00516403 0.994836 1
0.00725639 0.992744 1
0.685125 0.314875 1
0.787459 0.212541 1
0.0027554 0.997245 1
0.644001 0.355999 1
0.0612409 0.938759 1
0.130248 0.869752 1
0.0154011 0.984599 1
0.0505235 0.949476 1
0.283958 0.716042 1
0.00940012 0.9906 1
0.00427359 0.995726 1
0.0252414 0.974759 1
0.165567 0.834433 1
0.0146168 0.985383 1
0.0320644 0.967936 1
0.00650736 0.993493 1
0.594448 0.405552 1
0.307283 0.692717 1
0.542609 0.457391 1
0.0149841 0.985016 1
0.0202953 0.979705 1
0.741918 0.258082 1
0.00636634 0.993634 1
0.0088996 0.9911 1
0.352905 0.647095 1
0.0253467 0.974653 1
0.2883 0.7117 1
0.018934 0.981066 1
0.0311214 0.968879 1
0.00829158 0.991708 1
0.0169491 0.983051 1
0.251854 0.748146 1
0.00390967 0.99609 1
0.0275374 0.972463 1
0.0271506 0.972849 1
0.513813 0.486187 1
0.00506737 0.994933 1
0.00695028 0.99305 1
0.0520032 0.947997 1
0.18303 0.81697 1
0.626153 0.373847 1
0.0547688 0.945231 1
0.686484 0.313516 1
0.0246494 0.975351 1
0.488928 0.511072 1
0.988963 0.0110368 1
0.00348115 0.996519 1
0.00661919 0.993381 1
0.0723436 0.927656 1
0.0029193 0.997081 1
0.019341 0.980659 1
0.00975464 0.990245 1
0.00921346 0.990786 1
0.0107842 0.989216 1
0.041924 0.958076 1
0.00793347 0.992067 1
0.00255463 0.997445 1
0.00904286 0.990957 1
0.146592 0.853409 1
0.00160424 0.998396 1
0.072789 0.927211 1
0.0852512 0.914749 1
0.649834 0.350166 1
0.0607205 0.939279 1
0.093835 0.906165 1
0.0259782 0.974022 1
0.00333413 0.996666 1
0.0492246 0.950775 1
0.262349 0.737651 1
0.00441674 0.995583 1
0.00424603 0.995754 1
0.0154405 0.984559 1
0.0213773 0.978623 1
0.469046 0.530954 1
0.302967 0.697033 1
0.0483488 0.951651 1
0.162696 0.837304 1
0.029827 0.970173 1
0.142255 0.857745 1
0.00667172 0.993328 1
0.0047226 0.995277 1
0.00482153 0.995178 1
0.0149453 0.985055 1
0.256137 0.743863 1
0.00415282 0.995847 1
0.0566655 0.943335 1
0.865824 0.134176 1
0.212861 0.787139 1
0.0182145 0.981785 1
0.00281592 0.997184 1
0.0242339 0.975766 1
0.469037 0.530963 1
0.078797 0.921203 1
0.252633 0.747367 1
0.0337029 0.966297 1
0.103625 0.896375 1
0.949948 0.0500518 1
0.00620596 0.993794 1
0.0280773 0.971923 1
0.529091 0.470909 1
0.592909 0.407091 1
0.00630448 0.993696 1
0.00705959 0.99294 1
0.275563 0.724437 1
0.155839 0.844161 1
0.108394 0.891606 1
0.846323 0.153677 1
0.0187534 0.981247 1
0.579331 0.420669 1
0.0553263 0.944674 1
0.273361 0.726639 1
0.300863 0.699137 1
0.0407192 0.959281 1
0.519227 0.480773 1
0.458266 0.541734 1
0.113444 0.886556 1
0.00983174 0.990168 1
0.0050131 0.994987 1
0.0473054 0.952695 1
0.0485285 0.951472 1
0.0649329 0.935067 1
0.0448966 0.955103 1
0.0103146 0.989685 1
0.110222 0.889778 1
0.00529912 0.994701 1
0.00452463 0.995475 1
0.203271 0.796729 1
0.851241 0.148759 1
0.0229665 0.977033 1
0.00396083 0.996039 1
0.00889169 0.991108 1
0.75086 0.24914 1
0.172137 0.827863 1
0.0223744 0.977626 1
0.00470519 0.995295 1
0.83259 0.16741 1
0.207368 0.792632 1
0.0556457 0.944354 1
0.00175217 0.998248 1
0.0147795 0.985221 1
0.00774591 0.992254 1
0.00272292 0.997277 1
0.872179 0.127821 1
0.00349654 0.996503 1
0.0719143 0.928086 1
0.0099369 0.990063 1
0.93466 0.0653402 1
0.0228603 0.97714 1
0.743204 0.256796 1
0.0275014 0.972499 1
0.065958 0.934042 1
0.324283 0.675717 1
0.0254163 0.974584 1
0.0445451 0.955455 1
0.00722515 0.992775 1
0.0377436 0.962256 1
0.388184 0.611816 1
0.0386752 0.961325 1
0.01417 0.98583 1
0.123586 0.876414 1
0.773013 0.226987 1
0.0241364 0.975864 1
0.0254617 0.974538 1
0.605704 0.394296 1
0.0394936 0.960506 1
0.049267 0.950733 1
0.00229794 0.997702 1
0.00837725 0.991623 1
0.00239056 0.997609 1
0.00275719 0.997243 1
0.054004 0.945996 1
0.12933 0.87067 1
0.0497578 0.950242 1
0.429463 0.570537 1
0.115803 0.884197 1
0.012711 0.987289 1
0.183785 0.816215 1
0.230901 0.769099 1
0.99518 0.00481959 1
0.00393618 0.996064 1
0.105064 0.894936 1
0.611426 0.388574 1
0.054717 0.945283 1
0.00691333 0.993087 1
0.00363776 0.996362 1
0.0292536 0.970746 1
0.00504455 0.994955 1
0.776112 0.223888 1
0.334083 0.665917 1
0.0112571 0.988743 1
0.360516 0.639484 1
0.637318 0.362682 1
0.821937 0.178063 1
0.0106937 0.989306 1
0.0073078 0.992692 1
0.0144706 0.985529 1
0.0158028 0.984197 1
0.0141315 0.985868 1
0.0164881 0.983512 1
0.00560464 0.994395 1
0.00776623 0.992234 1
0.644449 0.355551 1
0.0184818 0.981518 1
0.0206404 0.97936 1
0.0080821 0.991918 1
0.0146225 0.985377 1
0.516654 0.483346 1
0.00572985 0.99427 1
0.0263183 0.973682 1
0.0258435 0.974157 1
0.00435102 0.995649 1
0.864913 0.135087 1
0.0093275 0.990673 1
0.0474362 0.952564 1
0.800587 0.199413 1
0.0262981 0.973702 1
0.260624 0.739376 1
0.00328972 0.99671 1
0.125286 0.874714 1
0.227019 0.772981 1
0.923456 0.0765445 1
0.00609256 0.993908 1
0.0142492 0.985751 1
0.00474771 0.995252 1
0.00630308 0.993697 1
0.0858446 0.914155 1
0.0126562 0.987344 1
0.341059 0.658941 1
0.554282 0.445718 1
0.010677 0.989323 1
0.538783 0.461217 1
0.0291009 0.970899 1
0.0720701 0.92793 1
0.126988 0.873012 1
0.117008 0.882992 1
0.029454 0.970546 1
0.00889535 0.991105 1
0.649857 0.350143 1
0.00429519 0.995705 1
0.14332 0.85668 1
0.0289058 0.971094 1
0.100608 0.899392 1
0.0237259 0.976274 1
0.0507487 0.949251 1
0.078616 0.921384 1
0.135929 0.864071 1
0.0100117 0.989988 1
0.0640849 0.935915 1
0.0197804 0.98022 1
0.0071585 0.992841 1
0.0151636 0.984836 1
0.0546705 0.945329 1
0.479526 0.520474 1
0.0563962 0.943604 1
0.123423 0.876577 1
0.0177006 0.982299 1
0.075718 0.924282 1
0.00254585 0.997454 1
0.0583241 0.941676 1
0.075582 0.924418 1
0.0124469 0.987553 1
0.24667 0.75333 1
0.284885 0.715115 1
0.593258 0.406742 1
0.0698712 0.930129 1
0.0122336 0.987766 1
0.216801 0.783199 1
0.057851 0.942149 1
0.017516 0.982484 1
0.16955 0.83045 1
0.46849 0.53151 1
0.0212905 0.978709 1
0.563938 0.436062 1
0.97768 0.0223203 1
0.0324708 0.967529 1
0.202998 0.797002 1
0.88519 0.11481 1
0.00533005 0.99467 1
0.00536293 0.994637 1
0.92733 0.0726698 1
0.17997 0.82003 1
0.892852 0.107148 1
0.0187843 0.981216 1
0.0143727 0.985627 1
0.153846 0.846154 1
0.0103642 0.989636 1
0.0911765 0.908823 1
0.907084 0.0929158 1
0.0340499 0.96595 1
0.0638583 0.936142 1
0.818945 0.181055 1
0.0209043 0.979096 1
0.85928 0.14072 1
0.0302574 0.969743 1
0.0666656 0.933334 1
0.200449 0.799551 1
0.522092 0.477908 1
0.636068 0.363932 1
0.00617061 0.993829 1
0.159296 0.840704 1
0.00757933 0.992421 1
0.291439 0.708561 1
0.0096922 0.990308 1
0.00955472 0.990445 1
0.0749505 0.925049 1
0.0803848 0.919615 1
0.844089 0.155911 1
0.0354908 0.964509 1
0.00309138 0.996909 1
0.00405863 0.995941 1
0.360937 0.639063 1
0.00574624 0.994254 1
0.002484 0.997516 1
0.0780903 0.92191 1
0.912891 0.0871094 1
0.00980816 0.990192 1
0.170798 0.829202 1
0.745802 0.254198 1
0.0312013 0.968799 1
0.560041 0.439959 1
0.0889174 0.911083 1
0.0037265 0.996274 1
0.00856052 0.991439 1
0.036703 0.963297 1
0.0300436 0.969956 1
0.0108047 0.989195 1
0.116414 0.883586 1
0.857965 0.142035 1
0.0334528 0.966547 1
0.0491393 0.950861 1
0.628325 0.371675 1
0.450225 0.549775 1
0.123354 0.876646 1
0.19944 0.80056 1
0.344964 0.655036 1
0.0267141 0.973286 1
0.00897121 0.991029 1
0.0325172 0.967483 1
0.0107154 0.989285 1
0.00866888 0.991331 1
0.0387478 0.961252 1
0.036319 0.963681 1
0.0101666 0.989833 1
0.0317507 0.968249 1
0.00581849 0.994181 1
0.186247 0.813753 1
0.0225744 0.977426 1
0.0081951 0.991805 1
0.410745 0.589255 1
0.189893 0.810107 1
0.00451357 0.995486 1
0.0318947 0.968105 1
0.00347863 0.996521 1
0.0195563 0.980444 1
0.116026 0.883974 1
0.661147 0.338853 1
0.391978 0.608022 1
0.0081419 0.991858 1
0.0194379 0.980562 1
0.83305 0.16695 1
0.0157916 0.984208 1
0.02401 0.97599 1
0.810659 0.189341 1
0.157005 0.842995 1
0.614383 0.385617 1
0.0305418 0.969458 1
0.557043 0.442957 1
0.0191949 0.980805 1
0.00794555 0.992054 1
0.0101938 0.989806 1
0.916652 0.0833482 1
0.00605851 0.993942 1
0.00483704 0.995163 1
0.412339 0.587661 1
0.00503451 0.994965 1
0.0183909 0.981609 1
0.686273 0.313727 1
0.540164 0.459836 1
0.0100215 0.989978 1
0.0126635 0.987336 1
0.0298266 0.970173 1
0.00822364 0.991776 1
0.0417258 0.958274 1
0.862488 0.137512 1
0.0112421 0.988758 1
0.296399 0.703601 1
0.0343743 0.965626 1
0.228558 0.771442 1
0.00183422 0.998166 1
0.0458247 0.954175 1
0.0056584 0.994342 1
0.129846 0.870154 1
0.0244135 0.975587 1
0.0526295 0.947371 1
0.455568 0.544432 1
0.00693141 0.993069 1
0.00418495 0.995815 1
0.0234551 0.976545 1
0.8374 0.1626 1
0.00834075 0.991659 1
0.0341526 0.965847 1
0.00375393 0.996246 1
0.743499 0.256501 1
0.0215464 0.978454 1
0.127476 0.872524 1
0.00860418 0.991396 1
0.00679292 0.993207 1
0.0399582 0.960042 1
0.00298636 0.997014 1
0.00594813 0.994052 1
0.00789405 0.992106 1
0.242873 0.757127 1
0.474467 0.525533 1
0.033209 0.966791 1
0.0165714 0.983429 1
0.353608 0.646392 1
0.627188 0.372812 1
0.0379176 0.962082 1
0.0652304 0.93477 1
0.00369681 0.996303 1
0.279152 0.720848 1
0.010149 0.989851 1
0.0131895 0.986811 1
0.00706681 0.992933 1
0.0331256 0.966874 1
0.482687 0.517313 1
0.24745 0.75255 1
0.00854658 0.991453 1
0.00451916 0.995481 1
0.052761 0.947239 1
0.216691 0.783309 1
0.0116985 0.988302 1
0.442155 0.557845 1
0.00964167 0.990358 1
0.0203991 0.979601 1
0.00201447 0.997985 1
0.00731552 0.992684 1
0.0068726 0.993127 1
0.665855 0.334145 1
0.0096803 0.99032 1
0.0306359 0.969364 1
0.908589 0.0914105 1
0.877956 0.122044 1
0.0175586 0.982441 1
0.0132911 0.986709 1
0.287869 0.712131 1
0.0158592 0.984141 1
0.0128592 0.987141 1
0.0546629 0.945337 1
0.457435 0.542565 1
0.00149624 0.998504 1
0.222307 0.777693 1
0.0300866 0.969913 1
0.0133504 0.98665 1
0.90465 0.0953503 1
0.534964 0.465036 1
0.0679146 0.932085 1
0.0215583 0.978442 1
0.0337264 0.966274 1
0.0327201 0.96728 1
0.426946 0.573054 1
0.901803 0.098197 1
0.0215259 0.978474 1
0.00785065 0.992149 1
0.0634936 0.936506 1
0.620254 0.379746 1
0.0545772 0.945423 1
0.00609278 0.993907 1
0.0292806 0.970719 1
0.0100075 0.989993 1
0.643918 0.356082 1
0.232281 0.767719 1
0.0131797 0.98682 1
0.00279521 0.997205 1
0.0642793 0.935721 1
0.144598 0.855402 1
0.176284 0.823715 1
0.00577524 0.994225 1
0.0105969 0.989403 1
0.117427 0.882573 1
0.564834 0.435166 1
0.0471291 0.952871 1
0.0269292 0.973071 1
0.157193 0.842807 1
0.0128108 0.987189 1
0.0703657 0.929634 1
0.0107529 0.989247 1
0.759116 0.240884 1
0.00907535 0.990925 1
0.964723 0.0352767 1
0.427901 0.572099 1
0.0142578 0.985742 1
0.00808406 0.991916 1
0.263638 0.736362 1
0.036556 0.963444 1
0.0110462 0.988954 1
0.0159084 0.984092 1
0.00745385 0.992546 1
0.00694033 0.99306 1
0.0149957 0.985004 1
0.00451611 0.995484 1
0.27087 0.72913 1
0.00695885 0.993041 1
0.00426243 0.995738 1
0.0159064 0.984094 1
0.337385 0.662615 1
0.114115 0.885885 1
0.0113343 0.988666 1
0.00831846 0.991682 1
0.00344279 0.996557 1
0.0463191 0.953681 1
0.0032933 0.996707 1
0.231833 0.768167 1
0.0497868 0.950213 1
0.00540403 0.994596 1
0.841527 0.158473 1
0.00232987 0.99767 1
0.0364306 0.963569 1
0.320065 0.679935 1
0.0135064 0.986494 1
0.119189 0.880811 1
0.156179 0.843821 1
0.246852 0.753148 1
0.847037 0.152963 1
0.00464772 0.995352 1
0.327101 0.672899 1
0.239701 0.760299 1
0.0202663 0.979734 1
0.125635 0.874365 1
0.00576302 0.994237 1
0.013745 0.986255 1
0.00868772 0.991312 1
0.0124576 0.987542 1
0.0124296 0.98757 1
0.00272246 0.997278 1
0.00934928 0.990651 1
0.957865 0.0421347 1
0.0122925 0.987708 1
0.00544633 0.994554 1
0.741083 0.258917 1
0.163721 0.836279 1
0.391892 0.608108 1
0.0138996 0.9861 1
0.0510712 0.948929 1
0.016858 0.983142 1
0.0294352 0.970565 1
0.467016 0.532984 1
0.0198104 0.98019 1
0.00685047 0.99315 1
0.00914592 0.990854 1
0.533516 0.466484 1
0.0107785 0.989222 1
0.12016 0.87984 1
0.0120621 0.987938 1
0.0232717 0.976728 1
0.00650462 0.993495 1
0.0138947 0.986105 1
0.14777 0.85223 1
0.06426 0.93574 1
0.0487327 0.951267 1
0.00208832 0.997912 1
0.159913 0.840087 1
0.366081 0.633919 1
0.00897691 0.991023 1
0.0191707 0.980829 1
0.0110759 0.988924 1
0.0223102 0.97769 1
0.00593254 0.994067 1
0.347107 0.652893 1
0.00665089 0.993349 1
0.0236468 0.976353 1
0.0095341 0.990466 1
0.0280561 0.971944 1
0.0166908 0.983309 1
0.263966 0.736034 1
0.00781407 0.992186 1
0.00340707 0.996593 1
0.013083 0.986917 1
0.014528 0.985472 1
0.00185163 0.998148 1
0.0118325 0.988167 1
0.0125398 0.98746 1
0.950962 0.049038 1
0.00688101 0.993119 1
0.0512961 0.948704 1
0.00450172 0.995498 1
0.109354 0.890646 1
0.127491 0.872509 1
0.0931857 0.906814 1
0.014209 0.985791 1
0.00490618 0.995094 1
0.00605183 0.993948 1
0.0380293 0.961971 1
0.0106329 0.989367 1
0.00806034 0.99194 1
0.0486934 0.951307 1
0.0669527 0.933047 1
0.983679 0.0163209 1
0.00761614 0.992384 1
0.00727008 0.99273 1
0.339043 0.660957 1
0.856401 0.143599 1
0.911279 0.0887207 1
0.00473685 0.995263 1
0.0425597 0.95744 1
0.0591844 0.940816 1
0.0200043 0.979996 1
0.455761 0.544239 1
0.0125555 0.987444 1
0.047076 0.952924 1
0.0124171 0.987583 1
0.0176113 0.982389 1
0.0143992 0.985601 1
0.0201223 0.979878 1
0.00536904 0.994631 1
0.0089735 0.991026 1
0.00608987 0.99391 1
0.480026 0.519974 1
0.0460136 0.953986 1
0.00631568 0.993684 1
0.297249 0.702751 1
0.0688125 0.931187 1
0.0823684 0.917632 1
0.0163161 0.983684 1
0.0127684 0.987232 1
0.0309797 0.96902 1
0.547719 0.452281 1
0.182053 0.817947 1
0.306442 0.693558 1
0.0116287 0.988371 1
0.0342249 0.965775 1
0.0313607 0.968639 1
0.00266056 0.997339 1
0.235001 0.764999 1
0.0462423 0.953758 1
0.592203 0.407797 1
0.391071 0.608929 1
0.251092 0.748908 1
0.0166475 0.983353 1
0.0127967 0.987203 1
0.463008 0.536992 1
0.810788 0.189212 1
0.00218943 0.997811 1
0.18905 0.81095 1
0.0132397 0.98676 1
0.103567 0.896433 1
0.00369049 0.996309 1
0.0131519 0.986848 1
0.155451 0.844549 1
0.141804 0.858196 1
0.00505585 0.994944 1
0.00516475 0.994835 1
0.416965 0.583035 1
0.0582985 0.941701 1
0.0339108 0.966089 1
0.0135597 0.98644 1
0.0169491 0.983051 1
0.0213698 0.97863 1
0.00231236 0.997688 1
0.575713 0.424287 1
0.0032154 0.996785 1
0.00656857 0.993432 1
0.996639 0.00336138 1
0.183086 0.816914 1
0.00815872 0.991841 1
0.0427447 0.957255 1
0.00798666 0.992013 1
0.0100027 0.989997 1
0.0405227 0.959477 1
0.0652137 0.934786 1
0.378794 0.621206 1
0.0292679 0.970732 1
0.425647 0.574353 1
0.974443 0.0255568 1
0.00356704 0.996433 1
0.00426832 0.995732 1
0.997263 0.0027372 1
0.611041 0.388959 1
0.0189876 0.981012 1
0.679168 0.320832 1
0.00902998 0.99097 1
0.0311239 0.968876 1
0.105023 0.894977 1
0.748805 0.251195 1
0.0183872 0.981613 1
0.0270016 0.972998 1
0.0214755 0.978524 1
0.00382536 0.996175 1
0.520388 0.479612 1
0.0121032 0.987897 1
0.00512647 0.994873 1
0.00670117 0.993299 1
0.0358685 0.964131 1
0.00858742 0.991413 1
0.987929 0.0120708 1
0.0170492 0.982951 1
0.00420819 0.995792 1
0.00814383 0.991856 1
0.0253914 0.974609 1
0.00738054 0.992619 1
0.0124956 0.987504 1
0.00363103 0.996369 1
0.0489525 0.951047 1
0.00535314 0.994647 1
0.100889 0.899111 1
0.0161531 0.983847 1
0.00735277 0.992647 1
0.137935 0.862065 1
0.0109597 0.98904 1
0.0138634 0.986137 1
0.601142 0.398858 1
0.28693 0.71307 1
0.00338877 0.996611 1
0.028401 0.971599 1
0.863753 0.136247 1
0.0993357 0.900664 1
0.980466 0.0195338 1
0.0272466 0.972753 1
0.84789 0.15211 1
0.952842 0.0471579 1
0.0479965 0.952004 1
0.762407 0.237593 1
0.213002 0.786998 1
0.00193102 0.998069 1
0.0570113 0.942989 1
0.885885 0.114115 1
0.00945166 0.990548 1
0.805523 0.194477 1
0.301899 0.698101 1
0.00535214 0.994648 1
0.305026 0.694974 1
0.0415845 0.958415 1
0.00417779 0.995822 1
0.00625639 0.993744 1
0.415425 0.584575 1
0.157166 0.842834 1
0.0632789 0.936721 1
0.0345863 0.965414 1
0.0423299 0.95767 1
0.00494776 0.995052 1
0.0342354 0.965765 1
0.517162 0.482838 1
0.0374859 0.962514 1
0.221314 0.778686 1
0.996551 0.00344934 1
0.402214 0.597786 1
0.0415062 0.958494 1
0.911088 0.0889118 1
0.21952 0.78048 1
0.292022 0.707978 1
0.0160898 0.98391 1
0.0678503 0.93215 1
0.0237807 0.976219 1
0.0341678 0.965832 1
0.0877639 0.912236 1
0.00494679 0.995053 1
0.037899 0.962101 1
0.0829584 0.917042 1
0.00424468 0.995755 1
0.0176982 0.982302 1
0.00560734 0.994393 1
0.710768 0.289232 1
0.00525188 0.994748 1
0.0312308 0.968769 1
0.467338 0.532662 1
0.985998 0.014002 1
0.0124017 0.987598 1
0.00639391 0.993606 1
0.492491 0.507509 1
0.0211106 0.978889 1
0.00576881 0.994231 1
0.0168172 0.983183 1
0.555234 0.444766 1
0.564682 0.435318 1
0.00690889 0.993091 1
0.00664301 0.993357 1
0.0389637 0.961036 1
0.00932171 0.990678 1
0.0081418 0.991858 1
0.00327005 0.99673 1
0.0227252 0.977275 1
0.0625036 0.937496 1
0.0529894 0.947011 1
0.02823 0.97177 1
0.0240782 0.975922 1
0.73138 0.26862 1
0.138171 0.86183 1
0.0658356 0.934164 1
0.00924081 0.990759 1
0.0055041 0.994496 1
0.00572063 0.994279 1
0.00258635 0.997414 1
0.0179873 0.982013 1
0.0315726 0.968427 1
0.0049399 0.99506 1
0.0418319 0.958168 1
0.00578833 0.994212 1
0.00355063 0.996449 1
0.00522707 0.994773 1
0.00460821 0.995392 1
0.00749473 0.992505 1
0.0374836 0.962516 1
0.0424084 0.957592 1
0.620904 0.379096 1
0.0640474 0.935953 1
0.0490327 0.950967 1
0.0424245 0.957575 1
0.0192715 0.980728 1
0.00721601 0.992784 1
0.00999181 0.990008 1
0.208008 0.791992 1
0.0459796 0.95402 1
0.00551893 0.994481 1
0.0104386 0.989561 1
0.0539373 0.946063 1
0.21063 0.78937 1
0.00726167 0.992738 1
0.00553425 0.994466 1
0.0399051 0.960095 1
0.139139 0.860861 1
0.168501 0.831499 1
0.0433275 0.956673 1
0.00461462 0.995385 1
0.47457 0.52543 1
0.136946 0.863054 1
0.0784382 0.921562 1
0.636856 0.363144 1
0.0694096 0.93059 1
0.0220579 0.977942 1
0.0040038 0.995996 1
0.514029 0.485971 1
0.00800874 0.991991 1
0.0124592 0.987541 1
0.00342325 0.996577 1
0.0550008 0.944999 1
0.0999977 0.900002 1
0.0468346 0.953165 1
0.00888426 0.991116 1
0.0113684 0.988632 1
0.0207396 0.97926 1
0.386501 0.613499 1
0.952396 0.0476043 1
0.0511989 0.948801 1
0.0759934 0.924007 1
0.0468611 0.953139 1
0.0173106 0.982689 1
0.536188 0.463812 1
0.0570496 0.94295 1
0.297612 0.702388 1
0.0143805 0.985619 1
0.808208 0.191792 1
0.126517 0.873483 1
0.0376183 0.962382 1
0.0104616 0.989538 1
0.00288931 0.997111 1
0.015899 0.984101 1
0.00305596 0.996944 1
0.00725255 0.992747 1
0.00298113 0.997019 1
0.00482073 0.995179 1
0.00289738 0.997103 1
0.00507123 0.994929 1
0.0803612 0.919639 1
0.00610943 0.993891 1
0.0136935 0.986307 1
0.01641 0.98359 1
0.78277 0.21723 1
0.00681717 0.993183 1
0.0078681 0.992132 1
0.33883 0.66117 1
0.0265514 0.973449 1
0.0989241 0.901076 1
0.0174321 0.982568 1
0.950841 0.0491593 1
0.0254764 0.974524 1
0.00571683 0.994283 1
0.849202 0.150798 1
0.17327 0.82673 1
0.031173 0.968827 1
0.524489 0.475511 1
0.0794881 0.920512 1
0.153528 0.846472 1
0.0658122 0.934188 1
0.0589514 0.941049 1
0.0117016 0.988298 1
0.0155828 0.984417 1
0.0324611 0.967539 1
0.0145148 0.985485 1
0.530644 0.469356 1
0.791819 0.208181 1
0.0251534 0.974847 1
0.0386305 0.96137 1
0.0268789 0.973121 1
0.0511412 0.948859 1
0.0156905 0.98431 1
0.147886 0.852114 1
0.953777 0.0462232 1
0.655997 0.344003 1
0.101288 0.898712 1
0.230692 0.769308 1
0.052581 0.947419 1
0.268577 0.731423 1
0.0109049 0.989095 1
0.00557534 0.994425 1
0.0511276 0.948872 1
0.036608 0.963392 1
0.00835697 0.991643 1
0.654603 0.345397 1
0.00822872 0.991771 1
0.00727926 0.992721 1
0.0668945 0.933105 1
0.492779 0.507221 1
0.00348593 0.996514 1
0.984275 0.015725 1
0.00460213 0.995398 1
0.00844453 0.991556 1
0.652499 0.347501 1
0.00622248 0.993778 1
0.0392667 0.960733 1
