0.997576 0.00242386 0
0.998938 0.00106194 0
0.948402 0.0515981 0
0.99336 0.00664012 0
0.800231 0.199769 0
0.992652 0.00734754 0
0.849628 0.150372 0
0.991804 0.00819635 0
0.951051 0.0489493 0
0.890602 0.109398 0
0.960203 0.0397971 0
0.971804 0.028196 0
0.987948 0.0120525 0
0.88972 0.11028 0
0.958821 0.0411789 0
0.720653 0.279347 0
0.077525 0.922475 0
0.994273 0.00572693 0
0.126542 0.873458 0
0.983442 0.0165584 0
0.997941 0.00205884 0
0.998133 0.00186735 0
0.996907 0.00309336 0
0.958432 0.041568 0
0.959639 0.0403613 0
0.972332 0.0276682 0
0.997094 0.00290575 0
0.929413 0.0705872 0
0.986032 0.0139679 0
0.990088 0.00991178 0
0.990193 0.00980674 0
0.699964 0.300036 0
0.976111 0.0238891 0
0.993427 0.00657351 0
0.928868 0.0711322 0
0.996455 0.00354536 0
0.956972 0.0430285 0
0.779126 0.220874 0
0.994689 0.00531143 0
0.996114 0.00388552 0
0.98456 0.0154404 0
0.954753 0.0452468 0
0.937977 0.0620226 0
0.73343 0.26657 0
0.990263 0.00973652 0
0.997486 0.00251421 0
0.9822 0.0178002 0
0.978219 0.0217809 0
0.99946 0.000540494 0
0.876411 0.123589 0
0.964365 0.0356352 0
0.987683 0.0123167 0
0.981342 0.0186576 0
0.998221 0.00177927 0
0.725455 0.274545 0
0.992983 0.0070168 0
0.999231 0.000768949 0
0.81475 0.185251 0
0.986723 0.0132769 0
0.175877 0.824123 0
0.599387 0.400613 0
0.928756 0.071244 0
0.716372 0.283628 0
0.996172 0.0038277 0
0.685653 0.314347 0
0.996539 0.00346055 0
0.57992 0.42008 0
0.999085 0.000915165 0
0.974237 0.0257628 0
0.97259 0.0274098 0
0.999088 0.000911774 0
0.974356 0.0256436 0
0.991957 0.00804342 0
0.979654 0.0203458 0
0.338697 0.661303 0
0.98791 0.0120901 0
0.997957 0.0020435 0
0.992816 0.00718416 0
0.999659 0.000340948 0
0.971586 0.0284143 0
0.982457 0.0175426 0
0.986951 0.0130493 0
0.998701 0.0012994 0
0.961537 0.0384626 0
0.879347 0.120653 0
0.999025 0.000974856 0
0.93738 0.0626201 0
0.998494 0.00150599 0
0.991003 0.00899734 0
0.988308 0.0116917 0
0.976343 0.0236568 0
0.999712 0.000288192 0
0.996341 0.00365893 0
0.973388 0.026612 0
0.987028 0.0129719 0
0.952119 0.0478812 0
0.999139 0.000861432 0
0.857572 0.142428 0
0.977397 0.0226029 0
0.997542 0.00245777 0
0.0504822 0.949518 0
0.980366 0.0196341 0
0.997826 0.0021739 0
0.997298 0.002702 0
0.9979 0.00210014 0
0.820291 0.179709 0
0.621511 0.378489 0
0.971885 0.0281155 0
0.964387 0.0356129 0
0.9879 0.0120999 0
0.987139 0.0128613 0
0.997995 0.00200478 0
0.675878 0.324122 0
0.99898 0.0010205 0
0.997386 0.00261426 0
0.997467 0.00253318 0
0.241461 0.758539 0
0.50645 0.49355 0
0.908671 0.0913286 0
0.455106 0.544894 0
0.990258 0.00974248 0
0.886308 0.113692 0
0.978783 0.0212171 0
0.994417 0.00558266 0
0.993752 0.00624798 0
0.99282 0.00718024 0
0.902891 0.0971086 0
0.998005 0.00199495 0
0.915912 0.0840884 0
0.993764 0.0062364 0
0.0145793 0.985421 0
0.871085 0.128915 0
0.997889 0.00211053 0
0.986651 0.0133485 0
0.999697 0.000302893 0
0.999485 0.000514944 0
0.980428 0.0195722 0
0.998644 0.0013563 0
0.997515 0.00248523 0
0.936031 0.0639693 0
0.990704 0.00929646 0
0.802575 0.197425 0
0.989512 0.0104878 0
0.991064 0.00893568 0
0.991351 0.00864896 0
0.967983 0.0320176 0
0.995679 0.00432068 0
0.991668 0.00833249 0
0.987527 0.0124728 0
0.580069 0.419931 0
0.992639 0.00736146 0
0.991426 0.00857373 0
0.995149 0.00485128 0
0.970208 0.0297916 0
0.377797 0.622203 0
0.962567 0.0374332 0
0.775656 0.224344 0
0.630038 0.369962 0
0.861305 0.138695 0
0.965651 0.0343487 0
0.923382 0.076618 0
0.941907 0.0580927 0
0.999663 0.000337235 0
0.99398 0.00602009 0
0.457179 0.542821 0
0.97928 0.0207204 0
0.886784 0.113216 0
0.996236 0.00376384 0
0.998532 0.0014683 0
0.990268 0.00973184 0
0.998813 0.00118659 0
0.841237 0.158763 0
0.131179 0.868821 0
0.949856 0.050144 0
0.98901 0.0109901 0
0.970109 0.0298911 0
0.505297 0.494703 0
0.999202 0.000797789 0
0.993433 0.00656711 0
0.993135 0.00686456 0
0.985362 0.0146385 0
0.998903 0.00109679 0
0.998312 0.00168779 0
0.900468 0.0995324 0
0.766504 0.233496 0
0.370227 0.629773 0
0.999345 0.000654448 0
0.0448412 0.955159 0
0.845332 0.154668 0
0.975817 0.0241825 0
0.996587 0.00341269 0
0.988863 0.0111373 0
0.972926 0.0270736 0
0.98415 0.01585 0
0.998933 0.00106694 0
0.999523 0.000477103 0
0.996491 0.00350929 0
0.958129 0.0418705 0
0.993399 0.00660134 0
0.935812 0.0641876 0
0.745046 0.254954 0
0.998416 0.0015842 0
0.979874 0.0201256 0
0.997156 0.00284401 0
0.873701 0.126299 0
0.994854 0.00514611 0
0.998125 0.00187535 0
0.99162 0.00837969 0
0.980918 0.0190821 0
0.708362 0.291638 0
0.616328 0.383672 0
0.0752579 0.924742 0
0.998136 0.00186399 0
0.892139 0.107861 0
0.889032 0.110968 0
0.993107 0.00689305 0
0.171897 0.828103 0
0.973968 0.0260324 0
0.985932 0.0140677 0
0.9506 0.0494 0
0.999247 0.000752663 0
0.997681 0.00231949 0
0.999548 0.000451637 0
0.915846 0.0841538 0
0.985145 0.0148548 0
0.96305 0.03695 0
0.385116 0.614884 0
0.976902 0.0230976 0
0.912192 0.0878083 0
0.984465 0.0155346 0
0.90063 0.0993703 0
0.88912 0.11088 0
0.959374 0.0406264 0
0.999234 0.000765926 0
0.982197 0.0178033 0
0.998427 0.0015733 0
0.995318 0.00468145 0
0.974758 0.0252424 0
0.99891 0.00108971 0
0.994992 0.00500824 0
0.735003 0.264997 0
0.979805 0.0201947 0
0.902156 0.097844 0
0.998724 0.00127631 0
0.965139 0.0348605 0
0.998526 0.00147392 0
0.958272 0.0417282 0
0.992048 0.00795158 0
0.883808 0.116192 0
0.988449 0.0115513 0
0.987352 0.012648 0
0.997227 0.00277331 0
0.946843 0.0531573 0
0.983812 0.0161884 0
0.190264 0.809736 0
0.940637 0.0593629 0
0.997118 0.00288249 0
0.36838 0.631621 0
0.395706 0.604294 0
0.990665 0.00933546 0
0.864799 0.135201 0
0.401382 0.598618 0
0.999448 0.000552069 0
0.964138 0.0358624 0
0.997217 0.00278345 0
0.907923 0.0920775 0
0.985493 0.0145068 0
0.99677 0.00322969 0
0.825585 0.174415 0
0.998761 0.00123922 0
0.990306 0.00969448 0
0.884826 0.115174 0
0.997059 0.00294123 0
0.989599 0.0104015 0
0.996567 0.00343337 0
0.997214 0.0027858 0
0.989365 0.0106355 0
0.999212 0.000788012 0
0.990776 0.00922352 0
0.540399 0.459601 0
0.981984 0.018016 0
0.978166 0.0218342 0
0.994834 0.00516641 0
0.998893 0.00110662 0
0.67043 0.32957 0
0.990789 0.00921117 0
0.998536 0.00146416 0
0.997854 0.00214557 0
0.994239 0.00576085 0
0.90437 0.0956301 0
0.211534 0.788466 0
0.996508 0.00349189 0
0.896876 0.103124 0
0.914537 0.0854632 0
0.99033 0.00967024 0
0.998002 0.00199821 0
0.998159 0.00184083 0
0.895498 0.104503 0
0.994817 0.0051832 0
0.998396 0.00160353 0
0.966899 0.0331006 0
0.914565 0.0854348 0
0.994492 0.00550844 0
0.99688 0.00311984 0
0.919739 0.0802608 0
0.952531 0.0474686 0
0.183837 0.816163 0
0.994403 0.00559692 0
0.999392 0.000607554 0
0.997316 0.0026839 0
0.995749 0.00425087 0
0.874811 0.125189 0
0.997086 0.00291391 0
0.981363 0.0186374 0
0.988868 0.0111322 0
0.987388 0.0126121 0
0.969294 0.0307056 0
0.896511 0.103489 0
0.992134 0.00786551 0
0.995541 0.0044594 0
0.98188 0.0181204 0
0.942315 0.0576854 0
0.988425 0.0115752 0
0.991366 0.00863387 0
0.435972 0.564028 0
0.977512 0.0224877 0
0.981889 0.0181114 0
0.983563 0.0164372 0
0.992512 0.00748755 0
0.819024 0.180976 0
0.996163 0.00383656 0
0.992301 0.00769897 0
0.968947 0.0310526 0
0.992314 0.00768617 0
0.963354 0.0366458 0
0.998332 0.00166818 0
0.942107 0.0578932 0
0.997742 0.00225838 0
0.65099 0.34901 0
0.613917 0.386084 0
0.981518 0.0184821 0
0.989932 0.0100676 0
0.9992 0.000800382 0
0.99758 0.00242032 0
0.987211 0.0127888 0
0.992619 0.00738151 0
0.99676 0.00324035 0
0.770641 0.229358 0
0.973534 0.0264661 0
0.974788 0.0252121 0
0.674644 0.325356 0
0.183529 0.816471 0
0.998983 0.00101742 0
0.998608 0.0013924 0
0.986947 0.0130526 0
0.882813 0.117187 0
0.999 0.00100028 0
0.996898 0.00310203 0
0.997236 0.00276386 0
0.971499 0.0285012 0
0.859221 0.140779 0
0.998839 0.00116071 0
0.933743 0.0662569 0
0.997032 0.00296809 0
0.992909 0.00709044 0
0.83973 0.16027 0
0.983447 0.0165525 0
0.998889 0.00111124 0
0.974502 0.0254976 0
0.981573 0.0184268 0
0.991732 0.0082678 0
0.994819 0.00518051 0
0.991943 0.00805691 0
0.26703 0.73297 0
0.979899 0.0201008 0
0.996587 0.00341271 0
0.994755 0.0052455 0
0.984902 0.0150977 0
0.970371 0.0296291 0
0.972973 0.0270273 0
0.995907 0.00409296 0
0.998334 0.00166634 0
0.928835 0.0711651 0
0.948426 0.0515739 0
0.998792 0.00120808 0
0.982757 0.0172426 0
0.921248 0.0787515 0
0.994276 0.00572435 0
0.0221527 0.977847 0
0.999043 0.000956932 0
0.136549 0.863451 0
0.99049 0.00951031 0
0.976206 0.0237941 0
0.997279 0.00272124 0
0.999061 0.000938771 0
0.996086 0.00391356 0
0.999609 0.000390789 0
0.99757 0.00242984 0
0.997152 0.00284802 0
0.956322 0.0436778 0
0.924065 0.0759355 0
0.948325 0.051675 0
0.997303 0.00269694 0
0.992787 0.00721306 0
0.996173 0.00382702 0
0.980737 0.0192633 0
0.986313 0.0136865 0
0.997348 0.00265182 0
0.852039 0.147961 0
0.997259 0.00274043 0
0.989387 0.0106128 0
0.8965 0.1035 0
0.997324 0.00267613 0
0.936171 0.0638286 0
0.683388 0.316612 0
0.214554 0.785446 0
0.9885 0.0115002 0
0.780834 0.219166 0
0.992805 0.00719487 0
0.975846 0.0241543 0
0.993797 0.00620284 0
0.995512 0.00448851 0
0.986353 0.0136469 0
0.985206 0.0147935 0
0.952113 0.0478874 0
0.686373 0.313627 0
0.5678 0.4322 0
0.994721 0.00527891 0
0.95376 0.0462401 0
0.955308 0.0446919 0
0.342794 0.657206 0
0.920827 0.0791732 0
0.0106333 0.989367 0
0.418308 0.581692 0
0.996035 0.00396499 0
0.997623 0.00237745 0
0.975083 0.0249174 0
0.983597 0.0164031 0
0.912066 0.0879336 0
0.990487 0.00951262 0
0.987727 0.0122732 0
0.896492 0.103508 0
0.985722 0.0142781 0
0.998812 0.00118792 0
0.620818 0.379183 0
0.91878 0.0812202 0
0.9924 0.00759987 0
0.991845 0.00815505 0
0.997668 0.00233233 0
0.994171 0.00582912 0
0.994906 0.00509392 0
0.998033 0.00196696 0
0.668751 0.331249 0
0.99432 0.00568007 0
0.997377 0.00262289 0
0.998726 0.00127381 0
0.991721 0.00827927 0
0.999318 0.000682159 0
0.989551 0.0104485 0
0.997587 0.00241276 0
0.929297 0.070703 0
0.99732 0.00267955 0
0.997533 0.00246674 0
0.786492 0.213508 0
0.997621 0.00237917 0
0.932299 0.0677006 0
0.567268 0.432732 0
0.998503 0.00149707 0
0.981095 0.0189052 0
0.986362 0.0136382 0
0.385844 0.614156 0
0.401548 0.598451 0
0.991658 0.00834189 0
0.997715 0.00228528 0
0.975532 0.0244677 0
0.986757 0.0132428 0
0.776089 0.223911 0
0.856799 0.143201 0
0.954087 0.0459131 0
0.992691 0.00730867 0
0.982594 0.0174061 0
0.0390313 0.960969 0
0.997233 0.00276657 0
0.99616 0.00384041 0
0.987278 0.0127222 0
0.63445 0.36555 0
0.944111 0.0558895 0
0.453249 0.546751 0
0.901626 0.0983741 0
0.996666 0.00333378 0
0.988367 0.0116335 0
0.993044 0.00695581 0
0.988663 0.0113373 0
0.99852 0.0014796 0
0.990781 0.00921929 0
0.423274 0.576726 0
0.988579 0.0114213 0
0.997797 0.00220284 0
0.995377 0.00462295 0
0.268208 0.731792 0
0.981308 0.0186921 0
0.995322 0.00467762 0
0.967507 0.0324927 0
0.99687 0.00313006 0
0.897911 0.102089 0
0.998116 0.00188362 0
0.998866 0.001134 0
0.996557 0.00344344 0
0.998242 0.00175763 0
0.998601 0.00139885 0
0.952337 0.0476634 0
0.963122 0.0368778 0
0.992052 0.00794837 0
0.986292 0.0137085 0
0.989375 0.0106245 0
0.998646 0.00135415 0
0.952667 0.0473334 0
0.287889 0.712111 0
0.999466 0.000534103 0
0.857651 0.142349 0
0.997638 0.00236209 0
0.942319 0.0576809 0
0.957559 0.0424414 0
0.996154 0.00384567 0
0.671362 0.328638 0
0.992642 0.00735768 0
0.995107 0.00489306 0
0.998126 0.00187384 0
0.990339 0.00966131 0
0.818529 0.181471 0
0.996766 0.00323408 0
0.992633 0.00736682 0
0.982012 0.017988 0
0.99903 0.00096951 0
0.9278 0.0722002 0
0.957995 0.0420047 0
0.990491 0.00950884 0
0.997891 0.00210898 0
0.997636 0.00236395 0
0.880186 0.119814 0
0.531954 0.468046 0
0.792286 0.207714 0
0.989986 0.010014 0
0.983932 0.0160683 0
0.997332 0.00266755 0
0.950643 0.0493568 0
0.990838 0.00916172 0
0.902825 0.0971749 0
0.943754 0.0562462 0
0.542112 0.457888 0
0.999486 0.000514149 0
0.98611 0.0138904 0
0.020582 0.979418 0
0.572332 0.427668 0
0.994998 0.00500241 0
0.998292 0.00170776 0
0.999145 0.000855314 0
0.876904 0.123096 0
0.969801 0.0301992 0
0.973855 0.0261451 0
0.996981 0.00301862 0
0.483459 0.516541 0
0.998219 0.00178076 0
0.990568 0.00943224 0
0.991269 0.00873116 0
0.986392 0.0136083 0
0.216988 0.783012 0
0.956239 0.0437613 0
0.996851 0.00314893 0
0.98675 0.0132502 0
0.996396 0.00360432 0
0.97585 0.02415 0
0.93357 0.0664298 0
0.987621 0.0123792 0
0.998357 0.001643 0
0.978235 0.0217654 0
0.983156 0.0168438 0
0.985241 0.0147591 0
0.982183 0.0178169 0
0.97406 0.0259396 0
0.863282 0.136718 0
0.995701 0.00429898 0
0.981425 0.0185751 0
0.993246 0.00675426 0
0.754888 0.245112 0
0.92169 0.0783102 0
0.993972 0.00602797 0
0.992203 0.00779687 0
0.996335 0.00366475 0
0.302357 0.697643 0
0.254665 0.745335 0
0.654988 0.345012 0
0.99983 0.000170304 0
0.998813 0.0011872 0
0.954502 0.0454979 0
0.986447 0.0135529 0
0.989978 0.0100216 0
0.892003 0.107997 0
0.990678 0.00932238 0
0.982879 0.017121 0
0.999816 0.000184269 0
0.989195 0.0108045 0
0.0543021 0.945698 0
0.035047 0.964953 0
0.937098 0.0629016 0
0.974001 0.0259988 0
0.999358 0.00064238 0
0.983608 0.0163917 0
0.995119 0.00488137 0
0.995995 0.00400502 0
0.998852 0.00114779 0
0.998876 0.00112358 0
0.673028 0.326972 0
0.369538 0.630462 0
0.925083 0.0749166 0
0.390387 0.609613 0
0.904058 0.0959423 0
0.977318 0.0226816 0
0.958066 0.0419338 0
0.967889 0.0321105 0
0.900394 0.0996064 0
0.995774 0.00422599 0
0.687593 0.312407 0
0.851975 0.148025 0
0.143206 0.856794 0
0.999034 0.000966003 0
0.87894 0.12106 0
0.996609 0.00339128 0
0.133418 0.866582 0
0.995645 0.00435536 0
0.995885 0.00411476 0
0.596726 0.403274 0
0.999435 0.000564815 0
0.907265 0.092735 0
0.859182 0.140818 0
0.955172 0.0448284 0
0.998773 0.00122696 0
0.848501 0.151499 0
0.769679 0.230321 0
0.977124 0.022876 0
0.997397 0.00260318 0
0.831324 0.168676 0
0.987769 0.0122306 0
0.995511 0.00448916 0
0.989298 0.0107019 0
0.958432 0.041568 0
0.993072 0.00692783 0
0.991873 0.00812695 0
0.999088 0.000911788 0
0.996895 0.00310497 0
0.989165 0.0108354 0
0.99908 0.000919581 0
0.993828 0.00617218 0
0.99714 0.00285988 0
0.981242 0.0187584 0
0.956914 0.0430855 0
0.385296 0.614704 0
0.955614 0.0443858 0
0.998498 0.00150152 0
0.471614 0.528386 0
0.994793 0.0052067 0
0.945023 0.0549773 0
0.997623 0.00237677 0
0.993152 0.00684837 0
0.981499 0.0185013 0
0.540999 0.459001 0
0.384773 0.615227 0
0.994298 0.00570219 0
0.951515 0.0484854 0
0.990185 0.0098152 0
0.889626 0.110374 0
0.995291 0.00470909 0
0.748505 0.251495 0
0.924188 0.0758124 0
0.997696 0.00230409 0
0.965179 0.0348214 0
0.933983 0.0660174 0
0.98194 0.01806 0
0.994907 0.0050928 0
0.836707 0.163293 0
0.984422 0.0155776 0
0.154952 0.845048 0
0.898988 0.101012 0
0.680704 0.319296 0
0.993484 0.00651571 0
0.96659 0.0334104 0
0.991162 0.00883818 0
0.837635 0.162365 0
0.987367 0.0126328 0
0.982286 0.0177143 0
0.98114 0.0188599 0
0.868119 0.131881 0
0.998904 0.00109623 0
0.998317 0.00168277 0
0.994684 0.00531588 0
0.92243 0.07757 0
0.977349 0.022651 0
0.995038 0.004962 0
0.998485 0.0015147 0
0.978624 0.0213764 0
0.815333 0.184667 0
0.999227 0.000773085 0
0.871303 0.128697 0
0.997935 0.00206496 0
0.992221 0.00777917 0
0.828201 0.171799 0
0.99803 0.00196975 0
0.996999 0.00300151 0
0.937404 0.0625961 0
0.992903 0.00709732 0
0.928777 0.0712233 0
0.980111 0.0198893 0
0.809441 0.190559 0
0.995288 0.00471153 0
0.904213 0.0957869 0
0.939735 0.0602648 0
0.736877 0.263123 0
0.993756 0.00624366 0
0.997848 0.00215173 0
0.940404 0.0595958 0
0.995634 0.00436598 0
0.997592 0.00240775 0
0.997648 0.00235231 0
0.971504 0.0284963 0
0.120977 0.879023 0
0.997821 0.00217912 0
0.99874 0.00125991 0
0.587225 0.412775 0
0.991064 0.00893616 0
0.995518 0.00448204 0
0.998293 0.00170726 0
0.97701 0.0229901 0
0.831048 0.168952 0
0.998765 0.00123452 0
0.999768 0.000232457 0
0.549951 0.450049 0
0.947304 0.0526963 0
0.429983 0.570017 0
0.995645 0.0043548 0
0.974464 0.0255358 0
0.978804 0.0211958 0
0.845741 0.154259 0
0.953113 0.046887 0
0.827082 0.172918 0
0.854861 0.145139 0
0.946981 0.0530192 0
0.292712 0.707288 0
0.99708 0.00292027 0
0.99078 0.00921981 0
0.985824 0.0141757 0
0.978201 0.0217992 0
0.973296 0.0267046 0
0.535862 0.464138 0
0.71289 0.28711 0
0.99624 0.0037605 0
0.995418 0.00458199 0
0.678502 0.321498 0
0.977805 0.0221947 0
0.987814 0.0121858 0
0.996462 0.00353756 0
0.740214 0.259786 0
0.99456 0.00543997 0
0.997275 0.00272468 0
0.976398 0.0236021 0
0.463066 0.536934 0
0.979923 0.020077 0
0.988577 0.0114226 0
0.990612 0.00938764 0
0.976893 0.0231068 0
0.986927 0.0130728 0
0.808797 0.191203 0
0.986605 0.0133951 0
0.983315 0.0166855 0
0.995169 0.00483137 0
0.990246 0.00975417 0
0.994987 0.0050134 0
0.999632 0.000367852 0
0.988285 0.011715 0
0.950866 0.0491341 0
0.102341 0.897659 0
0.32662 0.67338 0
0.973995 0.0260048 0
0.979955 0.0200449 0
0.998728 0.0012715 0
0.98319 0.0168096 0
0.868283 0.131717 0
0.158145 0.841855 0
0.967617 0.0323826 0
0.763524 0.236476 0
0.991493 0.00850654 0
0.841282 0.158718 0
0.994511 0.00548855 0
0.939607 0.0603933 0
0.994676 0.00532444 0
0.958337 0.0416634 0
0.991429 0.00857114 0
0.998282 0.00171768 0
0.998869 0.00113125 0
0.948283 0.0517174 0
0.996517 0.00348291 0
0.604738 0.395262 0
0.747199 0.252801 0
0.985893 0.0141068 0
0.677732 0.322268 0
0.998879 0.00112072 0
0.997415 0.00258504 0
0.986585 0.0134147 0
0.980957 0.019043 0
0.89287 0.10713 0
0.994813 0.00518721 0
0.996039 0.0039613 0
0.999428 0.000572265 0
0.993177 0.00682275 0
0.978668 0.0213325 0
0.93069 0.0693102 0
0.965356 0.0346438 0
0.998061 0.00193845 0
0.98042 0.0195801 0
0.975854 0.0241456 0
0.979625 0.0203746 0
0.989437 0.0105625 0
0.996807 0.00319265 0
0.973858 0.0261418 0
0.280333 0.719667 0
0.976106 0.0238945 0
0.908732 0.0912678 0
0.905181 0.0948191 0
0.740268 0.259732 0
0.646758 0.353242 0
0.92924 0.0707596 0
0.957859 0.0421412 0
0.992046 0.00795439 0
0.990005 0.00999465 0
0.990966 0.00903378 0
0.891515 0.108485 0
0.990952 0.00904787 0
0.999488 0.000511917 0
0.998235 0.00176455 0
0.866965 0.133035 0
0.938745 0.0612548 0
0.958468 0.0415317 0
0.942175 0.0578254 0
0.99907 0.000930562 0
0.857098 0.142902 0
0.998796 0.00120392 0
0.98546 0.0145399 0
0.968744 0.0312556 0
0.147269 0.852731 0
0.966697 0.0333026 0
0.917151 0.0828486 0
0.998673 0.00132712 0
0.151214 0.848786 0
0.995163 0.00483734 0
0.959482 0.0405179 0
0.982207 0.0177928 0
0.991836 0.00816428 0
0.998814 0.00118623 0
0.755741 0.244259 0
0.961234 0.0387656 0
0.990678 0.00932185 0
0.98477 0.0152298 0
0.791698 0.208302 0
0.996342 0.00365823 0
0.875912 0.124088 0
0.956901 0.0430985 0
0.967444 0.0325561 0
0.994921 0.00507898 0
0.88085 0.11915 0
0.981341 0.0186587 0
0.954984 0.0450161 0
0.911564 0.0884362 0
0.977376 0.0226236 0
0.984163 0.015837 0
0.5931 0.4069 0
0.990664 0.00933596 0
0.692496 0.307505 0
0.96873 0.0312697 0
0.989518 0.010482 0
0.924632 0.0753676 0
0.963804 0.0361964 0
0.997369 0.00263091 0
0.981946 0.0180536 0
0.992317 0.00768296 0
0.875055 0.124945 0
0.654885 0.345115 0
0.999179 0.00082063 0
0.365309 0.634691 0
0.996104 0.00389619 0
0.942142 0.0578584 0
0.956538 0.0434624 0
0.997566 0.00243407 0
0.999663 0.000336777 0
0.966634 0.0333658 0
0.599816 0.400184 0
0.943916 0.056084 0
0.85948 0.14052 0
0.994861 0.00513932 0
0.992836 0.0071637 0
0.959351 0.0406487 0
0.386097 0.613903 0
0.99162 0.00837978 0
0.95482 0.0451805 0
0.978342 0.0216578 0
0.958934 0.0410656 0
0.999525 0.000474687 0
0.998413 0.00158741 0
0.995372 0.00462798 0
0.813211 0.186789 0
0.987373 0.0126272 0
0.911959 0.0880405 0
0.99363 0.00637025 0
0.991464 0.00853626 0
0.999276 0.000724303 0
0.937763 0.0622371 0
0.999828 0.000171529 0
0.999379 0.000620644 0
0.967605 0.0323951 0
0.993736 0.00626429 0
0.968626 0.0313737 0
0.982851 0.0171489 0
0.999278 0.000722495 0
0.995048 0.00495151 0
0.690963 0.309037 0
0.989684 0.0103164 0
0.949223 0.0507768 0
0.959763 0.040237 0
0.988872 0.0111281 0
0.996604 0.00339604 0
0.995807 0.00419301 0
0.988533 0.0114673 0
0.989297 0.0107025 0
0.994593 0.00540721 0
0.993361 0.00663867 0
0.990108 0.00989234 0
0.998928 0.0010723 0
0.998512 0.00148792 0
0.951824 0.0481761 0
0.998894 0.00110583 0
0.753436 0.246563 0
0.690535 0.309465 0
0.998477 0.00152274 0
0.983221 0.0167792 0
0.997784 0.00221595 0
0.685005 0.314995 0
0.988393 0.011607 0
0.85486 0.14514 0
0.995015 0.00498457 0
0.84785 0.15215 0
0.996024 0.00397557 0
0.997881 0.00211859 0
0.998593 0.00140663 0
0.946465 0.0535352 0
0.999709 0.000290822 0
0.996224 0.00377559 0
0.992899 0.00710074 0
0.99891 0.00108956 0
0.953956 0.0460443 0
0.995199 0.00480072 0
0.99816 0.00183992 0
0.985655 0.0143447 0
0.985647 0.0143527 0
0.998755 0.00124472 0
0.967419 0.0325813 0
0.575832 0.424168 0
0.96065 0.0393501 0
0.928727 0.0712734 0
0.991125 0.00887536 0
0.879464 0.120536 0
0.993765 0.00623474 0
0.98354 0.01646 0
0.293327 0.706673 0
0.921388 0.078612 0
0.994333 0.00566694 0
0.940683 0.0593173 0
0.937038 0.0629623 0
0.983194 0.016806 0
0.993922 0.00607799 0
0.998987 0.00101294 0
0.996783 0.00321745 0
0.997925 0.00207469 0
0.727756 0.272244 0
0.130155 0.869845 0
0.80489 0.19511 0
0.596387 0.403613 0
0.783863 0.216137 0
0.99946 0.000540227 0
0.988314 0.0116862 0
0.988849 0.011151 0
0.997325 0.00267508 0
0.992505 0.00749529 0
0.979059 0.020941 0
0.670134 0.329866 0
0.447691 0.552309 0
0.998869 0.00113093 0
0.982197 0.0178032 0
0.383264 0.616736 0
0.990608 0.00939168 0
0.974303 0.0256972 0
0.995525 0.0044751 0
0.970766 0.0292336 0
0.0048635 0.995137 1
0.0261264 0.973874 1
0.204402 0.795598 1
0.0160336 0.983966 1
0.157586 0.842414 1
0.265234 0.734766 1
0.0841265 0.915873 1
0.017033 0.982967 1
0.821764 0.178236 1
0.463181 0.536819 1
0.0246878 0.975312 1
0.458882 0.541118 1
0.0144985 0.985501 1
0.121871 0.878129 1
0.008709 0.991291 1
0.173756 0.826244 1
0.380012 0.619988 1
0.506382 0.493618 1
0.629242 0.370758 1
0.637053 0.362947 1
0.0563782 0.943622 1
0.0069003 0.9931 1
0.286149 0.713851 1
0.0689725 0.931027 1
0.00622238 0.993778 1
0.0396564 0.960344 1
0.0487672 0.951233 1
0.0205332 0.979467 1
0.0680135 0.931987 1
0.0175022 0.982498 1
0.243677 0.756323 1
0.0207626 0.979237 1
0.365194 0.634806 1
0.00486022 0.99514 1
0.0581488 0.941851 1
0.0166384 0.983362 1
0.0173049 0.982695 1
0.0204759 0.979524 1
0.0196358 0.980364 1
0.0298041 0.970196 1
0.071146 0.928854 1
0.171244 0.828756 1
0.00727541 0.992725 1
0.234059 0.765941 1
0.0160482 0.983952 1
0.0190174 0.980983 1
0.0124276 0.987572 1
0.313473 0.686526 1
0.127557 0.872443 1
0.0519211 0.948079 1
0.0194656 0.980534 1
0.0328407 0.967159 1
0.928561 0.0714387 1
0.00812867 0.991871 1
0.846175 0.153825 1
0.0206347 0.979365 1
0.0372816 0.962718 1
0.117394 0.882607 1
0.649644 0.350356 1
0.0701153 0.929885 1
0.819994 0.180006 1
0.379055 0.620945 1
0.00545852 0.994541 1
0.0288884 0.971112 1
0.013023 0.986977 1
0.0201477 0.979852 1
0.0167006 0.983299 1
0.0516557 0.948344 1
0.469223 0.530777 1
0.0905964 0.909404 1
0.453366 0.546634 1
0.0319986 0.968001 1
0.0240184 0.975982 1
0.088404 0.911596 1
0.990472 0.00952778 1
0.147226 0.852774 1
0.0110275 0.988973 1
0.0634153 0.936585 1
0.00273846 0.997262 1
0.00692214 0.993078 1
0.0101028 0.989897 1
0.743308 0.256692 1
0.817999 0.182001 1
0.00408371 0.995916 1
0.737222 0.262778 1
0.0931336 0.906866 1
0.159096 0.840904 1
0.0224233 0.977577 1
0.0615909 0.938409 1
0.319317 0.680683 1
0.0137547 0.986245 1
0.00673229 0.993268 1
0.0375751 0.962425 1
0.20693 0.79307 1
0.0218789 0.978121 1
0.046829 0.953171 1
0.00947391 0.990526 1
0.626635 0.373365 1
0.369789 0.630211 1
0.597914 0.402086 1
0.0216189 0.978381 1
0.0310707 0.968929 1
0.776803 0.223197 1
0.00943801 0.990562 1
0.0136538 0.986346 1
0.450006 0.549994 1
0.0328584 0.967142 1
0.305586 0.694414 1
0.0239862 0.976014 1
0.0379175 0.962083 1
0.0116491 0.988351 1
0.0227909 0.977209 1
0.306899 0.693101 1
0.00554543 0.994455 1
0.038821 0.961179 1
0.034056 0.965944 1
0.613649 0.386351 1
0.00706877 0.992931 1
0.0106105 0.989389 1
0.0656267 0.934373 1
0.232118 0.767882 1
0.668701 0.331299 1
0.0887625 0.911237 1
0.750116 0.249884 1
0.0336356 0.966365 1
0.546501 0.453499 1
0.991171 0.00882923 1
0.00487452 0.995125 1
0.010251 0.989749 1
0.0885324 0.911468 1
0.00419815 0.995802 1
0.0233647 0.976635 1
0.0142308 0.985769 1
0.0119696 0.98803 1
0.0157264 0.984274 1
0.0630821 0.936918 1
0.0106137 0.989386 1
0.00356776 0.996432 1
0.0114401 0.98856 1
0.206742 0.793258 1
0.00228894 0.997711 1
0.10898 0.89102 1
0.115254 0.884746 1
0.699791 0.300208 1
0.0846038 0.915396 1
0.126162 0.873838 1
0.0371559 0.962844 1
0.00479492 0.995205 1
0.0613006 0.938699 1
0.275729 0.724271 1
0.00599194 0.994008 1
0.00624449 0.993755 1
0.0220422 0.977958 1
0.0299261 0.970074 1
0.474081 0.525919 1
0.301606 0.698394 1
0.0578969 0.942103 1
0.24573 0.75427 1
0.0449087 0.955091 1
0.211251 0.788749 1
0.00939116 0.990609 1
0.00687425 0.993126 1
0.00730123 0.992699 1
0.0177949 0.982205 1
0.380095 0.619905 1
0.00637835 0.993622 1
0.0871608 0.912839 1
0.899712 0.100288 1
0.335857 0.664143 1
0.0256542 0.974346 1
0.00399735 0.996003 1
0.0348619 0.965138 1
0.502463 0.497537 1
0.103806 0.896194 1
0.3127 0.6873 1
0.057701 0.942299 1
0.149534 0.850466 1
0.96663 0.0333698 1
0.00831408 0.991686 1
0.0406376 0.959362 1
0.625595 0.374405 1
0.708738 0.291262 1
0.00881117 0.991189 1
0.00985897 0.990141 1
0.38055 0.61945 1
0.226957 0.773043 1
0.161057 0.838943 1
0.892841 0.107159 1
0.0262639 0.973736 1
0.594579 0.405421 1
0.0805182 0.919482 1
0.312809 0.687191 1
0.474276 0.525724 1
0.0565849 0.943415 1
0.594717 0.405283 1
0.483652 0.516348 1
0.150108 0.849892 1
0.0123984 0.987602 1
0.00726778 0.992732 1
0.0667845 0.933215 1
0.054761 0.945239 1
0.111171 0.888829 1
0.0550272 0.944973 1
0.017644 0.982356 1
0.120928 0.879072 1
0.00761595 0.992384 1
0.00642799 0.993572 1
0.237362 0.762638 1
0.868032 0.131968 1
0.0259386 0.974061 1
0.00587807 0.994122 1
0.0122234 0.987777 1
0.778892 0.221108 1
0.216095 0.783905 1
0.0276712 0.972329 1
0.00711996 0.99288 1
0.859244 0.140756 1
0.349291 0.650709 1
0.0657686 0.934231 1
0.00253209 0.997468 1
0.0187696 0.98123 1
0.0106968 0.989303 1
0.00395966 0.99604 1
0.9087 0.0912997 1
0.00477497 0.995225 1
0.102648 0.897352 1
0.0122586 0.987741 1
0.95251 0.0474899 1
0.0380369 0.961963 1
0.815021 0.184979 1
0.0360357 0.963964 1
0.0976848 0.902315 1
0.387027 0.612973 1
0.0315393 0.968461 1
0.0556332 0.944367 1
0.0102221 0.989778 1
0.0598054 0.940195 1
0.525695 0.474305 1
0.0610177 0.938982 1
0.0185022 0.981498 1
0.1637 0.8363 1
0.819919 0.180081 1
0.0365461 0.963454 1
0.0364484 0.963552 1
0.638763 0.361237 1
0.050956 0.949044 1
0.0632818 0.936718 1
0.00337878 0.996621 1
0.0122115 0.987789 1
0.00332965 0.99667 1
0.00392955 0.996071 1
0.0766542 0.923346 1
0.238713 0.761287 1
0.0566866 0.943313 1
0.518187 0.481813 1
0.114853 0.885147 1
0.017358 0.982642 1
0.197582 0.802418 1
0.287504 0.712496 1
0.995041 0.00495938 1
0.00591707 0.994083 1
0.143907 0.856093 1
0.686371 0.313629 1
0.0630134 0.936987 1
0.00937433 0.990626 1
0.00526608 0.994734 1
0.0372241 0.962776 1
0.00703524 0.992965 1
0.804764 0.195236 1
0.392001 0.607999 1
0.0155307 0.984469 1
0.512361 0.487639 1
0.730765 0.269235 1
0.875975 0.124025 1
0.0135005 0.9865 1
0.0111906 0.988809 1
0.0173764 0.982624 1
0.0196081 0.980392 1
0.0180177 0.981982 1
0.0195394 0.980461 1
0.00825715 0.991743 1
0.00961118 0.990389 1
0.666542 0.333459 1
0.0227976 0.977202 1
0.0321497 0.96785 1
0.0114752 0.988525 1
0.0203935 0.979606 1
0.59683 0.40317 1
0.00787051 0.99213 1
0.0339206 0.966079 1
0.0317059 0.968294 1
0.0062679 0.993732 1
0.889109 0.110891 1
0.01402 0.98598 1
0.0631773 0.936823 1
0.82128 0.17872 1
0.0401953 0.959805 1
0.322636 0.677364 1
0.00458962 0.99541 1
0.148844 0.851156 1
0.300888 0.699112 1
0.937076 0.0629238 1
0.00848932 0.991511 1
0.019984 0.980016 1
0.00696171 0.993038 1
0.00913206 0.990868 1
0.120517 0.879483 1
0.0159264 0.984074 1
0.465977 0.534023 1
0.610738 0.389262 1
0.0180643 0.981936 1
0.657137 0.342863 1
0.039444 0.960556 1
0.0936969 0.906303 1
0.158722 0.841278 1
0.120205 0.879795 1
0.0469098 0.95309 1
0.0144916 0.985508 1
0.695238 0.304762 1
0.00619739 0.993803 1
0.155007 0.844993 1
0.0341925 0.965807 1
0.113559 0.886441 1
0.0279718 0.972028 1
0.0602203 0.93978 1
0.090412 0.909588 1
0.183122 0.816878 1
0.0132054 0.986795 1
0.0783566 0.921643 1
0.0262425 0.973757 1
0.0098514 0.990149 1
0.0187189 0.981281 1
0.0887953 0.911205 1
0.547155 0.452845 1
0.0803565 0.919643 1
0.143387 0.856614 1
0.0200158 0.979984 1
0.122161 0.877839 1
0.00362615 0.996374 1
0.0819792 0.918021 1
0.105456 0.894544 1
0.0163045 0.983696 1
0.259858 0.740142 1
0.312592 0.687408 1
0.587911 0.412089 1
0.0900491 0.909951 1
0.0152983 0.984702 1
0.212117 0.787883 1
0.0842021 0.915798 1
0.0252055 0.974795 1
0.16498 0.83502 1
0.497372 0.502629 1
0.0275948 0.972405 1
0.603784 0.396216 1
0.976925 0.0230753 1
0.0370802 0.96292 1
0.30018 0.69982 1
0.904246 0.0957538 1
0.00734209 0.992658 1
0.00728975 0.99271 1
0.931757 0.0682431 1
0.235668 0.764332 1
0.90057 0.0994297 1
0.0261321 0.973868 1
0.0182707 0.981729 1
0.152487 0.847513 1
0.0171325 0.982867 1
0.0989621 0.901038 1
0.900626 0.0993739 1
0.0458391 0.954161 1
0.0945537 0.905446 1
0.843091 0.156909 1
0.0298702 0.97013 1
0.900363 0.0996373 1
0.0361242 0.963876 1
0.0868798 0.91312 1
0.240328 0.759672 1
0.664487 0.335513 1
0.69802 0.30198 1
0.0088245 0.991176 1
0.225193 0.774807 1
0.0102784 0.989722 1
0.337833 0.662167 1
0.013117 0.986883 1
0.0113678 0.988632 1
0.0862619 0.913738 1
0.0879834 0.912017 1
0.85094 0.14906 1
0.0598646 0.940135 1
0.00440837 0.995592 1
0.0058942 0.994106 1
0.319451 0.680549 1
0.00790104 0.992099 1
0.00336892 0.996631 1
0.0901375 0.909863 1
0.922039 0.0779612 1
0.012599 0.987401 1
0.22732 0.77268 1
0.831372 0.168628 1
0.0379471 0.962053 1
0.6248 0.3752 1
0.14522 0.85478 1
0.00519523 0.994805 1
0.0114232 0.988577 1
0.0463643 0.953636 1
0.0430048 0.956995 1
0.0161392 0.983861 1
0.179361 0.820639 1
0.872274 0.127726 1
0.0477499 0.95225 1
0.0588021 0.941198 1
0.648811 0.351189 1
0.472948 0.527052 1
0.192506 0.807494 1
0.284338 0.715662 1
0.532394 0.467606 1
0.0398159 0.960184 1
0.0109923 0.989008 1
0.0427949 0.957205 1
0.0158939 0.984106 1
0.0120187 0.987981 1
0.0465787 0.953421 1
0.0573775 0.942623 1
0.0164674 0.983533 1
0.0420594 0.957941 1
0.00821645 0.991783 1
0.313186 0.686814 1
0.0306179 0.969382 1
0.0117228 0.988277 1
0.574346 0.425654 1
0.273087 0.726913 1
0.00667167 0.993328 1
0.0489164 0.951084 1
0.00466185 0.995338 1
0.0254824 0.974518 1
0.14371 0.85629 1
0.669757 0.330243 1
0.468153 0.531847 1
0.010392 0.989608 1
0.0243956 0.975604 1
0.869953 0.130047 1
0.0235727 0.976427 1
0.0310073 0.968993 1
0.868968 0.131032 1
0.213077 0.786923 1
0.613409 0.386591 1
0.049009 0.950991 1
0.672734 0.327266 1
0.0259507 0.974049 1
0.011009 0.988991 1
0.013553 0.986447 1
0.918725 0.0812752 1
0.00815928 0.991841 1
0.00691646 0.993083 1
0.498594 0.501406 1
0.0081046 0.991895 1
0.0266699 0.97333 1
0.783762 0.216238 1
0.657883 0.342117 1
0.0138745 0.986126 1
0.0157464 0.984254 1
0.0346767 0.965323 1
0.0124194 0.987581 1
0.0500415 0.949959 1
0.885595 0.114405 1
0.0144926 0.985507 1
0.436155 0.563845 1
0.0452683 0.954732 1
0.369521 0.630479 1
0.00265184 0.997348 1
0.0591415 0.940859 1
0.00828719 0.991713 1
0.145983 0.854017 1
0.033885 0.966115 1
0.060674 0.939326 1
0.462315 0.537685 1
0.00982146 0.990178 1
0.00591017 0.99409 1
0.0377006 0.962299 1
0.832569 0.167431 1
0.0122323 0.987768 1
0.0465338 0.953466 1
0.00528385 0.994716 1
0.765775 0.234225 1
0.0292445 0.970756 1
0.150127 0.849873 1
0.0114419 0.988558 1
0.00929547 0.990704 1
0.0528597 0.94714 1
0.00430183 0.995698 1
0.00823631 0.991764 1
0.0115961 0.988404 1
0.286544 0.713456 1
0.531573 0.468427 1
0.0389971 0.961003 1
0.0203333 0.979667 1
0.357035 0.642965 1
0.710473 0.289527 1
0.0458696 0.95413 1
0.0881437 0.911856 1
0.00537217 0.994628 1
0.310209 0.689791 1
0.0137197 0.98628 1
0.0176792 0.982321 1
0.0104266 0.989573 1
0.0453779 0.954622 1
0.514575 0.485425 1
0.293789 0.706211 1
0.0127309 0.987269 1
0.00652246 0.993477 1
0.0691477 0.930852 1
0.31429 0.68571 1
0.0159962 0.984004 1
0.462707 0.537293 1
0.0150822 0.984918 1
0.031278 0.968722 1
0.00288719 0.997113 1
0.0101001 0.9899 1
0.0096992 0.990301 1
0.757787 0.242213 1
0.0151537 0.984846 1
0.0410429 0.958957 1
0.936512 0.0634881 1
0.902658 0.0973417 1
0.0230836 0.976916 1
0.0182514 0.981749 1
0.433012 0.566988 1
0.0225185 0.977482 1
0.020196 0.979804 1
0.0729493 0.927051 1
0.556977 0.443023 1
0.00213705 0.997863 1
0.216824 0.783176 1
0.0455702 0.95443 1
0.0169774 0.983023 1
0.917122 0.0828776 1
0.552527 0.447473 1
0.0761082 0.923892 1
0.0310831 0.968917 1
0.0499896 0.95001 1
0.0440914 0.955909 1
0.481043 0.518957 1
0.9209 0.0791002 1
0.0266864 0.973314 1
0.0127662 0.987234 1
0.0868083 0.913192 1
0.680583 0.319417 1
0.0672523 0.932748 1
0.00827368 0.991726 1
0.0401875 0.959812 1
0.0144602 0.98554 1
0.67543 0.32457 1
0.266874 0.733126 1
0.0185864 0.981414 1
0.00440069 0.995599 1
0.0746632 0.925337 1
0.181581 0.818419 1
0.212429 0.787571 1
0.00802878 0.991971 1
0.0148569 0.985143 1
0.190202 0.809798 1
0.712496 0.287504 1
0.0711434 0.928857 1
0.042029 0.957971 1
0.160445 0.839555 1
0.019591 0.980409 1
0.102959 0.897041 1
0.0155778 0.984422 1
0.778067 0.221933 1
0.0130943 0.986906 1
0.968352 0.0316481 1
0.511718 0.488282 1
0.0236087 0.976391 1
0.0116252 0.988375 1
0.389457 0.610543 1
0.0526075 0.947393 1
0.0152899 0.98471 1
0.021838 0.978162 1
0.0101781 0.989822 1
0.0097584 0.990242 1
0.0199002 0.9801 1
0.00654806 0.993452 1
0.297974 0.702026 1
0.00919724 0.990803 1
0.00619693 0.993803 1
0.0264615 0.973539 1
0.446147 0.553853 1
0.171192 0.828808 1
0.0167577 0.983242 1
0.0101883 0.989812 1
0.00477404 0.995226 1
0.0651843 0.934816 1
0.00480079 0.995199 1
0.356741 0.643259 1
0.0729143 0.927086 1
0.00728249 0.992718 1
0.858541 0.141459 1
0.00321476 0.996785 1
0.0380882 0.961912 1
0.354497 0.645503 1
0.0197972 0.980203 1
0.183961 0.816039 1
0.242575 0.757425 1
0.374348 0.625652 1
0.880349 0.119651 1
0.00659081 0.993409 1
0.388319 0.611681 1
0.319317 0.680683 1
0.0293429 0.970657 1
0.178778 0.821222 1
0.00913598 0.990864 1
0.0189997 0.981 1
0.0128631 0.987137 1
0.0166359 0.983364 1
0.0169217 0.983078 1
0.0038367 0.996163 1
0.0122946 0.987705 1
0.965812 0.0341879 1
0.0179872 0.982013 1
0.00729139 0.992709 1
0.809973 0.190027 1
0.277272 0.722728 1
0.433692 0.566308 1
0.01657 0.98343 1
0.064165 0.935835 1
0.0214181 0.978582 1
0.0443282 0.955672 1
0.614682 0.385318 1
0.0248848 0.975115 1
0.0101047 0.989895 1
0.011242 0.988758 1
0.531403 0.468597 1
0.0147884 0.985212 1
0.125313 0.874687 1
0.0166941 0.983306 1
0.0347269 0.965273 1
0.00997565 0.990024 1
0.0211862 0.978814 1
0.19595 0.804049 1
0.0956865 0.904313 1
0.0763619 0.923638 1
0.00294274 0.997057 1
0.204945 0.795055 1
0.38144 0.61856 1
0.011518 0.988482 1
0.0289499 0.97105 1
0.0159236 0.984076 1
0.0299221 0.970078 1
0.00813728 0.991863 1
0.411931 0.588069 1
0.00944069 0.990559 1
0.028451 0.971549 1
0.0126352 0.987365 1
0.0332109 0.966789 1
0.0241678 0.975832 1
0.309095 0.690905 1
0.0103871 0.989613 1
0.00522586 0.994774 1
0.0223743 0.977626 1
0.0210954 0.978905 1
0.00276393 0.997236 1
0.0170841 0.982916 1
0.0160742 0.983926 1
0.961163 0.0388371 1
0.00977038 0.99023 1
0.0686442 0.931356 1
0.00628237 0.993718 1
0.161215 0.838785 1
0.223862 0.776138 1
0.113635 0.886365 1
0.0198959 0.980104 1
0.00679207 0.993208 1
0.00842975 0.99157 1
0.0445609 0.955439 1
0.0149307 0.985069 1
0.0106435 0.989357 1
0.0621795 0.937821 1
0.0710289 0.928971 1
0.986424 0.0135761 1
0.0110827 0.988917 1
0.0102089 0.989791 1
0.463596 0.536404 1
0.90799 0.0920104 1
0.903002 0.096998 1
0.00747057 0.992529 1
0.0587733 0.941227 1
0.0896474 0.910353 1
0.0272655 0.972734 1
0.554116 0.445884 1
0.0192678 0.980732 1
0.0720192 0.927981 1
0.0161503 0.98385 1
0.0245749 0.975425 1
0.017233 0.982767 1
0.0305804 0.96942 1
0.00719762 0.992802 1
0.0128039 0.987196 1
0.00837795 0.991622 1
0.480061 0.519939 1
0.0539185 0.946082 1
0.0083506 0.991649 1
0.372448 0.627552 1
0.0922067 0.907793 1
0.0954086 0.904591 1
0.0227923 0.977208 1
0.0172405 0.982759 1
0.0391447 0.960855 1
0.534549 0.465452 1
0.231621 0.768379 1
0.369641 0.630359 1
0.0178179 0.982182 1
0.0403245 0.959675 1
0.0410983 0.958902 1
0.00393488 0.996065 1
0.270704 0.729296 1
0.0606755 0.939324 1
0.561845 0.438155 1
0.564523 0.435477 1
0.334041 0.665959 1
0.0231524 0.976848 1
0.0211716 0.978828 1
0.552711 0.447289 1
0.858005 0.141995 1
0.00302837 0.996972 1
0.233227 0.766773 1
0.0166159 0.983384 1
0.125618 0.874382 1
0.00528929 0.994711 1
0.0173878 0.982612 1
0.244116 0.755884 1
0.189201 0.8108 1
0.00677633 0.993224 1
0.00712512 0.992875 1
0.54657 0.45343 1
0.0709502 0.92905 1
0.0403432 0.959657 1
0.0197211 0.980279 1
0.0245761 0.975424 1
0.0309271 0.969073 1
0.00319113 0.996809 1
0.700029 0.299971 1
0.00446433 0.995536 1
0.00886154 0.991138 1
0.997134 0.0028662 1
0.225803 0.774197 1
0.010372 0.989628 1
0.0516825 0.948318 1
0.00961593 0.990384 1
0.0158615 0.984139 1
0.0620882 0.937912 1
0.0780722 0.921928 1
0.455292 0.544708 1
0.0389806 0.961019 1
0.508369 0.491631 1
0.97564 0.0243603 1
0.00529543 0.994705 1
0.00627858 0.993721 1
0.996925 0.00307534 1
0.657269 0.342731 1
0.0255281 0.974472 1
0.716604 0.283396 1
0.0128383 0.987162 1
0.0441588 0.955841 1
0.128055 0.871945 1
0.781919 0.218081 1
0.0292351 0.970765 1
0.0331198 0.96688 1
0.032493 0.967507 1
0.00579053 0.99421 1
0.612527 0.387473 1
0.0170469 0.982953 1
0.00747293 0.992527 1
0.0105159 0.989484 1
0.0560352 0.943965 1
0.0113686 0.988631 1
0.988211 0.0117885 1
0.0241412 0.975859 1
0.00599045 0.99401 1
0.0104627 0.989537 1
0.0340716 0.965928 1
0.0101896 0.98981 1
0.0191299 0.98087 1
0.00477904 0.995221 1
0.0625165 0.937483 1
0.00801008 0.99199 1
0.130189 0.869811 1
0.0199642 0.980036 1
0.00951182 0.990488 1
0.159752 0.840248 1
0.0158863 0.984114 1
0.0202955 0.979704 1
0.665374 0.334626 1
0.298762 0.701238 1
0.00480437 0.995196 1
0.0348896 0.96511 1
0.91271 0.0872897 1
0.121928 0.878072 1
0.977607 0.0223933 1
0.0401019 0.959898 1
0.900481 0.099519 1
0.963034 0.0369665 1
0.0742973 0.925703 1
0.8359 0.1641 1
0.320289 0.679711 1
0.00270827 0.997292 1
0.0805845 0.919415 1
0.894536 0.105464 1
0.0135429 0.986457 1
0.847538 0.152462 1
0.338561 0.661439 1
0.00774362 0.992256 1
0.319941 0.680059 1
0.0524825 0.947517 1
0.00609024 0.99391 1
0.00847771 0.991522 1
0.494478 0.505522 1
0.223939 0.776061 1
0.0920169 0.907983 1
0.0456362 0.954364 1
0.066788 0.933212 1
0.0067665 0.993234 1
0.0414157 0.958584 1
0.632241 0.367759 1
0.0507474 0.949253 1
0.311881 0.688119 1
0.996373 0.00362654 1
0.457489 0.542511 1
0.0610637 0.938936 1
0.930506 0.069494 1
0.295766 0.704234 1
0.328794 0.671206 1
0.0197793 0.980221 1
0.10074 0.89926 1
0.0292958 0.970704 1
0.0494631 0.950537 1
0.152657 0.847343 1
0.0076252 0.992375 1
0.0567038 0.943296 1
0.11107 0.88893 1
0.00606583 0.993934 1
0.0287804 0.97122 1
0.00835782 0.991642 1
0.718185 0.281815 1
0.00721443 0.992786 1
0.0408853 0.959115 1
0.596771 0.403229 1
0.985044 0.0149556 1
0.0186103 0.98139 1
0.00838591 0.991614 1
0.569713 0.430287 1
0.0275523 0.972448 1
0.00916322 0.990837 1
0.0228429 0.977157 1
0.58044 0.41956 1
0.588671 0.411329 1
0.0101932 0.989807 1
0.00867882 0.991321 1
0.0453856 0.954614 1
0.0126053 0.987395 1
0.0107237 0.989276 1
0.00448649 0.995513 1
0.0311276 0.968872 1
0.0776388 0.922361 1
0.0641101 0.93589 1
0.0341465 0.965854 1
0.0337241 0.966276 1
0.746693 0.253307 1
0.147206 0.852794 1
0.0882711 0.911729 1
0.0126875 0.987312 1
0.00710287 0.992897 1
0.00813479 0.991865 1
0.00355457 0.996445 1
0.0269729 0.973027 1
0.0471546 0.952845 1
0.00685744 0.993142 1
0.0567437 0.943256 1
0.00813915 0.991861 1
0.00502697 0.994973 1
0.00799705 0.992003 1
0.00684846 0.993152 1
0.0101015 0.989899 1
0.0485769 0.951423 1
0.0483384 0.951662 1
0.743416 0.256584 1
0.0966605 0.90334 1
0.0590102 0.94099 1
0.0584121 0.941588 1
0.0259348 0.974065 1
0.0093988 0.990601 1
0.0133596 0.98664 1
0.277524 0.722476 1
0.0574147 0.942585 1
0.00767106 0.992329 1
0.0169055 0.983095 1
0.0702672 0.929733 1
0.251834 0.748166 1
0.0106733 0.989327 1
0.00779847 0.992202 1
0.0618333 0.938167 1
0.171915 0.828085 1
0.201799 0.798201 1
0.0581751 0.941825 1
0.0063579 0.993642 1
0.54096 0.45904 1
0.21681 0.78319 1
0.129688 0.870312 1
0.744163 0.255837 1
0.0879003 0.9121 1
0.0299887 0.970011 1
0.00564965 0.99435 1
0.504456 0.495544 1
0.0117103 0.98829 1
0.0162007 0.983799 1
0.00496088 0.995039 1
0.0681598 0.93184 1
0.1565 0.8435 1
0.0565989 0.943401 1
0.0110422 0.988958 1
0.0180418 0.981958 1
0.0290744 0.970926 1
0.468821 0.531179 1
0.950845 0.0491547 1
0.0779787 0.922021 1
0.0892188 0.910781 1
0.0669734 0.933027 1
0.0228525 0.977148 1
0.571691 0.428309 1
0.0843068 0.915693 1
0.325087 0.674913 1
0.0220969 0.977903 1
0.823188 0.176812 1
0.163554 0.836446 1
0.0497188 0.950281 1
0.0153886 0.984611 1
0.00440548 0.995595 1
0.023624 0.976376 1
0.00460453 0.995395 1
0.00927653 0.990723 1
0.00404559 0.995954 1
0.00700621 0.992994 1
0.00433117 0.995669 1
0.00743503 0.992565 1
0.0946556 0.905344 1
0.00911233 0.990888 1
0.0192759 0.980724 1
0.0216177 0.978382 1
0.823468 0.176532 1
0.00987845 0.990122 1
0.0114167 0.988583 1
0.389584 0.610416 1
0.0336222 0.966378 1
0.129712 0.870288 1
0.0212379 0.978762 1
0.959711 0.0402894 1
0.0405142 0.959486 1
0.00788239 0.992118 1
0.855977 0.144023 1
0.187158 0.812842 1
0.0390393 0.960961 1
0.596348 0.403652 1
0.107131 0.892869 1
0.208015 0.791985 1
0.121528 0.878472 1
0.0631319 0.936868 1
0.0148401 0.98516 1
0.0239484 0.976052 1
0.0397923 0.960208 1
0.0220931 0.977907 1
0.566602 0.433398 1
0.841485 0.158515 1
0.0305614 0.969439 1
0.0531277 0.946872 1
0.0418838 0.958116 1
0.0765631 0.923437 1
0.0207924 0.979208 1
0.191211 0.808789 1
0.950544 0.0494556 1
0.689613 0.310387 1
0.138836 0.861164 1
0.28671 0.71329 1
0.0836229 0.916377 1
0.287369 0.712631 1
0.0162991 0.983701 1
0.00785068 0.992149 1
0.0627233 0.937277 1
0.042741 0.957259 1
0.0119392 0.988061 1
0.626263 0.373737 1
0.0114079 0.988592 1
0.00959825 0.990402 1
0.0733579 0.926642 1
0.557056 0.442944 1
0.00491425 0.995086 1
0.984986 0.0150137 1
0.00635891 0.993641 1
0.0117905 0.988209 1
0.673417 0.326583 1
0.0106026 0.989397 1
0.0468339 0.953166 1
