0.997908 0.00209204 0
0.998998 0.00100247 0
0.945363 0.0546366 0
0.992947 0.00705303 0
0.785945 0.214055 0
0.992815 0.00718482 0
0.85577 0.14423 0
0.992933 0.00706734 0
0.948706 0.0512938 0
0.868757 0.131243 0
0.952481 0.0475187 0
0.974667 0.0253329 0
0.98977 0.0102302 0
0.876004 0.123996 0
0.954531 0.0454694 0
0.664682 0.335318 0
0.0593651 0.940635 0
0.995145 0.00485495 0
0.100248 0.899752 0
0.985953 0.0140472 0
0.998313 0.0016866 0
0.998081 0.00191937 0
0.997392 0.00260772 0
0.954725 0.0452754 0
0.962723 0.0372771 0
0.972611 0.027389 0
0.997223 0.00277673 0
0.921805 0.0781948 0
0.986633 0.0133671 0
0.989962 0.0100384 0
0.991643 0.00835708 0
0.722221 0.277779 0
0.976795 0.0232052 0
0.992541 0.00745921 0
0.925286 0.074714 0
0.996831 0.00316851 0
0.955404 0.0445956 0
0.756716 0.243284 0
0.995555 0.00444472 0
0.996464 0.00353625 0
0.987152 0.0128479 0
0.960049 0.039951 0
0.921931 0.0780691 0
0.697604 0.302396 0
0.991871 0.00812886 0
0.997704 0.0022961 0
0.982027 0.0179733 0
0.981376 0.0186242 0
0.999566 0.000434111 0
0.865093 0.134907 0
0.967658 0.032342 0
0.986156 0.0138435 0
0.981857 0.0181426 0
0.99829 0.00171035 0
0.700107 0.299893 0
0.993344 0.00665552 0
0.999386 0.000613901 0
0.816973 0.183027 0
0.987496 0.0125038 0
0.122632 0.877368 0
0.594334 0.405667 0
0.929597 0.0704025 0
0.658698 0.341302 0
0.996366 0.00363387 0
0.667505 0.332495 0
0.99688 0.0031202 0
0.548776 0.451224 0
0.999259 0.000740875 0
0.972975 0.0270251 0
0.973986 0.0260139 0
0.999216 0.000783707 0
0.9774 0.0226004 0
0.991276 0.00872378 0
0.981908 0.0180922 0
0.273342 0.726658 0
0.987705 0.0122955 0
0.998206 0.0017938 0
0.993316 0.00668446 0
0.999736 0.000263925 0
0.966901 0.0330989 0
0.982534 0.0174662 0
0.987886 0.012114 0
0.998836 0.00116408 0
0.962728 0.0372719 0
0.88831 0.11169 0
0.99916 0.000840415 0
0.925664 0.074336 0
0.998855 0.00114542 0
0.991975 0.00802481 0
0.989448 0.0105516 0
0.977622 0.022378 0
0.999782 0.000217945 0
0.996191 0.0038089 0
0.973051 0.0269487 0
0.985676 0.0143241 0
0.943285 0.0567147 0
0.999127 0.000873249 0
0.827281 0.172719 0
0.974578 0.0254224 0
0.997825 0.002175 0
0.0356979 0.964302 0
0.980986 0.0190144 0
0.998046 0.00195398 0
0.997591 0.00240853 0
0.998042 0.00195765 0
0.801285 0.198715 0
0.631427 0.368573 0
0.976257 0.0237429 0
0.972778 0.0272221 0
0.989128 0.0108717 0
0.985676 0.0143243 0
0.998261 0.00173903 0
0.699714 0.300286 0
0.999213 0.000787157 0
0.997739 0.00226081 0
0.997925 0.00207466 0
0.226011 0.773989 0
0.493551 0.506449 0
0.881832 0.118168 0
0.380418 0.619582 0
0.990622 0.00937832 0
0.865574 0.134426 0
0.979092 0.0209075 0
0.994869 0.00513142 0
0.994111 0.0058894 0
0.994416 0.00558358 0
0.901434 0.0985657 0
0.9982 0.0017999 0
0.907169 0.092831 0
0.994783 0.00521722 0
0.0102135 0.989787 0
0.864088 0.135912 0
0.997912 0.00208825 0
0.986303 0.0136975 0
0.999753 0.000247246 0
0.999566 0.000433875 0
0.980087 0.0199125 0
0.998723 0.00127658 0
0.997904 0.00209633 0
0.928033 0.0719673 0
0.990862 0.00913799 0
0.738137 0.261863 0
0.99091 0.00909031 0
0.990314 0.00968641 0
0.990951 0.00904897 0
0.964126 0.0358735 0
0.995957 0.00404266 0
0.991179 0.00882117 0
0.989082 0.010918 0
0.583391 0.416609 0
0.992836 0.00716357 0
0.992649 0.00735149 0
0.995234 0.00476583 0
0.968087 0.0319125 0
0.31761 0.68239 0
0.958038 0.0419616 0
0.743956 0.256044 0
0.630237 0.369763 0
0.835624 0.164376 0
0.957859 0.0421408 0
0.912762 0.0872375 0
0.935274 0.0647261 0
0.999734 0.000265695 0
0.993485 0.00651516 0
0.353183 0.646817 0
0.976614 0.0233865 0
0.887143 0.112857 0
0.996439 0.00356144 0
0.998675 0.00132497 0
0.990521 0.00947878 0
0.999076 0.000923822 0
0.822653 0.177347 0
0.106137 0.893863 0
0.954644 0.0453562 0
0.987348 0.012652 0
0.970103 0.029897 0
0.435551 0.564449 0
0.999387 0.000613198 0
0.993899 0.00610148 0
0.994121 0.0058795 0
0.987172 0.0128277 0
0.998932 0.00106798 0
0.998594 0.0014065 0
0.882689 0.117311 0
0.71585 0.28415 0
0.350537 0.649463 0
0.999427 0.000572886 0
0.0386854 0.961315 0
0.851742 0.148258 0
0.968778 0.0312224 0
0.996716 0.0032837 0
0.98931 0.0106904 0
0.970876 0.0291241 0
0.984788 0.0152118 0
0.999187 0.000813123 0
0.999623 0.000377307 0
0.997132 0.00286777 0
0.962006 0.0379941 0
0.994221 0.0057792 0
0.931075 0.068925 0
0.715651 0.284349 0
0.998765 0.00123485 0
0.980457 0.0195425 0
0.997363 0.00263678 0
0.858335 0.141665 0
0.995733 0.00426697 0
0.998246 0.00175357 0
0.991952 0.0080479 0
0.977692 0.022308 0
0.685268 0.314733 0
0.56344 0.43656 0
0.0580879 0.941912 0
0.998367 0.0016327 0
0.891797 0.108203 0
0.866531 0.133469 0
0.993425 0.00657479 0
0.139952 0.860048 0
0.971264 0.0287361 0
0.985318 0.0146825 0
0.951024 0.0489757 0
0.999329 0.000670921 0
0.998057 0.00194283 0
0.999691 0.000309115 0
0.923404 0.0765957 0
0.986116 0.0138839 0
0.95841 0.0415905 0
0.29894 0.70106 0
0.974388 0.025612 0
0.906477 0.0935228 0
0.987363 0.0126366 0
0.908907 0.0910929 0
0.875158 0.124842 0
0.963234 0.0367656 0
0.999354 0.000645684 0
0.978913 0.0210866 0
0.998756 0.00124442 0
0.995474 0.00452635 0
0.976833 0.0231672 0
0.998979 0.00102137 0
0.995214 0.00478577 0
0.715933 0.284067 0
0.978136 0.0218638 0
0.903055 0.0969452 0
0.998931 0.00106895 0
0.960845 0.0391549 0
0.998708 0.00129205 0
0.962059 0.0379415 0
0.991402 0.00859796 0
0.874483 0.125518 0
0.988724 0.0112757 0
0.985649 0.0143515 0
0.997617 0.00238284 0
0.946242 0.0537584 0
0.984359 0.0156415 0
0.156389 0.843611 0
0.92571 0.07429 0
0.997618 0.00238247 0
0.274988 0.725012 0
0.394989 0.605011 0
0.989711 0.0102886 0
0.861517 0.138483 0
0.384549 0.615451 0
0.99957 0.000430195 0
0.969998 0.030002 0
0.997678 0.00232186 0
0.899254 0.100746 0
0.985728 0.0142724 0
0.996542 0.00345775 0
0.771602 0.228398 0
0.99887 0.00112951 0
0.988801 0.0111986 0
0.875291 0.124709 0
0.997625 0.00237541 0
0.988618 0.0113823 0
0.997196 0.00280383 0
0.997734 0.00226552 0
0.988185 0.011815 0
0.999404 0.000595749 0
0.989574 0.0104265 0
0.497179 0.502821 0
0.981176 0.0188236 0
0.977004 0.022996 0
0.994724 0.00527587 0
0.999023 0.00097703 0
0.631356 0.368644 0
0.990134 0.0098661 0
0.998669 0.00133116 0
0.997916 0.00208428 0
0.99515 0.00485041 0
0.898375 0.101625 0
0.221372 0.778628 0
0.997204 0.00279561 0
0.906807 0.0931928 0
0.917783 0.0822167 0
0.990995 0.00900488 0
0.998394 0.00160629 0
0.998365 0.00163516 0
0.88113 0.11887 0
0.995204 0.00479614 0
0.998588 0.00141176 0
0.958337 0.0416634 0
0.898053 0.101948 0
0.995751 0.00424877 0
0.99717 0.00282984 0
0.918245 0.0817548 0
0.939351 0.0606494 0
0.163814 0.836186 0
0.994236 0.00576359 0
0.999492 0.000508383 0
0.997423 0.00257734 0
0.99559 0.00440951 0
0.84387 0.15613 0
0.997482 0.00251765 0
0.980122 0.0198775 0
0.990829 0.00917151 0
0.986756 0.0132438 0
0.9629 0.0371 0
0.904222 0.0957785 0
0.993488 0.00651196 0
0.995329 0.0046711 0
0.981306 0.0186937 0
0.933674 0.0663266 0
0.989491 0.0105095 0
0.992241 0.00775919 0
0.327834 0.672166 0
0.975145 0.0248548 0
0.980174 0.0198261 0
0.981937 0.0180629 0
0.992063 0.00793732 0
0.788274 0.211726 0
0.996594 0.00340646 0
0.992392 0.00760812 0
0.962112 0.0378885 0
0.993292 0.0067078 0
0.959285 0.040715 0
0.998589 0.00141085 0
0.937301 0.0626987 0
0.998142 0.00185757 0
0.595488 0.404512 0
0.613434 0.386566 0
0.980061 0.0199388 0
0.990694 0.00930582 0
0.999297 0.0007033 0
0.997451 0.00254938 0
0.987265 0.0127347 0
0.992529 0.0074712 0
0.997294 0.00270633 0
0.731768 0.268232 0
0.973064 0.0269361 0
0.974472 0.0255275 0
0.657784 0.342216 0
0.137011 0.862989 0
0.999175 0.000825302 0
0.998738 0.00126195 0
0.984569 0.0154309 0
0.89084 0.10916 0
0.999165 0.000835441 0
0.997602 0.002398 0
0.996933 0.00306724 0
0.975746 0.0242538 0
0.860871 0.139129 0
0.999026 0.000974442 0
0.93296 0.06704 0
0.997212 0.00278824 0
0.992765 0.00723505 0
0.820094 0.179906 0
0.980089 0.0199114 0
0.999129 0.000871174 0
0.980599 0.0194006 0
0.983283 0.0167173 0
0.991134 0.00886558 0
0.995245 0.00475503 0
0.992498 0.00750197 0
0.244613 0.755387 0
0.977814 0.0221857 0
0.996722 0.00327769 0
0.995306 0.00469424 0
0.981165 0.0188346 0
0.968724 0.0312761 0
0.971441 0.0285586 0
0.996695 0.00330462 0
0.998606 0.00139412 0
0.929351 0.0706489 0
0.948008 0.0519923 0
0.998937 0.00106286 0
0.979565 0.0204349 0
0.925327 0.0746727 0
0.99423 0.00576964 0
0.018684 0.981316 0
0.999172 0.000827727 0
0.103098 0.896902 0
0.991687 0.00831333 0
0.97116 0.0288395 0
0.997578 0.00242242 0
0.99924 0.000759803 0
0.996789 0.0032113 0
0.999692 0.000308212 0
0.997889 0.00211105 0
0.997143 0.00285685 0
0.947562 0.0524382 0
0.89586 0.10414 0
0.947146 0.052854 0
0.997458 0.00254244 0
0.994513 0.00548714 0
0.996452 0.00354833 0
0.981662 0.0183381 0
0.987225 0.0127745 0
0.997785 0.00221503 0
0.815753 0.184247 0
0.997512 0.00248836 0
0.989269 0.0107309 0
0.868678 0.131322 0
0.997418 0.00258161 0
0.924165 0.0758349 0
0.614886 0.385114 0
0.164131 0.835869 0
0.990656 0.00934391 0
0.752789 0.247211 0
0.99299 0.00701037 0
0.973776 0.0262239 0
0.9936 0.00639985 0
0.995993 0.00400652 0
0.986445 0.0135553 0
0.986677 0.0133231 0
0.948244 0.0517557 0
0.661487 0.338513 0
0.476441 0.523559 0
0.995649 0.00435079 0
0.962115 0.0378849 0
0.95038 0.0496202 0
0.260815 0.739185 0
0.915954 0.0840459 0
0.00775098 0.992249 0
0.290252 0.709748 0
0.996445 0.00355509 0
0.997973 0.0020266 0
0.974108 0.025892 0
0.983575 0.0164246 0
0.901731 0.0982687 0
0.990715 0.00928517 0
0.988251 0.0117494 0
0.888746 0.111254 0
0.983434 0.0165661 0
0.999022 0.000978153 0
0.529837 0.470163 0
0.877057 0.122943 0
0.993116 0.00688404 0
0.992813 0.00718697 0
0.998146 0.00185434 0
0.994773 0.00522671 0
0.995422 0.00457783 0
0.998267 0.00173265 0
0.638125 0.361875 0
0.995246 0.00475396 0
0.99756 0.00244001 0
0.998824 0.00117557 0
0.992112 0.00788758 0
0.999408 0.000592428 0
0.988873 0.0111274 0
0.998085 0.0019152 0
0.924006 0.0759945 0
0.997594 0.00240601 0
0.997391 0.00260941 0
0.786558 0.213442 0
0.997876 0.00212368 0
0.941992 0.0580077 0
0.509656 0.490344 0
0.998833 0.00116745 0
0.97763 0.0223696 0
0.987088 0.0129121 0
0.336744 0.663256 0
0.334663 0.665337 0
0.991334 0.00866643 0
0.997792 0.00220819 0
0.975624 0.0243758 0
0.986182 0.0138176 0
0.755566 0.244434 0
0.825697 0.174303 0
0.950118 0.0498823 0
0.993221 0.00677933 0
0.984822 0.0151782 0
0.029626 0.970374 0
0.997462 0.00253789 0
0.996054 0.00394644 0
0.986982 0.0130182 0
0.671474 0.328526 0
0.930752 0.0692481 0
0.411022 0.588978 0
0.906073 0.0939269 0
0.996855 0.00314513 0
0.987974 0.0120262 0
0.993299 0.00670082 0
0.991602 0.00839771 0
0.99874 0.00126014 0
0.990932 0.00906789 0
0.35255 0.64745 0
0.98862 0.0113804 0
0.998055 0.00194492 0
0.995717 0.00428332 0
0.19949 0.80051 0
0.98079 0.0192104 0
0.9959 0.00410024 0
0.963946 0.0360542 0
0.997227 0.00277248 0
0.88504 0.11496 0
0.998376 0.00162382 0
0.999037 0.000962818 0
0.997382 0.00261828 0
0.998401 0.00159952 0
0.998877 0.00112304 0
0.954632 0.0453676 0
0.965357 0.0346434 0
0.992081 0.00791872 0
0.984059 0.0159407 0
0.989568 0.0104324 0
0.998887 0.0011125 0
0.937298 0.0627022 0
0.26327 0.73673 0
0.999543 0.000457076 0
0.853258 0.146742 0
0.997756 0.00224394 0
0.917901 0.0820993 0
0.960721 0.039279 0
0.996653 0.00334724 0
0.651539 0.348461 0
0.992941 0.00705916 0
0.995381 0.00461903 0
0.998639 0.00136129 0
0.990356 0.00964422 0
0.828704 0.171296 0
0.996961 0.00303886 0
0.992738 0.00726195 0
0.977173 0.0228271 0
0.999213 0.000787521 0
0.920506 0.0794937 0
0.956522 0.0434776 0
0.988493 0.011507 0
0.998092 0.00190843 0
0.997759 0.00224075 0
0.870116 0.129884 0
0.472665 0.527335 0
0.80314 0.19686 0
0.989771 0.0102291 0
0.984646 0.0153544 0
0.997684 0.00231585 0
0.952761 0.0472393 0
0.992096 0.0079038 0
0.895349 0.104651 0
0.94428 0.05572 0
0.471388 0.528612 0
0.99961 0.000390101 0
0.984056 0.0159443 0
0.0176085 0.982392 0
0.501307 0.498693 0
0.995334 0.00466616 0
0.99847 0.00153036 0
0.999221 0.000779206 0
0.856435 0.143565 0
0.976766 0.0232343 0
0.971329 0.028671 0
0.996919 0.003081 0
0.452425 0.547575 0
0.998746 0.00125383 0
0.990237 0.00976331 0
0.991033 0.00896731 0
0.986345 0.0136551 0
0.168105 0.831895 0
0.957981 0.0420187 0
0.997146 0.00285361 0
0.986009 0.0139909 0
0.996716 0.00328411 0
0.97594 0.0240596 0
0.923931 0.0760693 0
0.988037 0.0119634 0
0.998523 0.00147731 0
0.974615 0.025385 0
0.982935 0.0170652 0
0.982267 0.0177326 0
0.979669 0.0203305 0
0.967853 0.0321464 0
0.860177 0.139823 0
0.996215 0.0037854 0
0.979671 0.0203289 0
0.994058 0.0059417 0
0.70721 0.29279 0
0.907242 0.0927581 0
0.994142 0.00585814 0
0.992286 0.00771386 0
0.996663 0.00333667 0
0.25491 0.74509 0
0.17711 0.82289 0
0.664346 0.335654 0
0.999854 0.000145555 0
0.998887 0.00111293 0
0.954779 0.045221 0
0.984919 0.0150808 0
0.99036 0.00963981 0
0.871849 0.128151 0
0.989903 0.0100971 0
0.98129 0.0187104 0
0.999874 0.000126132 0
0.990902 0.00909767 0
0.0402275 0.959772 0
0.0271013 0.972899 0
0.937944 0.0620564 0
0.969961 0.0300386 0
0.99949 0.000510095 0
0.98212 0.0178803 0
0.995624 0.00437609 0
0.995997 0.0040031 0
0.998931 0.00106937 0
0.999042 0.000958416 0
0.635205 0.364795 0
0.324104 0.675896 0
0.915973 0.0840271 0
0.373547 0.626453 0
0.884131 0.115869 0
0.978496 0.0215044 0
0.942876 0.0571236 0
0.966947 0.033053 0
0.890148 0.109852 0
0.995809 0.00419124 0
0.64123 0.35877 0
0.858894 0.141106 0
0.106853 0.893147 0
0.999226 0.000774188 0
0.88406 0.11594 0
0.997076 0.00292359 0
0.121707 0.878293 0
0.9958 0.00419983 0
0.996432 0.00356829 0
0.509589 0.490411 0
0.999558 0.000441643 0
0.907121 0.0928786 0
0.83888 0.16112 0
0.955778 0.0442217 0
0.999014 0.000986421 0
0.818827 0.181173 0
0.751388 0.248612 0
0.974161 0.025839 0
0.997914 0.00208605 0
0.819364 0.180636 0
0.985779 0.0142206 0
0.995979 0.00402127 0
0.988299 0.0117008 0
0.956289 0.0437111 0
0.992498 0.00750234 0
0.991374 0.00862586 0
0.999265 0.000734624 0
0.997048 0.00295224 0
0.989153 0.0108468 0
0.999221 0.000778515 0
0.993997 0.00600353 0
0.997566 0.0024343 0
0.974575 0.0254254 0
0.955784 0.0442161 0
0.328907 0.671093 0
0.951731 0.0482689 0
0.998649 0.00135066 0
0.418346 0.581654 0
0.994836 0.005164 0
0.944536 0.0554643 0
0.997696 0.00230358 0
0.993604 0.00639578 0
0.983036 0.0169644 0
0.494461 0.505539 0
0.319199 0.680801 0
0.993787 0.00621305 0
0.950305 0.0496951 0
0.99076 0.0092403 0
0.875858 0.124142 0
0.995359 0.00464086 0
0.709399 0.290601 0
0.909733 0.0902669 0
0.99781 0.00218955 0
0.96985 0.0301504 0
0.930807 0.0691927 0
0.98465 0.0153499 0
0.995092 0.00490789 0
0.798008 0.201992 0
0.983572 0.0164284 0
0.128581 0.871419 0
0.905783 0.0942171 0
0.671811 0.328189 0
0.994309 0.00569132 0
0.970296 0.0297036 0
0.991363 0.00863684 0
0.815552 0.184448 0
0.987523 0.0124768 0
0.982996 0.0170038 0
0.978654 0.0213457 0
0.846975 0.153025 0
0.999103 0.000897131 0
0.99851 0.00148973 0
0.995084 0.00491554 0
0.916894 0.0831059 0
0.973966 0.0260337 0
0.996029 0.00397105 0
0.998627 0.00137283 0
0.97842 0.0215805 0
0.777915 0.222085 0
0.999358 0.000642142 0
0.85744 0.14256 0
0.998357 0.00164269 0
0.990874 0.00912572 0
0.786871 0.213129 0
0.998271 0.00172901 0
0.997545 0.00245471 0
0.92443 0.0755696 0
0.994372 0.00562768 0
0.922419 0.0775811 0
0.979836 0.0201644 0
0.784877 0.215123 0
0.996171 0.00382888 0
0.884143 0.115857 0
0.936119 0.0638812 0
0.693635 0.306365 0
0.993647 0.00635305 0
0.997984 0.00201593 0
0.945133 0.0548669 0
0.995815 0.00418481 0
0.997728 0.00227176 0
0.997974 0.00202572 0
0.966588 0.0334124 0
0.102145 0.897855 0
0.997876 0.00212436 0
0.998833 0.00116683 0
0.554193 0.445807 0
0.99216 0.00783943 0
0.995721 0.00427929 0
0.998603 0.00139739 0
0.978601 0.021399 0
0.831455 0.168545 0
0.99882 0.00117944 0
0.999816 0.000183506 0
0.480022 0.519978 0
0.938848 0.0611522 0
0.410886 0.589114 0
0.995442 0.00455777 0
0.97449 0.0255103 0
0.980393 0.0196072 0
0.817768 0.182232 0
0.943388 0.0566124 0
0.806357 0.193643 0
0.838081 0.161919 0
0.943522 0.0564784 0
0.228219 0.771781 0
0.997523 0.00247713 0
0.990666 0.00933389 0
0.986068 0.0139318 0
0.976194 0.0238065 0
0.975422 0.0245784 0
0.474497 0.525503 0
0.658007 0.341993 0
0.99644 0.00356038 0
0.995578 0.00442189 0
0.624512 0.375488 0
0.979609 0.0203907 0
0.990182 0.0098179 0
0.996483 0.00351722 0
0.718218 0.281782 0
0.994611 0.00538948 0
0.997687 0.00231303 0
0.976152 0.023848 0
0.354789 0.645211 0
0.983607 0.0163933 0
0.988906 0.011094 0
0.991346 0.00865399 0
0.978321 0.0216785 0
0.986387 0.013613 0
0.813992 0.186008 0
0.986639 0.0133607 0
0.984072 0.0159276 0
0.995805 0.00419521 0
0.992012 0.00798784 0
0.995284 0.00471546 0
0.999743 0.000256992 0
0.989122 0.0108781 0
0.944747 0.0552527 0
0.0811287 0.918871 0
0.324198 0.675802 0
0.972714 0.0272865 0
0.976096 0.0239045 0
0.999017 0.000982957 0
0.984224 0.0157758 0
0.833133 0.166867 0
0.109515 0.890485 0
0.969845 0.0301554 0
0.699787 0.300213 0
0.991496 0.00850432 0
0.828413 0.171587 0
0.994693 0.00530651 0
0.935183 0.0648174 0
0.994821 0.00517888 0
0.960583 0.0394168 0
0.991908 0.00809228 0
0.998387 0.00161279 0
0.999195 0.000805441 0
0.939587 0.0604128 0
0.996972 0.00302832 0
0.526461 0.473539 0
0.752285 0.247715 0
0.988275 0.0117249 0
0.607544 0.392456 0
0.999064 0.000935598 0
0.997812 0.00218759 0
0.985089 0.0149113 0
0.979082 0.0209183 0
0.877685 0.122315 0
0.995693 0.0043073 0
0.996266 0.00373427 0
0.999505 0.000494885 0
0.994183 0.00581729 0
0.98146 0.01854 0
0.93639 0.06361 0
0.964002 0.0359982 0
0.998413 0.00158661 0
0.979081 0.020919 0
0.974537 0.025463 0
0.981706 0.0182935 0
0.988582 0.0114181 0
0.996909 0.00309064 0
0.973102 0.0268981 0
0.249705 0.750295 0
0.974158 0.0258423 0
0.908798 0.0912017 0
0.89838 0.10162 0
0.695199 0.304801 0
0.649035 0.350965 0
0.92069 0.0793096 0
0.955737 0.0442633 0
0.992689 0.0073111 0
0.990784 0.00921619 0
0.98941 0.0105903 0
0.895538 0.104462 0
0.990944 0.00905616 0
0.999585 0.000415428 0
0.998384 0.00161581 0
0.856741 0.143259 0
0.936771 0.0632288 0
0.95351 0.0464897 0
0.948471 0.0515291 0
0.999232 0.000768221 0
0.88591 0.11409 0
0.998936 0.00106416 0
0.986645 0.0133552 0
0.967217 0.0327833 0
0.11949 0.88051 0
0.965599 0.0344009 0
0.904081 0.0959191 0
0.998867 0.00113342 0
0.127541 0.872459 0
0.995277 0.00472298 0
0.950279 0.0497214 0
0.979381 0.020619 0
0.991426 0.00857416 0
0.998992 0.00100825 0
0.770794 0.229206 0
0.951742 0.0482584 0
0.99086 0.00913967 0
0.986292 0.0137076 0
0.795544 0.204456 0
0.996851 0.00314887 0
0.868221 0.131779 0
0.948597 0.0514026 0
0.961982 0.0380181 0
0.994857 0.00514269 0
0.871687 0.128313 0
0.982869 0.0171305 0
0.95214 0.0478599 0
0.906204 0.0937961 0
0.978541 0.0214587 0
0.977317 0.0226833 0
0.585477 0.414523 0
0.992302 0.00769808 0
0.658242 0.341758 0
0.969065 0.0309347 0
0.989999 0.0100011 0
0.912312 0.0876878 0
0.961848 0.038152 0
0.997727 0.00227278 0
0.982076 0.0179242 0
0.992822 0.00717834 0
0.839768 0.160232 0
0.640576 0.359424 0
0.999302 0.00069766 0
0.319671 0.680329 0
0.99604 0.00396024 0
0.935833 0.0641671 0
0.953729 0.0462709 0
0.99794 0.00205967 0
0.999762 0.000237505 0
0.966402 0.0335984 0
0.503266 0.496734 0
0.948985 0.0510148 0
0.85521 0.14479 0
0.995337 0.00466259 0
0.993766 0.00623414 0
0.96111 0.0388896 0
0.325696 0.674304 0
0.991579 0.00842075 0
0.960739 0.0392608 0
0.978983 0.0210174 0
0.963593 0.0364068 0
0.999579 0.000420707 0
0.998756 0.00124358 0
0.995813 0.00418691 0
0.796672 0.203328 0
0.986103 0.0138973 0
0.910569 0.0894307 0
0.99369 0.00630961 0
0.99228 0.00772023 0
0.999437 0.000562758 0
0.939468 0.0605323 0
0.999868 0.000131769 0
0.999492 0.000508306 0
0.965429 0.0345714 0
0.994056 0.0059442 0
0.96533 0.0346696 0
0.984666 0.0153335 0
0.999406 0.000594273 0
0.995485 0.00451456 0
0.641936 0.358064 0
0.990675 0.00932533 0
0.942024 0.057976 0
0.959827 0.0401734 0
0.989317 0.0106832 0
0.996793 0.0032072 0
0.996206 0.00379367 0
0.990372 0.00962806 0
0.987935 0.0120648 0
0.994283 0.00571643 0
0.99403 0.00597051 0
0.990404 0.00959607 0
0.999079 0.000921521 0
0.998698 0.00130163 0
0.951129 0.0488709 0
0.999142 0.00085821 0
0.700971 0.299029 0
0.672801 0.327199 0
0.998774 0.00122595 0
0.984862 0.015138 0
0.998061 0.00193887 0
0.673636 0.326364 0
0.987273 0.0127265 0
0.801895 0.198105 0
0.995122 0.0048777 0
0.868323 0.131677 0
0.99647 0.00353018 0
0.99815 0.00185041 0
0.998786 0.00121376 0
0.938597 0.0614031 0
0.999776 0.00022405 0
0.996602 0.00339809 0
0.992735 0.00726511 0
0.999123 0.000877138 0
0.952764 0.047236 0
0.995272 0.00472805 0
0.998443 0.00155738 0
0.984024 0.0159756 0
0.984363 0.0156372 0
0.999 0.00100021 0
0.966476 0.0335241 0
0.541553 0.458447 0
0.958398 0.0416022 0
0.926787 0.0732132 0
0.98931 0.0106897 0
0.845612 0.154388 0
0.994418 0.00558252 0
0.984436 0.0155637 0
0.250274 0.749726 0
0.919019 0.0809812 0
0.994726 0.00527437 0
0.933127 0.0668729 0
0.929481 0.0705188 0
0.983157 0.0168431 0
0.993457 0.00654303 0
0.999141 0.000858927 0
0.997575 0.00242526 0
0.998262 0.0017377 0
0.684258 0.315742 0
0.109667 0.890333 0
0.756908 0.243091 0
0.596689 0.403311 0
0.741952 0.258048 0
0.999534 0.000465835 0
0.988131 0.0118691 0
0.985245 0.0147547 0
0.99754 0.00246035 0
0.994351 0.00564912 0
0.978236 0.0217639 0
0.662316 0.337684 0
0.477885 0.522115 0
0.999124 0.000875675 0
0.981769 0.0182313 0
0.352965 0.647035 0
0.992171 0.00782946 0
0.976358 0.0236424 0
0.995944 0.00405574 0
0.969618 0.0303818 0
0.00364252 0.996358 1
0.0211193 0.978881 1
0.137849 0.862151 1
0.0113271 0.988673 1
0.149513 0.850487 1
0.278584 0.721416 1
0.0697709 0.930229 1
0.0133294 0.986671 1
0.772845 0.227155 1
0.437925 0.562075 1
0.0186647 0.981335 1
0.387537 0.612463 1
0.0099646 0.990035 1
0.109611 0.890389 1
0.00616988 0.99383 1
0.153475 0.846525 1
0.327217 0.672783 1
0.441182 0.558818 1
0.626192 0.373808 1
0.629917 0.370083 1
0.0446277 0.955372 1
0.00530263 0.994697 1
0.242457 0.757543 1
0.0651989 0.934801 1
0.00460064 0.995399 1
0.0283946 0.971605 1
0.0390617 0.960938 1
0.0160296 0.98397 1
0.0552928 0.944707 1
0.0135604 0.98644 1
0.18328 0.81672 1
0.0159359 0.984064 1
0.296902 0.703098 1
0.00353097 0.996469 1
0.0464236 0.953576 1
0.0116815 0.988318 1
0.0135499 0.98645 1
0.0176731 0.982327 1
0.015341 0.984659 1
0.0245637 0.975436 1
0.0614977 0.938502 1
0.120101 0.879899 1
0.00507287 0.994927 1
0.216505 0.783495 1
0.0131189 0.986881 1
0.01528 0.98472 1
0.00947119 0.990529 1
0.282561 0.717439 1
0.107254 0.892746 1
0.0433255 0.956675 1
0.0145142 0.985486 1
0.0274382 0.972562 1
0.913583 0.0864166 1
0.00579262 0.994207 1
0.802685 0.197315 1
0.0139031 0.986097 1
0.0322704 0.96773 1
0.0966576 0.903342 1
0.578254 0.421746 1
0.0625997 0.9374 1
0.802425 0.197575 1
0.320204 0.679796 1
0.00401889 0.995981 1
0.0257537 0.974246 1
0.0102443 0.989756 1
0.0137585 0.986241 1
0.0129813 0.987019 1
0.0436142 0.956386 1
0.395801 0.604199 1
0.0739104 0.92609 1
0.389237 0.610763 1
0.0240325 0.975968 1
0.0195304 0.98047 1
0.0680229 0.931977 1
0.990545 0.00945481 1
0.102172 0.897828 1
0.00734832 0.992652 1
0.0541289 0.945871 1
0.00196244 0.998038 1
0.00551639 0.994484 1
0.0078785 0.992122 1
0.707084 0.292916 1
0.799593 0.200407 1
0.00280111 0.997199 1
0.694657 0.305343 1
0.0640302 0.93597 1
0.135557 0.864443 1
0.0167234 0.983277 1
0.0499625 0.950038 1
0.28356 0.71644 1
0.00996194 0.990038 1
0.00479983 0.9952 1
0.0284312 0.971569 1
0.175603 0.824398 1
0.016241 0.983759 1
0.0398216 0.960178 1
0.00695376 0.993046 1
0.608268 0.391732 1
0.308311 0.691689 1
0.549008 0.450992 1
0.0164228 0.983577 1
0.0230036 0.976996 1
0.755276 0.244723 1
0.0067983 0.993202 1
0.0098006 0.990199 1
0.407777 0.592223 1
0.0259893 0.974011 1
0.290102 0.709898 1
0.0184287 0.981571 1
0.031525 0.968475 1
0.00831065 0.991689 1
0.0189786 0.981021 1
0.274117 0.725882 1
0.00411812 0.995882 1
0.0285516 0.971448 1
0.028598 0.971402 1
0.543165 0.456835 1
0.0051392 0.994861 1
0.00748044 0.99252 1
0.0535051 0.946495 1
0.195949 0.804051 1
0.656673 0.343327 1
0.0622263 0.937774 1
0.696265 0.303735 1
0.0248144 0.975186 1
0.50056 0.49944 1
0.989332 0.010668 1
0.00359511 0.996405 1
0.00718265 0.992817 1
0.0715306 0.928469 1
0.00297443 0.997026 1
0.0189847 0.981015 1
0.010829 0.989171 1
0.0100537 0.989946 1
0.0116736 0.988326 1
0.0469595 0.953041 1
0.00797766 0.992022 1
0.0025694 0.997431 1
0.00934701 0.990653 1
0.142024 0.857976 1
0.0016084 0.998392 1
0.0821524 0.917848 1
0.0903855 0.909614 1
0.665896 0.334104 1
0.0644005 0.9356 1
0.09783 0.90217 1
0.0282683 0.971732 1
0.00355131 0.996449 1
0.0513687 0.948631 1
0.264457 0.735543 1
0.00452885 0.995471 1
0.00441752 0.995583 1
0.0170758 0.982924 1
0.023971 0.976029 1
0.475472 0.524527 1
0.298249 0.701751 1
0.0501757 0.949824 1
0.210589 0.789411 1
0.0333571 0.966643 1
0.154252 0.845748 1
0.00713026 0.99287 1
0.00465776 0.995342 1
0.00519566 0.994804 1
0.0161054 0.983895 1
0.288833 0.711167 1
0.0043885 0.995611 1
0.0633442 0.936656 1
0.869423 0.130577 1
0.247547 0.752453 1
0.0198692 0.980131 1
0.00291681 0.997083 1
0.0268224 0.973178 1
0.510685 0.489315 1
0.0825144 0.917486 1
0.259798 0.740202 1
0.0396561 0.960344 1
0.122318 0.877682 1
0.964895 0.0351049 1
0.00626004 0.99374 1
0.0310926 0.968907 1
0.572995 0.427005 1
0.64528 0.35472 1
0.00646055 0.99354 1
0.00713127 0.992869 1
0.288136 0.711864 1
0.185593 0.814407 1
0.12028 0.87972 1
0.856484 0.143516 1
0.0206392 0.979361 1
0.598936 0.401064 1
0.0611414 0.938859 1
0.292007 0.707993 1
0.371127 0.628873 1
0.041406 0.958594 1
0.561126 0.438874 1
0.432371 0.567629 1
0.121479 0.878521 1
0.0103642 0.989636 1
0.00515113 0.994849 1
0.0520779 0.947922 1
0.0500545 0.949946 1
0.070849 0.929151 1
0.0511505 0.948849 1
0.0116575 0.988343 1
0.110065 0.889935 1
0.00563345 0.994366 1
0.00462299 0.995377 1
0.198347 0.801653 1
0.862083 0.137917 1
0.0226301 0.97737 1
0.00413975 0.99586 1
0.00942101 0.990579 1
0.765428 0.234572 1
0.183775 0.816225 1
0.0236249 0.976375 1
0.00502151 0.994978 1
0.848796 0.151204 1
0.259603 0.740397 1
0.0563487 0.943651 1
0.00175253 0.998248 1
0.0150539 0.984946 1
0.00830065 0.991699 1
0.00281104 0.997189 1
0.893133 0.106867 1
0.00362198 0.996378 1
0.0827154 0.917285 1
0.010337 0.989663 1
0.939233 0.0607667 1
0.0257639 0.974236 1
0.781642 0.218358 1
0.0285146 0.971485 1
0.0650007 0.934999 1
0.340986 0.659014 1
0.0269854 0.973015 1
0.0436475 0.956352 1
0.00787752 0.992122 1
0.0446823 0.955318 1
0.43519 0.56481 1
0.0463683 0.953632 1
0.0144676 0.985532 1
0.133725 0.866275 1
0.815667 0.184333 1
0.0259455 0.974055 1
0.0270637 0.972936 1
0.605791 0.39421 1
0.0431038 0.956896 1
0.0531056 0.946894 1
0.00231752 0.997682 1
0.00917361 0.990826 1
0.00247682 0.997523 1
0.00283556 0.997164 1
0.0595953 0.940405 1
0.165224 0.834776 1
0.0506378 0.949362 1
0.470419 0.529581 1
0.115264 0.884736 1
0.0128779 0.987122 1
0.194398 0.805602 1
0.252102 0.747898 1
0.995284 0.00471651 1
0.0043222 0.995678 1
0.117656 0.882344 1
0.630257 0.369743 1
0.0602636 0.939736 1
0.00714167 0.992858 1
0.00391035 0.99609 1
0.0313136 0.968686 1
0.00531979 0.99468 1
0.786638 0.213362 1
0.343559 0.656441 1
0.0116703 0.98833 1
0.404506 0.595494 1
0.661402 0.338598 1
0.846464 0.153536 1
0.0109563 0.989044 1
0.00791242 0.992088 1
0.0146088 0.985391 1
0.0166501 0.98335 1
0.015225 0.984775 1
0.0171334 0.982867 1
0.00589674 0.994103 1
0.00786149 0.992139 1
0.656985 0.343015 1
0.0191526 0.980847 1
0.0232778 0.976722 1
0.00832872 0.991671 1
0.0155769 0.984423 1
0.526361 0.473639 1
0.00563169 0.994368 1
0.0286745 0.971326 1
0.026254 0.973746 1
0.004497 0.995503 1
0.884538 0.115462 1
0.00974596 0.990254 1
0.0524788 0.947521 1
0.80133 0.19867 1
0.0298909 0.970109 1
0.286954 0.713046 1
0.00342601 0.996574 1
0.142202 0.857798 1
0.2526 0.7474 1
0.929788 0.070212 1
0.00622956 0.99377 1
0.0148083 0.985192 1
0.00530197 0.994698 1
0.00663481 0.993365 1
0.0935353 0.906465 1
0.0135206 0.986479 1
0.384958 0.615042 1
0.581287 0.418713 1
0.0120656 0.987934 1
0.596149 0.403851 1
0.0313114 0.968689 1
0.0770595 0.92294 1
0.127439 0.872561 1
0.113805 0.886195 1
0.0332791 0.966721 1
0.0101933 0.989807 1
0.661108 0.338892 1
0.00446519 0.995535 1
0.140763 0.859237 1
0.0291179 0.970882 1
0.106108 0.893892 1
0.0242442 0.975756 1
0.0483225 0.951678 1
0.0783145 0.921686 1
0.161772 0.838228 1
0.0109875 0.989013 1
0.068847 0.931153 1
0.0198979 0.980102 1
0.00756817 0.992432 1
0.0151402 0.98486 1
0.0664526 0.933547 1
0.504546 0.495454 1
0.0660734 0.933927 1
0.132716 0.867284 1
0.0183964 0.981604 1
0.0902706 0.909729 1
0.00255913 0.997441 1
0.0675629 0.932437 1
0.0755452 0.924455 1
0.012789 0.987211 1
0.239448 0.760552 1
0.305291 0.694709 1
0.573397 0.426603 1
0.0736999 0.9263 1
0.0133489 0.986651 1
0.224677 0.775322 1
0.0636651 0.936335 1
0.0200717 0.979928 1
0.159356 0.840644 1
0.463318 0.536682 1
0.0258705 0.974129 1
0.571326 0.428674 1
0.976049 0.0239506 1
0.0336117 0.966388 1
0.236131 0.763869 1
0.889611 0.110389 1
0.00593439 0.994066 1
0.00565029 0.99435 1
0.932277 0.0677234 1
0.19733 0.80267 1
0.89751 0.10249 1
0.0193498 0.98065 1
0.014991 0.985009 1
0.155573 0.844428 1
0.0117448 0.988255 1
0.0899064 0.910094 1
0.904111 0.0958894 1
0.038553 0.961447 1
0.0698964 0.930104 1
0.821366 0.178634 1
0.0221086 0.977891 1
0.880378 0.119622 1
0.0311737 0.968826 1
0.0721127 0.927887 1
0.200758 0.799242 1
0.579634 0.420366 1
0.661307 0.338693 1
0.00649671 0.993503 1
0.170753 0.829247 1
0.00771798 0.992282 1
0.313171 0.686829 1
0.0106292 0.989371 1
0.00951225 0.990488 1
0.0731587 0.926841 1
0.0880675 0.911932 1
0.848426 0.151574 1
0.0401959 0.959804 1
0.00321893 0.996781 1
0.00410029 0.9959 1
0.361405 0.638595 1
0.00598787 0.994012 1
0.00249126 0.997509 1
0.0807514 0.919249 1
0.919932 0.0800682 1
0.0104418 0.989558 1
0.182613 0.817387 1
0.788195 0.211805 1
0.0313003 0.9687 1
0.572699 0.427301 1
0.0969563 0.903044 1
0.00382664 0.996173 1
0.00908752 0.990912 1
0.0402475 0.959752 1
0.0346543 0.965346 1
0.0115618 0.988438 1
0.143407 0.856593 1
0.870565 0.129435 1
0.0360372 0.963963 1
0.0510394 0.948961 1
0.646726 0.353274 1
0.41935 0.58065 1
0.138511 0.861489 1
0.230224 0.769776 1
0.410372 0.589628 1
0.0314135 0.968587 1
0.00919378 0.990806 1
0.0352702 0.96473 1
0.0120968 0.987903 1
0.00959616 0.990404 1
0.0373392 0.962661 1
0.0412667 0.958733 1
0.011866 0.988134 1
0.0344021 0.965598 1
0.00596314 0.994037 1
0.232697 0.767303 1
0.0249439 0.975056 1
0.00866559 0.991334 1
0.482877 0.517123 1
0.208491 0.791509 1
0.00460361 0.995396 1
0.0339487 0.966051 1
0.00356695 0.996433 1
0.0200842 0.979916 1
0.120456 0.879544 1
0.658378 0.341622 1
0.41469 0.585311 1
0.00835313 0.991647 1
0.020199 0.979801 1
0.853335 0.146665 1
0.0168624 0.983138 1
0.0253545 0.974645 1
0.845783 0.154217 1
0.181459 0.818541 1
0.619594 0.380406 1
0.0332904 0.96671 1
0.63056 0.36944 1
0.0198323 0.980168 1
0.00814837 0.991852 1
0.010634 0.989366 1
0.921349 0.0786514 1
0.00617332 0.993827 1
0.00507354 0.994926 1
0.427523 0.572477 1
0.00536009 0.99464 1
0.020336 0.979664 1
0.709718 0.290282 1
0.614944 0.385056 1
0.0100838 0.989916 1
0.0128239 0.987176 1
0.0308346 0.969165 1
0.00917756 0.990822 1
0.0409514 0.959049 1
0.877298 0.122702 1
0.0116427 0.988357 1
0.326941 0.673059 1
0.037803 0.962197 1
0.283914 0.716086 1
0.00185627 0.998144 1
0.0463762 0.953624 1
0.00603889 0.993961 1
0.128902 0.871099 1
0.0265258 0.973474 1
0.0519115 0.948089 1
0.439634 0.560366 1
0.00738214 0.992618 1
0.0043633 0.995637 1
0.0249528 0.975047 1
0.836812 0.163188 1
0.00891673 0.991083 1
0.0373663 0.962634 1
0.00376058 0.996239 1
0.753211 0.246789 1
0.0237279 0.976272 1
0.125432 0.874568 1
0.00892952 0.991071 1
0.00714623 0.992854 1
0.0411659 0.958834 1
0.00304917 0.996951 1
0.00626173 0.993738 1
0.00824189 0.991758 1
0.262983 0.737017 1
0.484241 0.515759 1
0.0346916 0.965308 1
0.0176417 0.982358 1
0.352092 0.647908 1
0.669363 0.330637 1
0.0362535 0.963746 1
0.0733096 0.92669 1
0.00391752 0.996082 1
0.276833 0.723167 1
0.0103529 0.989647 1
0.0138474 0.986153 1
0.00739607 0.992604 1
0.0354384 0.964562 1
0.517868 0.482132 1
0.260352 0.739648 1
0.00942197 0.990578 1
0.00468352 0.995317 1
0.0596523 0.940348 1
0.234189 0.765811 1
0.0123598 0.98764 1
0.417743 0.582257 1
0.0109895 0.989011 1
0.0229901 0.97701 1
0.00204104 0.997959 1
0.00756274 0.992437 1
0.00725756 0.992742 1
0.71058 0.28942 1
0.0104082 0.989592 1
0.0334418 0.966558 1
0.922935 0.0770653 1
0.891546 0.108454 1
0.0185496 0.98145 1
0.0131688 0.986831 1
0.331692 0.668308 1
0.0165073 0.983493 1
0.0147853 0.985215 1
0.0597982 0.940202 1
0.465677 0.534323 1
0.0014741 0.998526 1
0.229831 0.770169 1
0.0341822 0.965818 1
0.0140756 0.985924 1
0.915335 0.0846647 1
0.598308 0.401692 1
0.071957 0.928043 1
0.0239308 0.976069 1
0.0376322 0.962368 1
0.0363057 0.963694 1
0.440407 0.559593 1
0.914582 0.0854184 1
0.0230928 0.976907 1
0.00871131 0.991289 1
0.0705265 0.929474 1
0.642587 0.357413 1
0.0590642 0.940936 1
0.00641905 0.993581 1
0.031281 0.968719 1
0.0101972 0.989803 1
0.667516 0.332484 1
0.238834 0.761166 1
0.0139404 0.98606 1
0.00294347 0.997057 1
0.0656187 0.934381 1
0.159251 0.840749 1
0.175968 0.824032 1
0.00588218 0.994118 1
0.0115599 0.98844 1
0.136093 0.863907 1
0.639459 0.360541 1
0.0524682 0.947532 1
0.0302824 0.969718 1
0.169092 0.830908 1
0.0138212 0.986179 1
0.0766593 0.923341 1
0.0115103 0.98849 1
0.76447 0.23553 1
0.00960754 0.990392 1
0.968568 0.0314318 1
0.44849 0.55151 1
0.0160071 0.983993 1
0.00853147 0.991469 1
0.304299 0.695701 1
0.0415185 0.958481 1
0.0118979 0.988102 1
0.0155653 0.984435 1
0.00777449 0.992226 1
0.0073401 0.99266 1
0.0166569 0.983343 1
0.00467766 0.995322 1
0.279197 0.720803 1
0.00734195 0.992658 1
0.00449713 0.995503 1
0.0185791 0.981421 1
0.379976 0.620024 1
0.142524 0.857476 1
0.012165 0.987835 1
0.00899255 0.991008 1
0.0036508 0.996349 1
0.0519211 0.948079 1
0.00336846 0.996632 1
0.283633 0.716367 1
0.0545509 0.945449 1
0.00554682 0.994453 1
0.844975 0.155025 1
0.00232463 0.997675 1
0.0369749 0.963025 1
0.31093 0.68907 1
0.0157084 0.984292 1
0.13439 0.86561 1
0.190641 0.809359 1
0.289224 0.710776 1
0.860693 0.139307 1
0.00496888 0.995031 1
0.340672 0.659328 1
0.260484 0.739516 1
0.0224355 0.977565 1
0.138627 0.861373 1
0.00599378 0.994006 1
0.0149137 0.985086 1
0.00937998 0.99062 1
0.0134789 0.986521 1
0.0126119 0.987388 1
0.0027406 0.997259 1
0.00961786 0.990382 1
0.96245 0.0375502 1
0.0136839 0.986316 1
0.00570216 0.994298 1
0.765592 0.234408 1
0.198081 0.801919 1
0.420197 0.579803 1
0.0141343 0.985866 1
0.0508615 0.949139 1
0.0166509 0.983349 1
0.032166 0.967834 1
0.528963 0.471037 1
0.0194849 0.980515 1
0.00734224 0.992658 1
0.00957477 0.990425 1
0.511724 0.488276 1
0.0108614 0.989139 1
0.117669 0.882331 1
0.0125709 0.987429 1
0.0266605 0.97334 1
0.00713634 0.992864 1
0.0164281 0.983572 1
0.169464 0.830536 1
0.0744013 0.925599 1
0.0566236 0.943376 1
0.00207167 0.997928 1
0.165315 0.834685 1
0.378952 0.621048 1
0.00931804 0.990682 1
0.0206252 0.979375 1
0.0112384 0.988762 1
0.0237 0.9763 1
0.00634645 0.993654 1
0.328373 0.671627 1
0.00717582 0.992824 1
0.0242132 0.975787 1
0.00937691 0.990623 1
0.0278879 0.972112 1
0.0182694 0.981731 1
0.266423 0.733577 1
0.00847143 0.991529 1
0.00364578 0.996354 1
0.0148301 0.98517 1
0.0159008 0.984099 1
0.00185581 0.998144 1
0.0125962 0.987404 1
0.0133023 0.986698 1
0.955603 0.044397 1
0.00730189 0.992698 1
0.0519689 0.948031 1
0.00473133 0.995269 1
0.120906 0.879094 1
0.147489 0.852511 1
0.0976171 0.902383 1
0.0154157 0.984584 1
0.00506223 0.994938 1
0.00626224 0.993738 1
0.0363095 0.963691 1
0.0109503 0.98905 1
0.00865966 0.99134 1
0.0514574 0.948543 1
0.066051 0.933949 1
0.984779 0.0152209 1
0.00844671 0.991553 1
0.00722253 0.992777 1
0.362945 0.637055 1
0.885082 0.114918 1
0.914671 0.0853294 1
0.0052715 0.994729 1
0.0461985 0.953802 1
0.066678 0.933322 1
0.0237076 0.976292 1
0.494534 0.505466 1
0.013837 0.986163 1
0.0555375 0.944462 1
0.0126575 0.987342 1
0.0193458 0.980654 1
0.0151787 0.984821 1
0.0225537 0.977446 1
0.00566562 0.994334 1
0.0095026 0.990497 1
0.00621962 0.99378 1
0.478541 0.521459 1
0.047422 0.952578 1
0.0065633 0.993437 1
0.311293 0.688707 1
0.0732204 0.92678 1
0.0824867 0.917513 1
0.0179124 0.982088 1
0.0142555 0.985745 1
0.0313804 0.96862 1
0.533146 0.466854 1
0.186739 0.813261 1
0.317164 0.682836 1
0.0123082 0.987692 1
0.0355766 0.964423 1
0.0327482 0.967252 1
0.00272335 0.997277 1
0.245621 0.754379 1
0.048489 0.951511 1
0.59733 0.40267 1
0.441567 0.558433 1
0.275662 0.724338 1
0.0182293 0.981771 1
0.0149827 0.985017 1
0.49264 0.50736 1
0.824918 0.175082 1
0.00219308 0.997807 1
0.193343 0.806657 1
0.0134714 0.986529 1
0.114882 0.885118 1
0.00389497 0.996105 1
0.0137976 0.986202 1
0.196337 0.803663 1
0.147597 0.852403 1
0.00520931 0.994791 1
0.00535733 0.994643 1
0.466916 0.533084 1
0.0644247 0.935575 1
0.0349285 0.965071 1
0.0153401 0.98466 1
0.0197737 0.980226 1
0.0233526 0.976647 1
0.00233383 0.997666 1
0.613746 0.386254 1
0.00325134 0.996749 1
0.00709906 0.992901 1
0.996876 0.00312372 1
0.21 0.79 1
0.00831432 0.991686 1
0.0433715 0.956628 1
0.00817278 0.991827 1
0.0108396 0.98916 1
0.0455378 0.954462 1
0.0749298 0.92507 1
0.40658 0.59342 1
0.0295916 0.970408 1
0.426452 0.573548 1
0.974786 0.0252142 1
0.00371752 0.996283 1
0.00440411 0.995596 1
0.997372 0.0026279 1
0.632713 0.367287 1
0.0203955 0.979604 1
0.678152 0.321848 1
0.00948556 0.990514 1
0.0335838 0.966416 1
0.105889 0.894111 1
0.772343 0.227657 1
0.0211439 0.978856 1
0.026779 0.973221 1
0.0239612 0.976039 1
0.00394498 0.996055 1
0.55145 0.44855 1
0.0128477 0.987152 1
0.00567007 0.99433 1
0.00694211 0.993058 1
0.040463 0.959537 1
0.00900916 0.990991 1
0.988163 0.0118372 1
0.018468 0.981532 1
0.00440198 0.995598 1
0.00865362 0.991346 1
0.0280891 0.971911 1
0.00801672 0.991983 1
0.0136518 0.986348 1
0.00373357 0.996266 1
0.0527508 0.947249 1
0.0058058 0.994194 1
0.108922 0.891078 1
0.0164565 0.983544 1
0.00764793 0.992352 1
0.131906 0.868094 1
0.0121466 0.987853 1
0.0151674 0.984833 1
0.613424 0.386576 1
0.287922 0.712078 1
0.0035151 0.996485 1
0.0297699 0.97023 1
0.877438 0.122562 1
0.107514 0.892486 1
0.980642 0.0193577 1
0.0313232 0.968677 1
0.868875 0.131125 1
0.962724 0.0372762 1
0.0528532 0.947147 1
0.789231 0.210769 1
0.257717 0.742283 1
0.00193825 0.998062 1
0.0631849 0.936815 1
0.888753 0.111247 1
0.0104521 0.989548 1
0.809685 0.190315 1
0.296468 0.703532 1
0.00574572 0.994254 1
0.302584 0.697416 1
0.043827 0.956173 1
0.00441696 0.995583 1
0.00647267 0.993527 1
0.414173 0.585827 1
0.183295 0.816705 1
0.0750263 0.924974 1
0.0357023 0.964298 1
0.0487636 0.951236 1
0.00522535 0.994775 1
0.0342402 0.96576 1
0.562754 0.437246 1
0.0429922 0.957008 1
0.236812 0.763188 1
0.996866 0.00313431 1
0.419255 0.580745 1
0.0458486 0.954151 1
0.923492 0.0765084 1
0.260208 0.739792 1
0.307154 0.692846 1
0.0171079 0.982892 1
0.0761129 0.923887 1
0.0240638 0.975936 1
0.0371775 0.962823 1
0.102157 0.897843 1
0.0052007 0.994799 1
0.0437672 0.956233 1
0.0919041 0.908096 1
0.00454699 0.995453 1
0.0193822 0.980618 1
0.00597 0.99403 1
0.694062 0.305938 1
0.00557477 0.994425 1
0.0310046 0.968995 1
0.53221 0.46779 1
0.986749 0.0132509 1
0.0138806 0.986119 1
0.00665006 0.99335 1
0.521112 0.478888 1
0.0217762 0.978224 1
0.00628827 0.993712 1
0.0175256 0.982474 1
0.554972 0.445028 1
0.577757 0.422243 1
0.00741031 0.99259 1
0.00680298 0.993197 1
0.0419184 0.958082 1
0.00986019 0.99014 1
0.00853337 0.991467 1
0.00341386 0.996586 1
0.0250516 0.974948 1
0.0599991 0.940001 1
0.0533796 0.94662 1
0.0297049 0.970295 1
0.0244464 0.975554 1
0.739817 0.260183 1
0.155101 0.844899 1
0.071062 0.928938 1
0.00987931 0.990121 1
0.00564111 0.994359 1
0.00618785 0.993812 1
0.00259458 0.997405 1
0.0196392 0.980361 1
0.0344627 0.965537 1
0.00510077 0.994899 1
0.0479232 0.952077 1
0.0059652 0.994035 1
0.00358647 0.996414 1
0.00550024 0.9945 1
0.00497492 0.995025 1
0.00740736 0.992593 1
0.0403749 0.959625 1
0.0432139 0.956786 1
0.679228 0.320772 1
0.0683676 0.931632 1
0.0510277 0.948972 1
0.0489369 0.951063 1
0.0196573 0.980343 1
0.00752478 0.992475 1
0.0107125 0.989287 1
0.22999 0.77001 1
0.0458382 0.954162 1
0.0058099 0.99419 1
0.0114407 0.988559 1
0.0584416 0.941558 1
0.233242 0.766758 1
0.00797629 0.992024 1
0.00574664 0.994253 1
0.0430496 0.95695 1
0.154654 0.845346 1
0.186198 0.813802 1
0.0440086 0.955991 1
0.00474793 0.995252 1
0.476105 0.523895 1
0.168083 0.831917 1
0.0925108 0.907489 1
0.673314 0.326686 1
0.0709066 0.929093 1
0.0238154 0.976185 1
0.00406216 0.995938 1
0.531777 0.468223 1
0.00901882 0.990981 1
0.0123113 0.987689 1
0.00362455 0.996375 1
0.0576057 0.942394 1
0.113794 0.886206 1
0.0483886 0.951611 1
0.00921876 0.990781 1
0.0126043 0.987396 1
0.0232259 0.976774 1
0.422017 0.577983 1
0.951604 0.048396 1
0.0549692 0.945031 1
0.0768566 0.923143 1
0.0526778 0.947322 1
0.018701 0.981299 1
0.553656 0.446344 1
0.0670279 0.932972 1
0.292846 0.707154 1
0.0162242 0.983776 1
0.810319 0.189681 1
0.138661 0.861339 1
0.0428619 0.957138 1
0.0115679 0.988432 1
0.00303776 0.996962 1
0.0189649 0.981035 1
0.00317111 0.996829 1
0.00772849 0.992272 1
0.00304182 0.996958 1
0.00507224 0.994928 1
0.00299962 0.997 1
0.00533231 0.994668 1
0.0793479 0.920652 1
0.00662655 0.993374 1
0.0151001 0.9849 1
0.0166733 0.983327 1
0.79634 0.20366 1
0.0071422 0.992858 1
0.00875312 0.991247 1
0.354874 0.645126 1
0.0264479 0.973552 1
0.103306 0.896694 1
0.0171288 0.982871 1
0.96118 0.0388204 1
0.0281315 0.971869 1
0.00597797 0.994022 1
0.84681 0.15319 1
0.175978 0.824022 1
0.0322423 0.967758 1
0.551041 0.448959 1
0.0848334 0.915167 1
0.159094 0.840906 1
0.0766506 0.923349 1
0.0612628 0.938737 1
0.0121881 0.987812 1
0.0173821 0.982618 1
0.0340685 0.965931 1
0.0167887 0.983211 1
0.546414 0.453586 1
0.811466 0.188534 1
0.0267102 0.97329 1
0.0396783 0.960322 1
0.0310875 0.968912 1
0.0566828 0.943317 1
0.0173689 0.982631 1
0.162377 0.837623 1
0.95414 0.0458604 1
0.667575 0.332425 1
0.107034 0.892966 1
0.250659 0.749341 1
0.0614206 0.938579 1
0.281847 0.718153 1
0.0127554 0.987245 1
0.00564393 0.994356 1
0.0596099 0.94039 1
0.0386207 0.961379 1
0.00895286 0.991047 1
0.644971 0.355029 1
0.00931696 0.990683 1
0.00767818 0.992322 1
0.0656802 0.93432 1
0.539108 0.460892 1
0.00348969 0.99651 1
0.985432 0.0145684 1
0.00485609 0.995144 1
0.00832285 0.991677 1
0.667661 0.332339 1
0.00717592 0.992824 1
0.0429931 0.957007 1
