0.994225 0.00577541 0
0.998415 0.00158501 0
0.919331 0.0806692 0
0.990927 0.00907269 0
0.63381 0.36619 0
0.987345 0.012655 0
0.825248 0.174752 0
0.987484 0.012516 0
0.933964 0.0660364 0
0.848486 0.151514 0
0.940946 0.0590538 0
0.96082 0.03918 0
0.983775 0.0162248 0
0.842633 0.157367 0
0.937752 0.0622482 0
0.629289 0.370711 0
0.056095 0.943905 0
0.990748 0.00925226 0
0.116111 0.883889 0
0.976831 0.0231687 0
0.996307 0.0036926 0
0.996497 0.00350315 0
0.994683 0.00531664 0
0.945295 0.0547049 0
0.937276 0.0627236 0
0.955093 0.0449071 0
0.996165 0.00383471 0
0.912493 0.0875075 0
0.980766 0.0192339 0
0.982713 0.0172871 0
0.987189 0.0128114 0
0.530381 0.469619 0
0.970913 0.0290871 0
0.987978 0.0120218 0
0.890926 0.109074 0
0.994802 0.00519766 0
0.928244 0.0717557 0
0.699778 0.300222 0
0.992062 0.0079382 0
0.993759 0.00624111 0
0.979765 0.0202354 0
0.943921 0.056079 0
0.905826 0.0941742 0
0.626568 0.373432 0
0.987022 0.0129785 0
0.996372 0.00362762 0
0.971104 0.0288963 0
0.960394 0.0396059 0
0.999148 0.000852455 0
0.797075 0.202925 0
0.937883 0.0621173 0
0.980353 0.0196469 0
0.97192 0.0280799 0
0.997296 0.00270404 0
0.683864 0.316136 0
0.988317 0.0116831 0
0.998758 0.00124228 0
0.757199 0.242801 0
0.98063 0.0193704 0
0.128769 0.87123 0
0.444269 0.555731 0
0.910368 0.0896318 0
0.48959 0.51041 0
0.99228 0.00771956 0
0.656937 0.343063 0
0.994626 0.00537364 0
0.525188 0.474812 0
0.998202 0.00179787 0
0.958272 0.0417282 0
0.96635 0.0336495 0
0.997936 0.00206393 0
0.957954 0.0420456 0
0.988019 0.0119812 0
0.973224 0.0267759 0
0.297596 0.702404 0
0.983174 0.0168261 0
0.997007 0.00299318 0
0.988704 0.0112964 0
0.999372 0.000627754 0
0.959777 0.0402229 0
0.976097 0.0239031 0
0.983899 0.016101 0
0.997868 0.0021323 0
0.939549 0.0604514 0
0.778477 0.221523 0
0.998314 0.00168627 0
0.907984 0.092016 0
0.997515 0.00248499 0
0.986335 0.0136649 0
0.978381 0.0216188 0
0.96485 0.0351501 0
0.999392 0.000607958 0
0.993456 0.00654408 0
0.962853 0.0371469 0
0.984266 0.0157342 0
0.946034 0.0539659 0
0.998485 0.00151506 0
0.75831 0.24169 0
0.974497 0.0255034 0
0.996579 0.00342051 0
0.0433196 0.95668 0
0.969534 0.0304659 0
0.995958 0.00404165 0
0.995369 0.00463118 0
0.997136 0.0028641 0
0.755792 0.244208 0
0.541743 0.458257 0
0.949343 0.0506574 0
0.950024 0.0499761 0
0.985842 0.0141578 0
0.976147 0.0238531 0
0.997102 0.00289756 0
0.528158 0.471842 0
0.998227 0.00177294 0
0.995465 0.00453479 0
0.996394 0.00360636 0
0.249055 0.750945 0
0.403678 0.596322 0
0.838964 0.161036 0
0.275532 0.724468 0
0.987293 0.0127068 0
0.787634 0.212366 0
0.974611 0.0253895 0
0.992066 0.00793356 0
0.991344 0.00865594 0
0.990235 0.00976531 0
0.86951 0.13049 0
0.996674 0.00332622 0
0.903351 0.0966486 0
0.990967 0.00903254 0
0.0141746 0.985825 0
0.81257 0.18743 0
0.996219 0.0037815 0
0.983468 0.0165321 0
0.999447 0.000553354 0
0.99915 0.000849958 0
0.970042 0.0299583 0
0.997751 0.00224925 0
0.996076 0.00392431 0
0.943548 0.0564521 0
0.987602 0.0123978 0
0.771626 0.228374 0
0.983444 0.0165562 0
0.984182 0.0158184 0
0.986565 0.0134348 0
0.959943 0.0400568 0
0.994401 0.00559874 0
0.985946 0.0140542 0
0.983339 0.0166605 0
0.443577 0.556423 0
0.984886 0.0151138 0
0.988741 0.0112588 0
0.993709 0.00629142 0
0.946851 0.0531492 0
0.278098 0.721902 0
0.954635 0.0453648 0
0.695779 0.304221 0
0.508927 0.491073 0
0.757058 0.242942 0
0.955327 0.0446734 0
0.922664 0.0773364 0
0.921346 0.078654 0
0.999369 0.000630562 0
0.989933 0.0100671 0
0.400614 0.599386 0
0.97167 0.0283295 0
0.869367 0.130633 0
0.994822 0.00517849 0
0.997462 0.00253809 0
0.987005 0.0129946 0
0.997994 0.00200613 0
0.71762 0.28238 0
0.0968315 0.903168 0
0.902079 0.0979206 0
0.983841 0.0161585 0
0.954337 0.0456625 0
0.338644 0.661356 0
0.998454 0.00154592 0
0.98553 0.0144695 0
0.989764 0.0102355 0
0.979845 0.0201553 0
0.998524 0.0014762 0
0.996931 0.00306865 0
0.877557 0.122443 0
0.685894 0.314106 0
0.268514 0.731486 0
0.998567 0.00143287 0
0.038572 0.961428 0
0.812381 0.187619 0
0.958925 0.0410752 0
0.995729 0.00427066 0
0.985151 0.0148491 0
0.957167 0.0428326 0
0.981528 0.0184718 0
0.99769 0.00231011 0
0.999163 0.000836593 0
0.993711 0.00628867 0
0.947267 0.0527327 0
0.990266 0.00973379 0
0.921659 0.0783407 0
0.720342 0.279658 0
0.997191 0.00280889 0
0.962251 0.0377489 0
0.996366 0.00363408 0
0.709742 0.290258 0
0.992093 0.00790686 0
0.997016 0.00298441 0
0.987129 0.0128712 0
0.965572 0.0344282 0
0.665341 0.334659 0
0.503251 0.496749 0
0.0606017 0.939398 0
0.996463 0.00353652 0
0.835486 0.164514 0
0.873352 0.126648 0
0.98796 0.0120399 0
0.0904108 0.909589 0
0.959308 0.0406919 0
0.977465 0.0225352 0
0.931062 0.068938 0
0.998703 0.00129665 0
0.99671 0.00329023 0
0.999029 0.00097138 0
0.854896 0.145104 0
0.975695 0.024305 0
0.942082 0.0579182 0
0.261593 0.738407 0
0.966327 0.0336732 0
0.874091 0.125909 0
0.975217 0.0247834 0
0.827331 0.172669 0
0.889862 0.110138 0
0.942475 0.0575246 0
0.998713 0.00128741 0
0.979526 0.0204745 0
0.996585 0.00341459 0
0.993948 0.006052 0
0.952717 0.0472829 0
0.998411 0.00158934 0
0.992431 0.00756956 0
0.610142 0.389858 0
0.969506 0.0304939 0
0.85769 0.14231 0
0.998013 0.00198648 0
0.944845 0.055155 0
0.99626 0.00374047 0
0.951015 0.048985 0
0.986734 0.0132659 0
0.789965 0.210035 0
0.978902 0.0210979 0
0.974693 0.0253072 0
0.996041 0.00395857 0
0.887063 0.112937 0
0.978404 0.021596 0
0.148494 0.851505 0
0.915252 0.0847477 0
0.995609 0.00439091 0
0.276747 0.723253 0
0.233573 0.766427 0
0.985205 0.0147951 0
0.835109 0.164891 0
0.297316 0.702684 0
0.998951 0.00104941 0
0.944262 0.0557379 0
0.995043 0.00495671 0
0.900237 0.0997633 0
0.977396 0.0226041 0
0.994989 0.00501074 0
0.775733 0.224267 0
0.998246 0.00175423 0
0.98263 0.0173703 0
0.816027 0.183973 0
0.995016 0.00498378 0
0.979364 0.0206362 0
0.994046 0.00595392 0
0.995202 0.0047976 0
0.986818 0.0131816 0
0.998397 0.00160312 0
0.987391 0.012609 0
0.408021 0.591979 0
0.969423 0.0305766 0
0.960419 0.0395807 0
0.992456 0.00754352 0
0.998587 0.00141261 0
0.561227 0.438773 0
0.985103 0.0148967 0
0.99782 0.00218029 0
0.996743 0.00325684 0
0.991606 0.00839401 0
0.866142 0.133858 0
0.149207 0.850793 0
0.994533 0.00546744 0
0.851019 0.148981 0
0.890496 0.109504 0
0.987919 0.0120813 0
0.996585 0.00341494 0
0.997423 0.00257666 0
0.8734 0.1266 0
0.990699 0.00930153 0
0.997655 0.00234472 0
0.947243 0.0527566 0
0.87729 0.12271 0
0.9925 0.00749948 0
0.995337 0.00466332 0
0.894347 0.105653 0
0.923453 0.0765465 0
0.156745 0.843255 0
0.991698 0.00830237 0
0.998978 0.00102207 0
0.995625 0.00437509 0
0.994002 0.00599754 0
0.841512 0.158488 0
0.994534 0.00546548 0
0.972003 0.0279973 0
0.983784 0.0162159 0
0.983782 0.0162178 0
0.953852 0.0461482 0
0.85473 0.14527 0
0.980801 0.019199 0
0.992333 0.00766665 0
0.972358 0.0276422 0
0.925935 0.0740649 0
0.9814 0.0185997 0
0.988491 0.0115088 0
0.328982 0.671018 0
0.969903 0.0300966 0
0.971708 0.0282919 0
0.968328 0.0316719 0
0.990253 0.00974672 0
0.726876 0.273124 0
0.994379 0.00562125 0
0.988267 0.0117329 0
0.945069 0.0549307 0
0.988883 0.011117 0
0.955463 0.0445369 0
0.997357 0.00264282 0
0.915253 0.0847465 0
0.996435 0.00356498 0
0.614196 0.385804 0
0.288707 0.711293 0
0.974846 0.0251542 0
0.984539 0.0154615 0
0.998654 0.00134622 0
0.996199 0.00380089 0
0.978998 0.021002 0
0.991634 0.0083658 0
0.992769 0.00723126 0
0.731025 0.268975 0
0.965453 0.0345465 0
0.95896 0.0410402 0
0.595598 0.404402 0
0.137681 0.862318 0
0.998113 0.00188686 0
0.998019 0.00198079 0
0.980964 0.0190362 0
0.851025 0.148975 0
0.998379 0.00162126 0
0.99554 0.00445954 0
0.995503 0.004497 0
0.934172 0.0658279 0
0.835668 0.164332 0
0.998217 0.00178327 0
0.871141 0.128859 0
0.994137 0.00586293 0
0.990578 0.00942199 0
0.815061 0.184939 0
0.976142 0.0238582 0
0.998219 0.00178091 0
0.938021 0.0619787 0
0.974867 0.0251333 0
0.986496 0.0135041 0
0.991809 0.00819141 0
0.989847 0.0101534 0
0.244111 0.755889 0
0.970142 0.0298582 0
0.995368 0.00463217 0
0.991383 0.0086174 0
0.986309 0.0136913 0
0.965443 0.0345566 0
0.95216 0.0478395 0
0.992117 0.00788318 0
0.996556 0.00344437 0
0.918162 0.0818375 0
0.915482 0.0845178 0
0.998052 0.00194771 0
0.9739 0.0260995 0
0.916981 0.0830195 0
0.992352 0.00764761 0
0.0187349 0.981265 0
0.998447 0.00155333 0
0.104324 0.895676 0
0.984066 0.015934 0
0.963154 0.0368463 0
0.996395 0.00360534 0
0.998347 0.00165317 0
0.99186 0.00814035 0
0.999255 0.000745453 0
0.99608 0.00392037 0
0.996462 0.00353823 0
0.919596 0.0804037 0
0.907219 0.0927814 0
0.909457 0.0905434 0
0.995703 0.00429656 0
0.989309 0.0106909 0
0.994886 0.00511388 0
0.972122 0.0278777 0
0.981073 0.0189269 0
0.994906 0.00509428 0
0.768498 0.231502 0
0.996386 0.00361412 0
0.985696 0.0143038 0
0.849755 0.150245 0
0.996728 0.00327166 0
0.901744 0.0982556 0
0.585915 0.414085 0
0.127936 0.872064 0
0.981223 0.0187769 0
0.777271 0.222729 0
0.988503 0.0114975 0
0.960538 0.0394623 0
0.990579 0.00942079 0
0.993336 0.00666417 0
0.980081 0.019919 0
0.974428 0.0255716 0
0.910453 0.0895465 0
0.571388 0.428612 0
0.356502 0.643498 0
0.988431 0.0115692 0
0.884945 0.115055 0
0.928229 0.0717711 0
0.162847 0.837153 0
0.915018 0.0849825 0
0.0120555 0.987944 0
0.409047 0.590953 0
0.993783 0.00621736 0
0.996051 0.00394852 0
0.967382 0.0326179 0
0.976734 0.0232656 0
0.874561 0.125439 0
0.985412 0.0145878 0
0.984185 0.0158149 0
0.876624 0.123376 0
0.973669 0.0263309 0
0.998166 0.0018337 0
0.533444 0.466556 0
0.873603 0.126397 0
0.98766 0.0123397 0
0.987489 0.0125108 0
0.996272 0.00372836 0
0.991358 0.00864222 0
0.992583 0.0074173 0
0.996907 0.00309268 0
0.536001 0.463999 0
0.99165 0.00834969 0
0.996248 0.00375155 0
0.997506 0.00249388 0
0.988157 0.0118433 0
0.998851 0.00114864 0
0.984175 0.0158251 0
0.995211 0.00478872 0
0.909547 0.0904534 0
0.9966 0.00340042 0
0.995938 0.00406224 0
0.622134 0.377866 0
0.996156 0.00384431 0
0.920839 0.0791607 0
0.502883 0.497117 0
0.997547 0.00245256 0
0.964251 0.0357493 0
0.981022 0.0189775 0
0.353184 0.646816 0
0.315678 0.684322 0
0.983539 0.016461 0
0.996034 0.00396597 0
0.972388 0.0276118 0
0.975102 0.024898 0
0.66104 0.33896 0
0.778883 0.221117 0
0.934125 0.0658752 0
0.987099 0.0129012 0
0.97553 0.0244695 0
0.0285313 0.971469 0
0.996501 0.00349857 0
0.992222 0.00777788 0
0.985019 0.0149811 0
0.509352 0.490648 0
0.906773 0.0932272 0
0.334763 0.665237 0
0.874936 0.125064 0
0.995199 0.00480074 0
0.982779 0.0172211 0
0.987597 0.0124032 0
0.982996 0.0170038 0
0.997639 0.00236069 0
0.986093 0.0139067 0
0.258413 0.741587 0
0.983646 0.0163544 0
0.996517 0.00348314 0
0.991855 0.00814511 0
0.20735 0.79265 0
0.973745 0.0262547 0
0.991274 0.00872596 0
0.951253 0.0487474 0
0.99464 0.0053605 0
0.873162 0.126838 0
0.996915 0.0030854 0
0.998364 0.00163606 0
0.994043 0.00595718 0
0.997449 0.00255139 0
0.997621 0.00237933 0
0.931971 0.0680291 0
0.942844 0.0571558 0
0.98726 0.0127398 0
0.978842 0.0211574 0
0.984242 0.0157584 0
0.997659 0.00234098 0
0.91584 0.0841604 0
0.215195 0.784805 0
0.9991 0.000899731 0
0.768425 0.231575 0
0.996032 0.00396761 0
0.917608 0.0823923 0
0.941282 0.0587177 0
0.994979 0.00502077 0
0.455451 0.54455 0
0.989931 0.0100687 0
0.99163 0.0083702 0
0.996679 0.00332131 0
0.983843 0.0161572 0
0.799796 0.200204 0
0.995797 0.00420336 0
0.984853 0.0151473 0
0.967058 0.0329422 0
0.99835 0.00165032 0
0.908694 0.0913064 0
0.939649 0.0603514 0
0.989533 0.0104669 0
0.996731 0.00326936 0
0.996755 0.00324462 0
0.850348 0.149652 0
0.47846 0.52154 0
0.640151 0.359849 0
0.983437 0.0165626 0
0.977145 0.0228547 0
0.993409 0.00659126 0
0.936688 0.0633117 0
0.986114 0.0138857 0
0.812244 0.187756 0
0.902002 0.0979982 0
0.442025 0.557975 0
0.998915 0.00108505 0
0.982816 0.0171837 0
0.0178024 0.982198 0
0.426167 0.573833 0
0.992838 0.0071619 0
0.997191 0.0028088 0
0.998535 0.00146546 0
0.811429 0.188571 0
0.948069 0.0519314 0
0.96765 0.0323501 0
0.995416 0.00458442 0
0.401681 0.598319 0
0.996602 0.00339786 0
0.988036 0.0119638 0
0.987592 0.012408 0
0.979043 0.0209573 0
0.147454 0.852546 0
0.945471 0.0545294 0
0.994565 0.00543473 0
0.982077 0.0179233 0
0.992379 0.00762103 0
0.964114 0.035886 0
0.873188 0.126812 0
0.982713 0.0172867 0
0.996836 0.00316423 0
0.974563 0.0254365 0
0.978244 0.0217564 0
0.983037 0.0169629 0
0.9748 0.0251999 0
0.964199 0.0358009 0
0.79953 0.20047 0
0.993309 0.0066912 0
0.973544 0.026456 0
0.990202 0.00979843 0
0.728612 0.271388 0
0.879099 0.120901 0
0.989658 0.0103419 0
0.988593 0.0114073 0
0.994744 0.00525647 0
0.209531 0.790469 0
0.129771 0.870229 0
0.547101 0.452899 0
0.999716 0.000284258 0
0.998189 0.00181063 0
0.92523 0.0747698 0
0.974153 0.0258466 0
0.982109 0.0178913 0
0.865011 0.134989 0
0.98019 0.0198103 0
0.979921 0.0200787 0
0.999656 0.000343604 0
0.982436 0.0175645 0
0.0455478 0.954452 0
0.0415353 0.958465 0
0.927717 0.0722827 0
0.962322 0.0376785 0
0.998953 0.00104716 0
0.97358 0.0264202 0
0.992713 0.00728658 0
0.993181 0.00681936 0
0.998128 0.00187242 0
0.998114 0.00188574 0
0.628909 0.371091 0
0.291074 0.708926 0
0.899798 0.100202 0
0.320187 0.679813 0
0.766686 0.233314 0
0.966182 0.0338179 0
0.938182 0.0618179 0
0.950102 0.0498979 0
0.86746 0.13254 0
0.994803 0.00519707 0
0.640766 0.359234 0
0.815238 0.184762 0
0.067837 0.932163 0
0.998327 0.00167275 0
0.79303 0.20697 0
0.996005 0.00399483 0
0.0862215 0.913778 0
0.994146 0.00585433 0
0.9939 0.00610016 0
0.381317 0.618683 0
0.999049 0.000951503 0
0.866364 0.133636 0
0.820225 0.179775 0
0.939658 0.060342 0
0.99774 0.00226038 0
0.827245 0.172755 0
0.715069 0.284932 0
0.966339 0.0336611 0
0.99656 0.00344032 0
0.816764 0.183236 0
0.983567 0.0164332 0
0.993718 0.00628194 0
0.986762 0.0132379 0
0.952395 0.0476054 0
0.989083 0.0109174 0
0.986898 0.0131019 0
0.998667 0.001333 0
0.995031 0.00496951 0
0.983663 0.0163374 0
0.998358 0.00164163 0
0.989847 0.0101525 0
0.99484 0.00516031 0
0.965846 0.0341541 0
0.942879 0.0571208 0
0.265534 0.734466 0
0.947919 0.0520814 0
0.996523 0.00347752 0
0.306112 0.693888 0
0.99085 0.00915008 0
0.933155 0.0668453 0
0.996711 0.0032894 0
0.991592 0.00840795 0
0.964082 0.0359176 0
0.393166 0.606834 0
0.267526 0.732474 0
0.992967 0.00703307 0
0.939896 0.0601038 0
0.984942 0.015058 0
0.866765 0.133235 0
0.993067 0.0069334 0
0.616769 0.38323 0
0.898077 0.101923 0
0.996345 0.00365552 0
0.951742 0.0482577 0
0.904414 0.0955855 0
0.97342 0.0265799 0
0.99335 0.00664961 0
0.740336 0.259664 0
0.9717 0.0283 0
0.140416 0.859584 0
0.881405 0.118595 0
0.484279 0.515721 0
0.991085 0.00891457 0
0.958098 0.0419019 0
0.987534 0.0124661 0
0.818941 0.181059 0
0.979939 0.0200611 0
0.973406 0.0265938 0
0.972185 0.0278146 0
0.831757 0.168243 0
0.998019 0.00198136 0
0.997654 0.00234567 0
0.991768 0.00823248 0
0.856987 0.143013 0
0.973785 0.0262151 0
0.992173 0.00782726 0
0.997773 0.00222711 0
0.967992 0.0320085 0
0.626449 0.373551 0
0.998688 0.00131172 0
0.854589 0.145411 0
0.996359 0.00364064 0
0.988916 0.0110841 0
0.780104 0.219897 0
0.996877 0.00312267 0
0.995369 0.00463062 0
0.907189 0.0928105 0
0.987147 0.0128534 0
0.858743 0.141257 0
0.973783 0.0262174 0
0.771249 0.228751 0
0.993327 0.00667336 0
0.835347 0.164653 0
0.910564 0.0894362 0
0.685617 0.314383 0
0.990362 0.00963845 0
0.997057 0.00294337 0
0.928074 0.0719257 0
0.992201 0.0077995 0
0.996506 0.0034944 0
0.996604 0.00339611 0
0.94339 0.0566102 0
0.0924962 0.907504 0
0.99565 0.00434979 0
0.998091 0.00190865 0
0.545389 0.454611 0
0.988823 0.0111771 0
0.992919 0.00708134 0
0.997372 0.00262805 0
0.950058 0.0499424 0
0.780926 0.219074 0
0.998324 0.00167583 0
0.999557 0.00044283 0
0.376449 0.623551 0
0.92065 0.0793504 0
0.361929 0.638071 0
0.993803 0.00619681 0
0.954327 0.0456727 0
0.970333 0.0296666 0
0.792668 0.207332 0
0.95048 0.04952 0
0.769924 0.230076 0
0.762378 0.237622 0
0.930701 0.0692985 0
0.180046 0.819954 0
0.994578 0.00542191 0
0.985654 0.0143461 0
0.972613 0.0273872 0
0.967618 0.0323825 0
0.964515 0.0354846 0
0.37971 0.62029 0
0.604157 0.395843 0
0.994351 0.00564885 0
0.993581 0.00641883 0
0.621695 0.378305 0
0.965967 0.0340327 0
0.974868 0.0251316 0
0.994815 0.00518543 0
0.623389 0.376611 0
0.99181 0.00819019 0
0.995681 0.00431922 0
0.973348 0.0266519 0
0.312126 0.687874 0
0.968779 0.0312209 0
0.985023 0.0149767 0
0.982794 0.0172063 0
0.968633 0.0313669 0
0.977305 0.0226946 0
0.708394 0.291607 0
0.980457 0.0195433 0
0.960271 0.0397294 0
0.990025 0.00997519 0
0.982242 0.0177584 0
0.994079 0.00592121 0
0.999228 0.000772037 0
0.986376 0.0136239 0
0.947864 0.0521358 0
0.0824753 0.917525 0
0.268844 0.731156 0
0.952945 0.0470546 0
0.967534 0.0324659 0
0.997625 0.00237515 0
0.980228 0.0197719 0
0.739202 0.260798 0
0.119353 0.880647 0
0.953407 0.0465932 0
0.635171 0.364829 0
0.988597 0.0114031 0
0.761219 0.238781 0
0.990072 0.00992754 0
0.914921 0.0850791 0
0.993432 0.00656795 0
0.947005 0.052995 0
0.986502 0.0134981 0
0.997837 0.00216321 0
0.997539 0.00246135 0
0.931134 0.0688657 0
0.994774 0.0052257 0
0.558193 0.441807 0
0.73453 0.26547 0
0.97514 0.0248597 0
0.581652 0.418348 0
0.99821 0.00178978 0
0.995328 0.00467175 0
0.976515 0.0234847 0
0.97584 0.0241596 0
0.813413 0.186587 0
0.993253 0.00674711 0
0.994646 0.00535354 0
0.999185 0.000815469 0
0.990373 0.00962711 0
0.958063 0.0419371 0
0.923467 0.0765334 0
0.944194 0.0558062 0
0.996289 0.00371046 0
0.974254 0.0257464 0
0.972469 0.027531 0
0.971196 0.0288045 0
0.984524 0.0154757 0
0.995149 0.00485069 0
0.95884 0.0411605 0
0.244277 0.755723 0
0.969861 0.030139 0
0.849906 0.150094 0
0.861999 0.138001 0
0.716438 0.283562 0
0.616829 0.383171 0
0.846978 0.153022 0
0.949347 0.0506525 0
0.988297 0.0117027 0
0.985812 0.0141883 0
0.982928 0.0170722 0
0.883313 0.116687 0
0.9888 0.0111996 0
0.999086 0.000913981 0
0.997507 0.00249352 0
0.837904 0.162096 0
0.902331 0.0976693 0
0.929621 0.0703795 0
0.906227 0.0937727 0
0.998557 0.00144287 0
0.75158 0.24842 0
0.998219 0.0017805 0
0.977627 0.0223728 0
0.956541 0.0434588 0
0.140203 0.859797 0
0.955317 0.0446833 0
0.86154 0.13846 0
0.997918 0.00208224 0
0.103093 0.896907 0
0.992958 0.00704229 0
0.945623 0.0543774 0
0.978742 0.0212579 0
0.989951 0.0100491 0
0.997639 0.00236107 0
0.625165 0.374835 0
0.940014 0.0599862 0
0.984925 0.0150751 0
0.982583 0.0174165 0
0.763303 0.236697 0
0.994496 0.00550443 0
0.827647 0.172353 0
0.912888 0.0871121 0
0.933371 0.0666287 0
0.990852 0.00914804 0
0.877397 0.122603 0
0.966338 0.0336616 0
0.928306 0.0716942 0
0.881659 0.118341 0
0.968045 0.0319549 0
0.983391 0.0166087 0
0.530865 0.469135 0
0.985688 0.0143118 0
0.656768 0.343232 0
0.938455 0.0615449 0
0.986331 0.0136691 0
0.892644 0.107356 0
0.938844 0.0611557 0
0.996325 0.00367464 0
0.973184 0.0268156 0
0.989463 0.0105366 0
0.817682 0.182318 0
0.570491 0.429509 0
0.998713 0.00128743 0
0.28478 0.71522 0
0.993591 0.00640895 0
0.90768 0.0923202 0
0.917835 0.0821653 0
0.996621 0.00337879 0
0.999365 0.000635244 0
0.953436 0.0465641 0
0.392308 0.607692 0
0.922983 0.0770168 0
0.834973 0.165027 0
0.994045 0.00595513 0
0.990818 0.00918171 0
0.944125 0.0558752 0
0.240597 0.759403 0
0.986786 0.0132138 0
0.934293 0.0657074 0
0.972311 0.0276895 0
0.935543 0.0644573 0
0.999188 0.000812406 0
0.997448 0.00255246 0
0.992751 0.00724916 0
0.792499 0.207501 0
0.985955 0.0140454 0
0.871022 0.128978 0
0.989533 0.0104669 0
0.986208 0.0137922 0
0.998767 0.00123326 0
0.908043 0.0919568 0
0.999677 0.000322616 0
0.999065 0.000934856 0
0.951622 0.0483782 0
0.990192 0.00980802 0
0.964055 0.0359451 0
0.971975 0.0280253 0
0.998781 0.00121888 0
0.993177 0.00682327 0
0.51199 0.48801 0
0.983894 0.0161061 0
0.932982 0.0670179 0
0.950122 0.0498784 0
0.984968 0.0150318 0
0.993964 0.00603632 0
0.993499 0.00650112 0
0.982235 0.0177652 0
0.98184 0.0181602 0
0.99248 0.00752002 0
0.988982 0.0110176 0
0.988707 0.0112933 0
0.998362 0.00163775 0
0.997492 0.00250799 0
0.935223 0.0647766 0
0.998291 0.00170933 0
0.531757 0.468243 0
0.557629 0.442371 0
0.997528 0.00247178 0
0.977813 0.0221869 0
0.995791 0.00420913 0
0.555667 0.444333 0
0.98414 0.0158602 0
0.763467 0.236533 0
0.992591 0.00740911 0
0.810655 0.189344 0
0.994111 0.00588912 0
0.99666 0.00333952 0
0.997055 0.00294496 0
0.938134 0.0618656 0
0.999472 0.000527965 0
0.994845 0.00515511 0
0.987356 0.0126439 0
0.998239 0.00176071 0
0.945311 0.0546895 0
0.991645 0.00835542 0
0.997037 0.00296259 0
0.974583 0.0254171 0
0.977274 0.0227263 0
0.998 0.00199951 0
0.950769 0.0492309 0
0.493739 0.506261 0
0.960525 0.0394746 0
0.903413 0.0965868 0
0.98356 0.0164402 0
0.839311 0.16069 0
0.991754 0.00824619 0
0.978525 0.0214753 0
0.200018 0.799982 0
0.842121 0.157878 0
0.990671 0.00932921 0
0.920894 0.0791062 0
0.905416 0.0945845 0
0.978231 0.0217689 0
0.989686 0.0103143 0
0.998332 0.00166824 0
0.994701 0.00529894 0
0.996988 0.00301228 0
0.726307 0.273693 0
0.0837449 0.916255 0
0.703362 0.296638 0
0.465952 0.534048 0
0.755421 0.244579 0
0.998855 0.00114499 0
0.984592 0.0154084 0
0.987929 0.0120707 0
0.996247 0.00375255 0
0.983381 0.0166192 0
0.975327 0.0246734 0
0.472239 0.527761 0
0.280511 0.719489 0
0.997944 0.00205597 0
0.974145 0.0258546 0
0.247397 0.752603 0
0.986597 0.0134032 0
0.952781 0.0472186 0
0.993471 0.00652859 0
0.941342 0.0586575 0
0.00548074 0.994519 1
0.0281144 0.971886 1
0.157409 0.842591 1
0.0155093 0.984491 1
0.147754 0.852246 1
0.148101 0.851899 1
0.0902792 0.909721 1
0.0162144 0.983786 1
0.679723 0.320277 1
0.323198 0.676802 1
0.0206747 0.979325 1
0.339938 0.660062 1
0.0155986 0.984401 1
0.0960371 0.903963 1
0.0111913 0.988809 1
0.119289 0.880711 1
0.307642 0.692358 1
0.3738 0.6262 1
0.458969 0.541031 1
0.470514 0.529486 1
0.0459369 0.954063 1
0.00695203 0.993048 1
0.213625 0.786375 1
0.0614047 0.938595 1
0.00802095 0.991979 1
0.0352016 0.964798 1
0.0375735 0.962427 1
0.0186566 0.981343 1
0.0398632 0.960137 1
0.0133123 0.986688 1
0.142569 0.857431 1
0.0157906 0.984209 1
0.301957 0.698043 1
0.00529984 0.9947 1
0.0471677 0.952832 1
0.0171738 0.982826 1
0.0162889 0.983711 1
0.0175692 0.982431 1
0.0162375 0.983763 1
0.0241203 0.97588 1
0.0641185 0.935882 1
0.109147 0.890853 1
0.00977358 0.990226 1
0.210019 0.789981 1
0.0130748 0.986925 1
0.0134426 0.986557 1
0.0135362 0.986464 1
0.256616 0.743384 1
0.106948 0.893052 1
0.0503934 0.949607 1
0.0231016 0.976898 1
0.0303659 0.969634 1
0.910333 0.089667 1
0.00754867 0.992451 1
0.767997 0.232003 1
0.0231908 0.976809 1
0.0310918 0.968908 1
0.0966201 0.90338 1
0.448127 0.551873 1
0.0667863 0.933214 1
0.795126 0.204874 1
0.29186 0.70814 1
0.00548217 0.994518 1
0.0212159 0.978784 1
0.0126458 0.987354 1
0.0203305 0.979669 1
0.0151816 0.984818 1
0.0470082 0.952992 1
0.265627 0.734373 1
0.0454275 0.954573 1
0.358814 0.641186 1
0.029492 0.970508 1
0.0198032 0.980197 1
0.0848215 0.915179 1
0.984029 0.0159708 1
0.0876704 0.91233 1
0.00999207 0.990008 1
0.0724301 0.92757 1
0.00372836 0.996272 1
0.00719924 0.992801 1
0.0102351 0.989765 1
0.562894 0.437106 1
0.775271 0.224729 1
0.00543161 0.994568 1
0.607976 0.392024 1
0.0727195 0.927281 1
0.136665 0.863335 1
0.0212517 0.978748 1
0.0624548 0.937545 1
0.266481 0.733519 1
0.0151367 0.984863 1
0.00653951 0.993461 1
0.0370752 0.962925 1
0.141058 0.858942 1
0.0190556 0.980944 1
0.0253806 0.974619 1
0.0106486 0.989351 1
0.558432 0.441569 1
0.293416 0.706584 1
0.475888 0.524112 1
0.0189565 0.981044 1
0.0292568 0.970743 1
0.695091 0.304909 1
0.0107351 0.989265 1
0.0143967 0.985603 1
0.272587 0.727413 1
0.0314701 0.96853 1
0.179383 0.820617 1
0.0276792 0.972321 1
0.0299557 0.970044 1
0.0134955 0.986504 1
0.0186015 0.981399 1
0.237592 0.762408 1
0.00600502 0.993995 1
0.0383295 0.961671 1
0.0239498 0.97605 1
0.459038 0.540962 1
0.00809065 0.991909 1
0.0118033 0.988197 1
0.0477806 0.952219 1
0.185895 0.814105 1
0.512269 0.487731 1
0.0612424 0.938758 1
0.63624 0.36376 1
0.0283974 0.971603 1
0.503322 0.496678 1
0.98848 0.0115204 1
0.00574286 0.994257 1
0.0102303 0.98977 1
0.0738358 0.926164 1
0.00512857 0.994871 1
0.0240655 0.975935 1
0.0120969 0.987903 1
0.0104923 0.989508 1
0.0154782 0.984522 1
0.0424385 0.957561 1
0.0132323 0.986768 1
0.00501502 0.994985 1
0.0104394 0.989561 1
0.202341 0.797659 1
0.00333258 0.996667 1
0.0800053 0.919995 1
0.109972 0.890028 1
0.654152 0.345848 1
0.0674535 0.932546 1
0.102599 0.897401 1
0.04124 0.95876 1
0.00510997 0.99489 1
0.0504735 0.949526 1
0.243466 0.756535 1
0.00720429 0.992796 1
0.0072519 0.992748 1
0.0191009 0.980899 1
0.0286382 0.971362 1
0.481273 0.518727 1
0.233219 0.766782 1
0.0547912 0.945209 1
0.138906 0.861094 1
0.0461376 0.953862 1
0.144157 0.855843 1
0.00964526 0.990355 1
0.00933579 0.990664 1
0.00777317 0.992227 1
0.0148705 0.985129 1
0.256323 0.743676 1
0.00733457 0.992665 1
0.0844068 0.915593 1
0.858881 0.141119 1
0.23313 0.76687 1
0.0220871 0.977913 1
0.00518692 0.994813 1
0.0285044 0.971496 1
0.339955 0.660045 1
0.0865417 0.913458 1
0.21067 0.78933 1
0.0370301 0.96297 1
0.115817 0.884183 1
0.913193 0.0868068 1
0.00953692 0.990463 1
0.032536 0.967464 1
0.461854 0.538146 1
0.589689 0.410311 1
0.0107825 0.989218 1
0.0111325 0.988867 1
0.322991 0.677009 1
0.13189 0.86811 1
0.127622 0.872378 1
0.847498 0.152502 1
0.020337 0.979663 1
0.53728 0.46272 1
0.056657 0.943343 1
0.210264 0.789737 1
0.300715 0.699285 1
0.0554004 0.9446 1
0.443924 0.556076 1
0.465418 0.534582 1
0.125478 0.874522 1
0.0109997 0.989 1
0.00790155 0.992098 1
0.0474541 0.952546 1
0.045367 0.954633 1
0.0841867 0.915813 1
0.0396154 0.960385 1
0.0151683 0.984832 1
0.119407 0.880593 1
0.00915422 0.990846 1
0.00853018 0.99147 1
0.235419 0.764581 1
0.798173 0.201827 1
0.0241853 0.975815 1
0.00654124 0.993459 1
0.0122841 0.987716 1
0.699807 0.300193 1
0.150154 0.849846 1
0.0295527 0.970447 1
0.00703103 0.992969 1
0.84574 0.15426 1
0.209844 0.790156 1
0.0487454 0.951255 1
0.00357455 0.996425 1
0.0173652 0.982635 1
0.00959967 0.9904 1
0.00536464 0.994635 1
0.799962 0.200038 1
0.00540903 0.994591 1
0.0682532 0.931747 1
0.0113019 0.988698 1
0.928263 0.0717371 1
0.0352422 0.964758 1
0.71714 0.28286 1
0.0349273 0.965073 1
0.110465 0.889535 1
0.292016 0.707984 1
0.0271365 0.972863 1
0.0569497 0.94305 1
0.00941688 0.990583 1
0.0450044 0.954996 1
0.410071 0.589929 1
0.050679 0.949321 1
0.020808 0.979192 1
0.135489 0.86451 1
0.647509 0.352491 1
0.0331687 0.966831 1
0.033833 0.966167 1
0.566446 0.433554 1
0.0471504 0.95285 1
0.0611873 0.938813 1
0.00449864 0.995501 1
0.0128096 0.98719 1
0.00427426 0.995726 1
0.00475508 0.995245 1
0.0562072 0.943793 1
0.165388 0.834612 1
0.0475444 0.952456 1
0.371839 0.628161 1
0.0955579 0.904442 1
0.0196552 0.980345 1
0.132132 0.867868 1
0.205346 0.794654 1
0.992828 0.007172 1
0.00559665 0.994403 1
0.097408 0.902592 1
0.549892 0.450108 1
0.0392173 0.960783 1
0.0101411 0.989859 1
0.00546512 0.994535 1
0.0324851 0.967515 1
0.00705056 0.992949 1
0.736303 0.263697 1
0.270584 0.729417 1
0.0147963 0.985204 1
0.392988 0.607012 1
0.669166 0.330834 1
0.779349 0.220651 1
0.0109291 0.989071 1
0.0110454 0.988955 1
0.0169868 0.983013 1
0.0175962 0.982404 1
0.0167085 0.983292 1
0.0178008 0.982199 1
0.00911632 0.990884 1
0.0110229 0.988977 1
0.627271 0.372729 1
0.0212339 0.978766 1
0.0343005 0.965699 1
0.0131892 0.986811 1
0.0182831 0.981717 1
0.559596 0.440404 1
0.010381 0.989619 1
0.0272796 0.97272 1
0.0283424 0.971658 1
0.00733673 0.992663 1
0.793672 0.206328 1
0.0140209 0.985979 1
0.0446132 0.955387 1
0.75904 0.24096 1
0.0384175 0.961582 1
0.253811 0.746189 1
0.00511708 0.994883 1
0.120813 0.879188 1
0.155189 0.844811 1
0.901051 0.0989493 1
0.00818958 0.991811 1
0.0194756 0.980524 1
0.00634478 0.993655 1
0.00937114 0.990629 1
0.104035 0.895965 1
0.0146113 0.985389 1
0.351384 0.648616 1
0.447919 0.552081 1
0.0170715 0.982929 1
0.416652 0.583348 1
0.0363059 0.963694 1
0.0797687 0.920231 1
0.152575 0.847425 1
0.0976504 0.90235 1
0.0403468 0.959653 1
0.0128768 0.987123 1
0.599343 0.400657 1
0.00672495 0.993275 1
0.154479 0.845521 1
0.0269716 0.973028 1
0.0874244 0.912576 1
0.0252302 0.97477 1
0.0669355 0.933064 1
0.0764232 0.923577 1
0.124559 0.875441 1
0.0128947 0.987105 1
0.0650155 0.934985 1
0.0241754 0.975825 1
0.0106774 0.989323 1
0.0206273 0.979373 1
0.0608877 0.939112 1
0.445884 0.554116 1
0.0511645 0.948835 1
0.108196 0.891804 1
0.0207217 0.979278 1
0.0814119 0.918588 1
0.00491061 0.995089 1
0.0539944 0.946006 1
0.0970685 0.902931 1
0.0175852 0.982415 1
0.241088 0.758912 1
0.238789 0.761211 1
0.556621 0.443379 1
0.0652781 0.934722 1
0.0132445 0.986755 1
0.15059 0.84941 1
0.0693873 0.930613 1
0.022193 0.977807 1
0.156519 0.843481 1
0.457312 0.542688 1
0.0209651 0.979035 1
0.503514 0.496486 1
0.971869 0.0281311 1
0.0302366 0.969763 1
0.19193 0.80807 1
0.857035 0.142965 1
0.00747701 0.992523 1
0.00715434 0.992846 1
0.88531 0.11469 1
0.141139 0.858861 1
0.882843 0.117157 1
0.0203698 0.97963 1
0.0155672 0.984433 1
0.11712 0.88288 1
0.0158294 0.984171 1
0.0975925 0.902407 1
0.881616 0.118384 1
0.0328407 0.967159 1
0.0658763 0.934124 1
0.786219 0.213781 1
0.0266774 0.973323 1
0.846368 0.153632 1
0.030593 0.969407 1
0.0873292 0.912671 1
0.255289 0.744711 1
0.479266 0.520734 1
0.642956 0.357044 1
0.00969812 0.990302 1
0.161784 0.838216 1
0.0116704 0.98833 1
0.225912 0.774088 1
0.0120186 0.987981 1
0.0113219 0.988678 1
0.0784201 0.92158 1
0.0535401 0.94646 1
0.776271 0.223729 1
0.0467763 0.953224 1
0.00503511 0.994965 1
0.00795676 0.992043 1
0.244231 0.755769 1
0.00904629 0.990954 1
0.00437051 0.99563 1
0.0787241 0.921276 1
0.840366 0.159634 1
0.0106289 0.989371 1
0.161459 0.838541 1
0.725785 0.274214 1
0.0348026 0.965197 1
0.579358 0.420642 1
0.0998613 0.900139 1
0.00630974 0.99369 1
0.013015 0.986985 1
0.0341845 0.965815 1
0.0393873 0.960613 1
0.0146668 0.985333 1
0.125224 0.874776 1
0.751922 0.248078 1
0.0585793 0.941421 1
0.0459062 0.954094 1
0.567188 0.432812 1
0.474132 0.525868 1
0.146262 0.853738 1
0.219751 0.780249 1
0.414757 0.585244 1
0.0287171 0.971283 1
0.0110879 0.988912 1
0.0400436 0.959956 1
0.0143598 0.98564 1
0.0112085 0.988791 1
0.0475785 0.952421 1
0.048431 0.951569 1
0.0148125 0.985188 1
0.033224 0.966776 1
0.0104806 0.989519 1
0.196126 0.803874 1
0.0230528 0.976947 1
0.0111268 0.988873 1
0.358235 0.641765 1
0.228277 0.771723 1
0.00768782 0.992312 1
0.039579 0.960421 1
0.00532154 0.994678 1
0.0245526 0.975447 1
0.109235 0.890765 1
0.50827 0.49173 1
0.407475 0.592525 1
0.0123267 0.987673 1
0.0197002 0.9803 1
0.788082 0.211918 1
0.0244298 0.97557 1
0.0257059 0.974294 1
0.754284 0.245716 1
0.117064 0.882936 1
0.553862 0.446138 1
0.0373883 0.962612 1
0.41234 0.58766 1
0.0234633 0.976537 1
0.0137237 0.986276 1
0.0142348 0.985765 1
0.881448 0.118552 1
0.0100264 0.989974 1
0.00740098 0.992599 1
0.492968 0.507032 1
0.00887209 0.991128 1
0.0252782 0.974722 1
0.735824 0.264176 1
0.376011 0.623989 1
0.0138246 0.986175 1
0.0162814 0.983719 1
0.0291311 0.970869 1
0.0106899 0.98931 1
0.0466874 0.953313 1
0.808414 0.191586 1
0.0126884 0.987312 1
0.306102 0.693898 1
0.0295285 0.970472 1
0.259244 0.740756 1
0.00368512 0.996315 1
0.0560027 0.943997 1
0.00843899 0.991561 1
0.130668 0.869332 1
0.0243694 0.975631 1
0.0710066 0.928993 1
0.4164 0.5836 1
0.0112822 0.988718 1
0.00665641 0.993344 1
0.0357357 0.964264 1
0.806785 0.193215 1
0.011198 0.988802 1
0.034429 0.965571 1
0.00667357 0.993326 1
0.711759 0.288241 1
0.0282636 0.971736 1
0.137373 0.862627 1
0.0125317 0.987468 1
0.00919689 0.990803 1
0.055335 0.944665 1
0.00604795 0.993952 1
0.00828572 0.991714 1
0.0120097 0.98799 1
0.193592 0.806408 1
0.440514 0.559486 1
0.0342557 0.965744 1
0.0162894 0.983711 1
0.238259 0.761741 1
0.603412 0.396588 1
0.0544606 0.945539 1
0.0638476 0.936152 1
0.00622271 0.993777 1
0.286474 0.713526 1
0.0160122 0.983988 1
0.0188578 0.981142 1
0.0126076 0.987392 1
0.0410599 0.95894 1
0.278778 0.721222 1
0.219626 0.780374 1
0.0132848 0.986715 1
0.00726667 0.992733 1
0.0446306 0.955369 1
0.22773 0.77227 1
0.0162435 0.983757 1
0.464437 0.535563 1
0.0132292 0.986771 1
0.0299687 0.970031 1
0.00384998 0.99615 1
0.0100374 0.989963 1
0.0111813 0.988819 1
0.566163 0.433837 1
0.0131172 0.986883 1
0.0305356 0.969464 1
0.882574 0.117426 1
0.798976 0.201024 1
0.021948 0.978052 1
0.0212235 0.978777 1
0.345497 0.654503 1
0.0231582 0.976842 1
0.0167067 0.983293 1
0.0555683 0.944432 1
0.450847 0.549153 1
0.00330545 0.996695 1
0.155014 0.844986 1
0.0366398 0.96336 1
0.0165271 0.983473 1
0.855764 0.144236 1
0.318393 0.681607 1
0.0569129 0.943087 1
0.0314901 0.96851 1
0.0349405 0.96506 1
0.0326678 0.967332 1
0.394656 0.605344 1
0.820596 0.179404 1
0.0222965 0.977704 1
0.0128384 0.987162 1
0.0622744 0.937726 1
0.569993 0.430007 1
0.0583354 0.941665 1
0.00828309 0.991717 1
0.0416056 0.958394 1
0.0157398 0.98426 1
0.589722 0.410278 1
0.185395 0.814605 1
0.0162552 0.983745 1
0.00520666 0.994793 1
0.0682745 0.931726 1
0.126242 0.873758 1
0.186486 0.813514 1
0.0100922 0.989908 1
0.014412 0.985588 1
0.129754 0.870246 1
0.515872 0.484128 1
0.0485012 0.951499 1
0.0353294 0.964671 1
0.117917 0.882083 1
0.0179717 0.982028 1
0.0747123 0.925288 1
0.0145298 0.98547 1
0.684767 0.315233 1
0.0144972 0.985503 1
0.948029 0.0519712 1
0.403098 0.596902 1
0.0212865 0.978714 1
0.01096 0.98904 1
0.210757 0.789243 1
0.0350678 0.964932 1
0.0149078 0.985092 1
0.0222916 0.977708 1
0.00916569 0.990834 1
0.00985951 0.99014 1
0.0149929 0.985007 1
0.00849281 0.991507 1
0.241949 0.758051 1
0.00829259 0.991707 1
0.00724622 0.992754 1
0.0206981 0.979302 1
0.338822 0.661178 1
0.0864745 0.913526 1
0.0185098 0.98149 1
0.00838849 0.991612 1
0.00582271 0.994177 1
0.0513226 0.948677 1
0.00607688 0.993923 1
0.241822 0.758178 1
0.066542 0.933458 1
0.00836829 0.991632 1
0.808098 0.191902 1
0.00425493 0.995745 1
0.0349079 0.965092 1
0.304882 0.695117 1
0.0171035 0.982896 1
0.163153 0.836847 1
0.155189 0.844811 1
0.282799 0.717201 1
0.78188 0.21812 1
0.00683038 0.99317 1
0.281591 0.718409 1
0.266904 0.733096 1
0.0272137 0.972786 1
0.147397 0.852603 1
0.0103013 0.989699 1
0.0140217 0.985978 1
0.0138907 0.986109 1
0.0121191 0.987881 1
0.0226301 0.97737 1
0.00517523 0.994825 1
0.0143053 0.985695 1
0.938457 0.0615427 1
0.0139863 0.986014 1
0.00763104 0.992369 1
0.738575 0.261425 1
0.166242 0.833758 1
0.246623 0.753377 1
0.0172943 0.982706 1
0.0556328 0.944367 1
0.0244804 0.97552 1
0.0364696 0.96353 1
0.50837 0.49163 1
0.0257813 0.974219 1
0.0100178 0.989982 1
0.0106754 0.989325 1
0.481231 0.518769 1
0.0149722 0.985028 1
0.121657 0.878343 1
0.020214 0.979786 1
0.0243353 0.975665 1
0.0101278 0.989872 1
0.0178215 0.982179 1
0.133143 0.866857 1
0.075756 0.924244 1
0.0544918 0.945508 1
0.00431296 0.995687 1
0.14272 0.85728 1
0.268391 0.731609 1
0.010721 0.989279 1
0.0244479 0.975552 1
0.0190071 0.980993 1
0.0247938 0.975206 1
0.00811 0.99189 1
0.431522 0.568478 1
0.00959139 0.990409 1
0.0260269 0.973973 1
0.0156707 0.984329 1
0.0366614 0.963339 1
0.0175688 0.982431 1
0.241259 0.758741 1
0.00898657 0.991013 1
0.00647691 0.993523 1
0.0167519 0.983248 1
0.0197703 0.98023 1
0.00409947 0.995901 1
0.0195434 0.980457 1
0.0125382 0.987462 1
0.936104 0.0638959 1
0.0100574 0.989943 1
0.062295 0.937705 1
0.00689077 0.993109 1
0.100189 0.899811 1
0.156335 0.843665 1
0.0945215 0.905478 1
0.0181124 0.981888 1
0.00756539 0.992435 1
0.0091395 0.99086 1
0.0505605 0.949439 1
0.0136921 0.986308 1
0.00959287 0.990407 1
0.0538826 0.946117 1
0.0695917 0.930408 1
0.973948 0.0260525 1
0.0103013 0.989699 1
0.0128311 0.987169 1
0.379701 0.620299 1
0.822293 0.177707 1
0.844684 0.155316 1
0.00753159 0.992468 1
0.0380686 0.961931 1
0.0656301 0.93437 1
0.0233803 0.97662 1
0.495424 0.504575 1
0.0164176 0.983582 1
0.0592706 0.940729 1
0.0181168 0.981883 1
0.0194727 0.980527 1
0.0120409 0.987959 1
0.0250695 0.97493 1
0.00820248 0.991798 1
0.0148225 0.985178 1
0.00868205 0.991318 1
0.422363 0.577637 1
0.0323215 0.967678 1
0.0075485 0.992451 1
0.318081 0.681919 1
0.0606209 0.939379 1
0.074861 0.925139 1
0.0177579 0.982242 1
0.0159217 0.984078 1
0.035154 0.964846 1
0.438047 0.561953 1
0.181024 0.818976 1
0.290343 0.709657 1
0.0221686 0.977831 1
0.0359783 0.964022 1
0.0353542 0.964646 1
0.00544314 0.994557 1
0.137632 0.862368 1
0.0620451 0.937955 1
0.503304 0.496696 1
0.398371 0.601629 1
0.225738 0.774262 1
0.0196035 0.980397 1
0.0179185 0.982081 1
0.464247 0.535753 1
0.817745 0.182255 1
0.00419296 0.995807 1
0.224794 0.775206 1
0.0144919 0.985508 1
0.0808405 0.919159 1
0.00579353 0.994206 1
0.0172375 0.982762 1
0.126032 0.873968 1
0.149087 0.850913 1
0.00870528 0.991295 1
0.00672801 0.993272 1
0.433452 0.566548 1
0.0553461 0.944654 1
0.0362239 0.963776 1
0.0144491 0.985551 1
0.0170077 0.982992 1
0.0301418 0.969858 1
0.00409767 0.995902 1
0.577628 0.422372 1
0.00576159 0.994238 1
0.00787293 0.992127 1
0.994989 0.00501113 1
0.111075 0.888925 1
0.010577 0.989423 1
0.0503838 0.949616 1
0.0100931 0.989907 1
0.0154017 0.984598 1
0.0503924 0.949608 1
0.0489017 0.951098 1
0.351014 0.648986 1
0.0441495 0.95585 1
0.49017 0.50983 1
0.967538 0.0324621 1
0.00626877 0.993731 1
0.00760223 0.992398 1
0.994832 0.00516856 1
0.468808 0.531192 1
0.0223276 0.977672 1
0.721186 0.278814 1
0.0111112 0.988889 1
0.0395927 0.960407 1
0.0986604 0.90134 1
0.616582 0.383419 1
0.0247098 0.97529 1
0.0332335 0.966766 1
0.0303804 0.96962 1
0.00634539 0.993655 1
0.543248 0.456752 1
0.0160774 0.983923 1
0.00746354 0.992537 1
0.0115406 0.988459 1
0.0437883 0.956212 1
0.0106359 0.989364 1
0.983092 0.0169077 1
0.0224541 0.977546 1
0.00694019 0.99306 1
0.00979992 0.9902 1
0.0264587 0.973541 1
0.00910281 0.990897 1
0.0202729 0.979727 1
0.00633704 0.993663 1
0.0455974 0.954403 1
0.00841075 0.991589 1
0.0881663 0.911834 1
0.0172169 0.982783 1
0.0106504 0.98935 1
0.129974 0.870026 1
0.0151386 0.984861 1
0.0215391 0.978461 1
0.624457 0.375543 1
0.221749 0.778251 1
0.00598434 0.994016 1
0.0328431 0.967157 1
0.853357 0.146643 1
0.122297 0.877703 1
0.968728 0.0312719 1
0.0288353 0.971165 1
0.822919 0.177081 1
0.907757 0.0922429 1
0.0669085 0.933092 1
0.743792 0.256208 1
0.212847 0.787153 1
0.00375094 0.996249 1
0.0705286 0.929471 1
0.837857 0.162143 1
0.011635 0.988365 1
0.771645 0.228355 1
0.277271 0.722729 1
0.00822984 0.99177 1
0.2259 0.7741 1
0.0432941 0.956706 1
0.00690415 0.993096 1
0.00911048 0.990889 1
0.428263 0.571737 1
0.102999 0.897001 1
0.0678501 0.93215 1
0.03814 0.96186 1
0.0462691 0.953731 1
0.00687829 0.993122 1
0.0424882 0.957512 1
0.473492 0.526508 1
0.0315177 0.968482 1
0.226174 0.773826 1
0.994086 0.00591396 1
0.360926 0.639075 1
0.0487054 0.951295 1
0.876213 0.123786 1
0.117953 0.882047 1
0.218539 0.781461 1
0.0140443 0.985956 1
0.0744308 0.925569 1
0.0303047 0.969695 1
0.0438094 0.956191 1
0.118153 0.881847 1
0.00861569 0.991384 1
0.0316605 0.96834 1
0.0925872 0.907413 1
0.00602803 0.993972 1
0.0267453 0.973255 1
0.0094991 0.990501 1
0.692254 0.307746 1
0.00734457 0.992655 1
0.0391597 0.96084 1
0.456137 0.543863 1
0.979198 0.0208022 1
0.0126639 0.987336 1
0.00736002 0.99264 1
0.466674 0.533326 1
0.029264 0.970736 1
0.0114846 0.988515 1
0.0211255 0.978875 1
0.556476 0.443524 1
0.513773 0.486227 1
0.0115475 0.988452 1
0.00955625 0.990444 1
0.0362463 0.963754 1
0.0112202 0.98878 1
0.0107323 0.989268 1
0.00571754 0.994282 1
0.0247447 0.975255 1
0.0832126 0.916787 1
0.0650087 0.934991 1
0.02766 0.97234 1
0.0344288 0.965571 1
0.697057 0.302943 1
0.104666 0.895334 1
0.0765373 0.923463 1
0.0115856 0.988414 1
0.00783756 0.992162 1
0.00855002 0.99145 1
0.00465492 0.995345 1
0.0227057 0.977294 1
0.0530221 0.946978 1
0.00806402 0.991936 1
0.0508671 0.949133 1
0.0100195 0.989981 1
0.00691173 0.993088 1
0.00839099 0.991609 1
0.00760351 0.992396 1
0.0133646 0.986635 1
0.032293 0.967707 1
0.0395482 0.960452 1
0.573155 0.426845 1
0.0864316 0.913568 1
0.0415026 0.958497 1
0.0450237 0.954976 1
0.0286808 0.971319 1
0.0087348 0.991265 1
0.0117659 0.988234 1
0.175992 0.824008 1
0.0623264 0.937674 1
0.00803333 0.991967 1
0.0168607 0.983139 1
0.0545959 0.945404 1
0.161269 0.83873 1
0.00968493 0.990315 1
0.00984723 0.990153 1
0.045719 0.954281 1
0.106127 0.893873 1
0.125265 0.874735 1
0.0624073 0.937593 1
0.00795701 0.992043 1
0.506474 0.493526 1
0.121586 0.878414 1
0.0738681 0.926132 1
0.638442 0.361558 1
0.0838001 0.9162 1
0.0284259 0.971574 1
0.0067035 0.993296 1
0.394526 0.605474 1
0.0111463 0.988854 1
0.0175622 0.982438 1
0.00568418 0.994316 1
0.0578114 0.942189 1
0.115116 0.884884 1
0.047705 0.952295 1
0.0103219 0.989678 1
0.0159185 0.984082 1
0.0237962 0.976204 1
0.395609 0.604391 1
0.926405 0.0735948 1
0.0535981 0.946402 1
0.0849081 0.915092 1
0.0541374 0.945863 1
0.0229689 0.977031 1
0.44715 0.55285 1
0.0586482 0.941352 1
0.285293 0.714707 1
0.018382 0.981618 1
0.743612 0.256388 1
0.102332 0.897668 1
0.0363552 0.963645 1
0.012606 0.987394 1
0.00556478 0.994435 1
0.0157152 0.984285 1
0.0061012 0.993899 1
0.00849681 0.991503 1
0.00473127 0.995269 1
0.00832095 0.991679 1
0.00555968 0.99444 1
0.00851989 0.99148 1
0.0818059 0.918194 1
0.00804826 0.991952 1
0.018833 0.981167 1
0.0224086 0.977591 1
0.727759 0.272241 1
0.0116121 0.988388 1
0.0110736 0.988926 1
0.366342 0.633658 1
0.031782 0.968218 1
0.0800785 0.919921 1
0.0226952 0.977305 1
0.91134 0.0886597 1
0.0461541 0.953846 1
0.007838 0.992162 1
0.819943 0.180057 1
0.139393 0.860607 1
0.0314747 0.968525 1
0.459379 0.540621 1
0.0734796 0.92652 1
0.183054 0.816945 1
0.0956432 0.904357 1
0.0469592 0.953041 1
0.0131967 0.986803 1
0.0224668 0.977533 1
0.0297197 0.97028 1
0.0178275 0.982173 1
0.443066 0.556934 1
0.74446 0.25554 1
0.0217213 0.978279 1
0.0551298 0.94487 1
0.0302721 0.969728 1
0.0532614 0.946739 1
0.0138635 0.986136 1
0.121276 0.878724 1
0.939864 0.0601363 1
0.588699 0.411301 1
0.116527 0.883473 1
0.217921 0.782079 1
0.0589636 0.941036 1
0.171024 0.828976 1
0.0128289 0.987171 1
0.00926547 0.990735 1
0.0387343 0.961266 1
0.0386122 0.961388 1
0.0121749 0.987825 1
0.535148 0.464852 1
0.00934878 0.990651 1
0.00899043 0.99101 1
0.0749281 0.925072 1
0.360386 0.639614 1
0.00669462 0.993305 1
0.978986 0.021014 1
0.00620867 0.993791 1
0.0142442 0.985756 1
0.583341 0.416659 1
0.00935438 0.990646 1
0.0408584 0.959142 1
