0.950106 0.0498936 0
0.995062 0.00493753 0
0.96184 0.0381595 0
0.98072 0.0192797 0
0.571549 0.428451 0
0.990495 0.00950484 0
0.90868 0.0913201 0
0.973401 0.0265992 0
0.953624 0.0463765 0
0.895551 0.104449 0
0.971038 0.0289621 0
0.96097 0.0390297 0
0.818799 0.181201 0
0.860935 0.139065 0
0.942692 0.0573081 0
0.916436 0.083564 0
0.133704 0.866296 0
0.984207 0.0157931 0
0.617924 0.382076 0
0.87906 0.12094 0
0.975748 0.0242522 0
0.979246 0.0207545 0
0.983863 0.0161368 0
0.924667 0.075333 0
0.935052 0.0649484 0
0.977078 0.0229222 0
0.985969 0.0140306 0
0.961931 0.0380691 0
0.951886 0.0481136 0
0.971299 0.0287011 0
0.921786 0.0782139 0
0.349417 0.650583 0
0.932739 0.0672614 0
0.97925 0.0207502 0
0.840442 0.159558 0
0.982736 0.0172641 0
0.830722 0.169278 0
0.809495 0.190505 0
0.957039 0.0429612 0
0.986612 0.013388 0
0.864253 0.135747 0
0.905708 0.0942916 0
0.971599 0.0284008 0
0.84392 0.15608 0
0.927712 0.0722884 0
0.989789 0.0102114 0
0.978263 0.0217372 0
0.902976 0.0970239 0
0.993245 0.00675508 0
0.759149 0.240851 0
0.918423 0.081577 0
0.950407 0.0495929 0
0.966921 0.033079 0
0.993828 0.00617167 0
0.820744 0.179256 0
0.982158 0.0178421 0
0.991778 0.0082224 0
0.928544 0.0714564 0
0.964331 0.035669 0
0.848997 0.151003 0
0.539759 0.460241 0
0.853642 0.146358 0
0.385378 0.614622 0
0.981502 0.0184983 0
0.912112 0.0878875 0
0.982074 0.0179257 0
0.727067 0.272933 0
0.990393 0.0096071 0
0.881646 0.118354 0
0.951961 0.0480389 0
0.987054 0.0129457 0
0.966344 0.0336558 0
0.983694 0.0163062 0
0.973099 0.0269012 0
0.716538 0.283462 0
0.950799 0.0492012 0
0.987784 0.0122155 0
0.974521 0.0254788 0
0.993141 0.00685916 0
0.967651 0.0323494 0
0.953637 0.0463625 0
0.967869 0.032131 0
0.989458 0.0105424 0
0.944714 0.0552861 0
0.859764 0.140236 0
0.990262 0.00973797 0
0.894189 0.105811 0
0.992714 0.00728602 0
0.940177 0.0598226 0
0.976004 0.0239962 0
0.935555 0.0644454 0
0.994069 0.00593122 0
0.984868 0.0151322 0
0.950182 0.0498176 0
0.979798 0.0202017 0
0.938329 0.0616707 0
0.995616 0.00438423 0
0.927433 0.0725674 0
0.980467 0.0195327 0
0.987242 0.012758 0
0.153993 0.846007 0
0.965219 0.0347809 0
0.986099 0.0139013 0
0.988873 0.0111269 0
0.992095 0.00790467 0
0.860995 0.139005 0
0.538191 0.461809 0
0.903588 0.0964121 0
0.803565 0.196435 0
0.978473 0.0215264 0
0.947346 0.0526537 0
0.988558 0.0114416 0
0.373122 0.626878 0
0.983437 0.0165629 0
0.981298 0.0187017 0
0.98912 0.0108795 0
0.333917 0.666083 0
0.608737 0.391263 0
0.896007 0.103993 0
0.186706 0.813294 0
0.947246 0.052754 0
0.840977 0.159023 0
0.935714 0.0642865 0
0.980753 0.0192475 0
0.983647 0.0163527 0
0.977174 0.0228263 0
0.925973 0.0740269 0
0.989761 0.0102389 0
0.827435 0.172565 0
0.987247 0.0127526 0
0.041569 0.958431 0
0.897578 0.102422 0
0.984416 0.0155836 0
0.977667 0.0223327 0
0.994432 0.00556845 0
0.994634 0.0053664 0
0.955733 0.0442674 0
0.992611 0.00738903 0
0.983239 0.0167608 0
0.963324 0.0366763 0
0.968847 0.0311532 0
0.896543 0.103457 0
0.969173 0.0308273 0
0.96145 0.0385501 0
0.993738 0.00626158 0
0.967889 0.032111 0
0.988081 0.0119195 0
0.977825 0.0221753 0
0.915795 0.0842046 0
0.505038 0.494961 0
0.919069 0.0809313 0
0.947399 0.0526014 0
0.991857 0.00814271 0
0.923196 0.0768039 0
0.840358 0.159642 0
0.965047 0.0349534 0
0.902399 0.0976013 0
0.748527 0.251473 0
0.811492 0.188508 0
0.965349 0.0346509 0
0.947546 0.0524536 0
0.93486 0.0651397 0
0.996389 0.00361083 0
0.986393 0.0136071 0
0.83104 0.16896 0
0.97888 0.0211202 0
0.930849 0.0691506 0
0.983189 0.0168111 0
0.985047 0.0149528 0
0.980427 0.0195727 0
0.991706 0.00829377 0
0.70188 0.29812 0
0.34752 0.652481 0
0.899634 0.100366 0
0.981252 0.018748 0
0.88912 0.11088 0
0.686933 0.313067 0
0.976705 0.023295 0
0.960017 0.0399828 0
0.937797 0.0622031 0
0.970829 0.0291714 0
0.99654 0.00346012 0
0.989843 0.0101566 0
0.919196 0.080804 0
0.775031 0.224969 0
0.466213 0.533787 0
0.989598 0.0104024 0
0.104238 0.895762 0
0.919036 0.0809644 0
0.97288 0.0271204 0
0.989235 0.0107649 0
0.985189 0.0148109 0
0.949511 0.0504892 0
0.98342 0.0165805 0
0.989596 0.010404 0
0.994381 0.00561907 0
0.972319 0.0276806 0
0.923405 0.0765954 0
0.950104 0.0498959 0
0.907956 0.092044 0
0.920963 0.0790374 0
0.983601 0.016399 0
0.952221 0.0477789 0
0.990589 0.00941067 0
0.673182 0.326818 0
0.983639 0.0163605 0
0.989757 0.0102429 0
0.98307 0.0169304 0
0.969832 0.0301675 0
0.863913 0.136087 0
0.91406 0.0859397 0
0.350672 0.649328 0
0.990084 0.00991605 0
0.94219 0.05781 0
0.975926 0.0240736 0
0.96353 0.0364703 0
0.113375 0.886625 0
0.951653 0.048347 0
0.9552 0.0447998 0
0.882433 0.117568 0
0.994925 0.00507511 0
0.988289 0.0117112 0
0.992742 0.0072581 0
0.865359 0.134641 0
0.884192 0.115808 0
0.962895 0.0371053 0
0.504717 0.495283 0
0.969093 0.0309067 0
0.890534 0.109466 0
0.942988 0.0570116 0
0.800958 0.199042 0
0.929115 0.0708854 0
0.747886 0.252114 0
0.992538 0.00746163 0
0.979142 0.0208585 0
0.978022 0.0219783 0
0.992356 0.00764358 0
0.843384 0.156616 0
0.994981 0.0050187 0
0.987291 0.0127089 0
0.450428 0.549572 0
0.973177 0.0268229 0
0.933499 0.0665015 0
0.990885 0.00911528 0
0.896906 0.103094 0
0.971377 0.0286225 0
0.853651 0.146349 0
0.971987 0.0280134 0
0.748471 0.251529 0
0.934524 0.0654757 0
0.967 0.0329998 0
0.987842 0.0121579 0
0.878118 0.121882 0
0.949321 0.0506787 0
0.680235 0.319765 0
0.939179 0.0608205 0
0.978229 0.0217714 0
0.618637 0.381363 0
0.432932 0.567068 0
0.988084 0.0119157 0
0.940661 0.0593386 0
0.55761 0.44239 0
0.991161 0.00883865 0
0.90657 0.0934299 0
0.98257 0.0174298 0
0.881466 0.118534 0
0.908133 0.0918674 0
0.991593 0.00840669 0
0.940436 0.0595637 0
0.993477 0.00652321 0
0.971075 0.0289249 0
0.819789 0.180211 0
0.983417 0.016583 0
0.977166 0.0228339 0
0.980845 0.0191547 0
0.963152 0.0368482 0
0.983503 0.0164974 0
0.988808 0.0111918 0
0.983417 0.0165833 0
0.729612 0.270388 0
0.950484 0.049516 0
0.953413 0.0465869 0
0.984509 0.0154912 0
0.996452 0.00354777 0
0.85938 0.14062 0
0.977255 0.0227452 0
0.992426 0.00757426 0
0.989263 0.0107375 0
0.985789 0.014211 0
0.888003 0.111997 0
0.501028 0.498972 0
0.974049 0.0259511 0
0.678289 0.321711 0
0.915477 0.0845232 0
0.966318 0.0336819 0
0.993281 0.00671918 0
0.992831 0.00716852 0
0.858706 0.141294 0
0.940307 0.0596928 0
0.994151 0.00584875 0
0.957656 0.0423445 0
0.858825 0.141175 0
0.976341 0.0236592 0
0.982789 0.0172114 0
0.945721 0.0542789 0
0.973772 0.0262285 0
0.47714 0.52286 0
0.983869 0.0161314 0
0.994782 0.00521774 0
0.98764 0.01236 0
0.986365 0.0136346 0
0.909573 0.0904272 0
0.980874 0.0191257 0
0.94433 0.0556698 0
0.938246 0.0617541 0
0.965228 0.034772 0
0.970908 0.0290922 0
0.875392 0.124608 0
0.923219 0.0767807 0
0.98134 0.0186601 0
0.977432 0.0225675 0
0.943329 0.0566714 0
0.947578 0.052422 0
0.989066 0.0109339 0
0.743044 0.256956 0
0.985845 0.0141547 0
0.912235 0.0877645 0
0.925625 0.0743752 0
0.983689 0.0163109 0
0.822741 0.177259 0
0.983723 0.0162772 0
0.973678 0.0263219 0
0.952559 0.0474414 0
0.959895 0.0401054 0
0.936008 0.0639916 0
0.990589 0.00941089 0
0.962837 0.0371635 0
0.985651 0.0143487 0
0.870184 0.129816 0
0.250392 0.749608 0
0.968514 0.0314861 0
0.946992 0.0530079 0
0.994817 0.00518314 0
0.992358 0.00764221 0
0.953627 0.0463727 0
0.989471 0.0105292 0
0.976965 0.0230346 0
0.877699 0.122301 0
0.947004 0.0529955 0
0.973526 0.0264743 0
0.874159 0.125841 0
0.763743 0.236257 0
0.988278 0.0117223 0
0.991377 0.0086233 0
0.97836 0.0216402 0
0.889897 0.110102 0
0.993806 0.00619386 0
0.981936 0.0180639 0
0.988106 0.0118941 0
0.840835 0.159165 0
0.888312 0.111688 0
0.993256 0.00674435 0
0.806494 0.193506 0
0.981954 0.0180459 0
0.985969 0.0140308 0
0.94886 0.0511396 0
0.980657 0.0193428 0
0.99393 0.00607012 0
0.759634 0.240366 0
0.947969 0.052031 0
0.974752 0.0252478 0
0.972434 0.0275659 0
0.968332 0.0316682 0
0.462335 0.537665 0
0.974734 0.0252663 0
0.988961 0.0110394 0
0.987701 0.0122992 0
0.99636 0.00363987 0
0.96695 0.03305 0
0.928343 0.0716575 0
0.958153 0.0418467 0
0.974602 0.0253976 0
0.798122 0.201878 0
0.897807 0.102193 0
0.989671 0.0103285 0
0.961233 0.0387674 0
0.947306 0.052694 0
0.991741 0.00825947 0
0.0467387 0.953261 0
0.984397 0.0156033 0
0.28478 0.71522 0
0.902325 0.0976749 0
0.957099 0.0429014 0
0.988705 0.0112952 0
0.991905 0.00809519 0
0.977229 0.0227713 0
0.992994 0.00700585 0
0.986839 0.0131614 0
0.995759 0.00424103 0
0.822335 0.177665 0
0.960242 0.0397578 0
0.8982 0.1018 0
0.986903 0.0130967 0
0.984141 0.0158588 0
0.98272 0.0172803 0
0.907149 0.0928505 0
0.959757 0.0402428 0
0.979733 0.0202666 0
0.893384 0.106616 0
0.99065 0.00935007 0
0.973849 0.0261507 0
0.911105 0.0888946 0
0.991844 0.00815648 0
0.949846 0.0501543 0
0.647904 0.352096 0
0.30787 0.69213 0
0.919176 0.0808241 0
0.956578 0.0434222 0
0.97848 0.0215197 0
0.978705 0.0212953 0
0.982758 0.0172423 0
0.964849 0.035151 0
0.913494 0.0865062 0
0.854481 0.145519 0
0.890505 0.109495 0
0.892431 0.107569 0
0.616526 0.383474 0
0.958073 0.0419266 0
0.525488 0.474512 0
0.940292 0.0597084 0
0.685243 0.314757 0
0.943561 0.0564393 0
0.0336696 0.96633 0
0.946672 0.0533284 0
0.988463 0.0115372 0
0.984922 0.0150782 0
0.965615 0.0343849 0
0.96091 0.0390898 0
0.972885 0.0271149 0
0.969842 0.0301582 0
0.983499 0.0165005 0
0.969821 0.0301791 0
0.93806 0.0619396 0
0.989834 0.010166 0
0.890182 0.109818 0
0.95171 0.0482895 0
0.982345 0.0176554 0
0.961716 0.0382844 0
0.987824 0.0121762 0
0.96576 0.0342396 0
0.981112 0.0188882 0
0.993435 0.00656523 0
0.751624 0.248376 0
0.98122 0.0187796 0
0.991556 0.00844448 0
0.985716 0.0142837 0
0.963545 0.0364554 0
0.99552 0.0044797 0
0.981628 0.0183722 0
0.961622 0.0383785 0
0.942295 0.0577054 0
0.990903 0.00909707 0
0.98868 0.0113201 0
0.37055 0.62945 0
0.991779 0.00822131 0
0.808099 0.191901 0
0.818889 0.181111 0
0.989139 0.0108607 0
0.964244 0.0357565 0
0.979807 0.0201931 0
0.863569 0.136431 0
0.658079 0.341921 0
0.971722 0.0282782 0
0.981965 0.0180354 0
0.967054 0.0329459 0
0.923375 0.0766252 0
0.877044 0.122956 0
0.92428 0.0757204 0
0.939042 0.0609579 0
0.960767 0.0392327 0
0.910169 0.0898311 0
0.0809225 0.919078 0
0.98734 0.01266 0
0.946591 0.0534092 0
0.97747 0.0225304 0
0.341306 0.658694 0
0.957196 0.0428041 0
0.79001 0.20999 0
0.824459 0.175541 0
0.986532 0.0134681 0
0.965948 0.0340522 0
0.963056 0.0369435 0
0.891732 0.108268 0
0.98856 0.0114398 0
0.972146 0.0278539 0
0.543413 0.456587 0
0.983004 0.0169962 0
0.981927 0.0180729 0
0.976703 0.0232969 0
0.462972 0.537028 0
0.967786 0.0322144 0
0.958925 0.0410747 0
0.979581 0.0204193 0
0.987067 0.0129334 0
0.952916 0.0470844 0
0.98536 0.0146404 0
0.989442 0.0105578 0
0.975179 0.0248207 0
0.990688 0.00931171 0
0.986079 0.0139209 0
0.946623 0.053377 0
0.959066 0.0409341 0
0.971302 0.0286983 0
0.981529 0.0184714 0
0.981785 0.0182145 0
0.990376 0.00962359 0
0.953696 0.0463044 0
0.686839 0.313161 0
0.996199 0.0038013 0
0.830405 0.169595 0
0.987188 0.0128124 0
0.912161 0.0878395 0
0.970057 0.0299431 0
0.984385 0.0156154 0
0.666961 0.333038 0
0.978427 0.0215729 0
0.987364 0.0126359 0
0.985422 0.0145777 0
0.967794 0.0322058 0
0.615092 0.384908 0
0.992343 0.00765683 0
0.981081 0.0189186 0
0.945845 0.0541554 0
0.992901 0.00709935 0
0.947163 0.0528368 0
0.94633 0.0536703 0
0.989485 0.0105147 0
0.985055 0.0149448 0
0.989719 0.0102807 0
0.835014 0.164986 0
0.881967 0.118033 0
0.457925 0.542075 0
0.974608 0.025392 0
0.959866 0.0401339 0
0.965219 0.0347806 0
0.942604 0.0573958 0
0.972893 0.0271068 0
0.897393 0.102607 0
0.734416 0.265584 0
0.647584 0.352416 0
0.986905 0.0130951 0
0.984978 0.0150219 0
0.0493588 0.950641 0
0.617701 0.382299 0
0.981654 0.018346 0
0.99445 0.0055497 0
0.994257 0.00574298 0
0.917117 0.082883 0
0.966141 0.0338588 0
0.976211 0.0237884 0
0.989846 0.0101538 0
0.610665 0.389335 0
0.949163 0.0508371 0
0.990446 0.00955376 0
0.967354 0.0326464 0
0.984286 0.0157141 0
0.321938 0.678062 0
0.938726 0.0612742 0
0.980405 0.0195945 0
0.987898 0.0121024 0
0.975844 0.0241562 0
0.959903 0.0400965 0
0.929857 0.0701428 0
0.945862 0.0541376 0
0.985998 0.0140024 0
0.985088 0.0149124 0
0.96154 0.03846 0
0.986424 0.0135762 0
0.953254 0.0467462 0
0.977521 0.0224788 0
0.908845 0.0911548 0
0.983607 0.0163934 0
0.972151 0.0278494 0
0.976839 0.0231607 0
0.92827 0.0717296 0
0.966743 0.0332565 0
0.977816 0.0221844 0
0.970717 0.0292829 0
0.984066 0.0159338 0
0.347816 0.652184 0
0.413424 0.586576 0
0.584086 0.415914 0
0.997669 0.00233095 0
0.995563 0.0044373 0
0.879484 0.120516 0
0.959149 0.040851 0
0.969331 0.0306687 0
0.902804 0.097196 0
0.958201 0.0417992 0
0.963054 0.0369456 0
0.994626 0.00537437 0
0.969129 0.030871 0
0.419827 0.580173 0
0.0869595 0.913041 0
0.882482 0.117518 0
0.929005 0.0709954 0
0.994094 0.00590587 0
0.97214 0.0278601 0
0.976498 0.0235025 0
0.982038 0.0179621 0
0.993661 0.00633915 0
0.990566 0.00943411 0
0.881343 0.118657 0
0.664734 0.335266 0
0.836195 0.163805 0
0.629282 0.370718 0
0.748008 0.251992 0
0.965115 0.0348851 0
0.947585 0.0524148 0
0.930822 0.0691784 0
0.870436 0.129564 0
0.992214 0.0077858 0
0.92774 0.0722597 0
0.786685 0.213315 0
0.161025 0.838975 0
0.991287 0.00871333 0
0.813472 0.186528 0
0.990148 0.00985172 0
0.263022 0.736979 0
0.988138 0.0118616 0
0.974244 0.0257555 0
0.6976 0.3024 0
0.991733 0.00826733 0
0.784977 0.215023 0
0.940778 0.0592216 0
0.833681 0.166319 0
0.971973 0.0280269 0
0.922265 0.0777351 0
0.838492 0.161508 0
0.973072 0.0269284 0
0.985664 0.0143363 0
0.927167 0.0728332 0
0.983337 0.0166634 0
0.97718 0.0228198 0
0.981979 0.0180205 0
0.981261 0.0187389 0
0.979998 0.0200024 0
0.982188 0.0178119 0
0.991125 0.00887514 0
0.991792 0.00820801 0
0.963146 0.0368544 0
0.988455 0.0115447 0
0.969206 0.030794 0
0.979752 0.0202476 0
0.990402 0.00959758 0
0.9402 0.0598001 0
0.492196 0.507804 0
0.947414 0.052586 0
0.979248 0.0207524 0
0.401254 0.598746 0
0.985538 0.0144621 0
0.966275 0.033725 0
0.991167 0.00883346 0
0.978136 0.0218639 0
0.938733 0.0612666 0
0.676233 0.323767 0
0.37596 0.62404 0
0.98537 0.0146303 0
0.966118 0.0338823 0
0.977713 0.0222873 0
0.909101 0.0908992 0
0.992036 0.00796449 0
0.890954 0.109046 0
0.919102 0.0808983 0
0.990049 0.00995089 0
0.899509 0.100491 0
0.940891 0.0591091 0
0.887354 0.112646 0
0.983019 0.0169813 0
0.873099 0.126901 0
0.954089 0.0459113 0
0.382194 0.617806 0
0.873591 0.126409 0
0.292066 0.707934 0
0.972207 0.0277933 0
0.912739 0.0872614 0
0.97599 0.0240099 0
0.9244 0.0755998 0
0.968887 0.0311135 0
0.953724 0.0462761 0
0.978372 0.0216278 0
0.899642 0.100358 0
0.994574 0.00542651 0
0.995043 0.00495732 0
0.987001 0.0129991 0
0.905157 0.0948427 0
0.975175 0.0248252 0
0.975996 0.0240042 0
0.987598 0.0124023 0
0.96395 0.0360495 0
0.706435 0.293565 0
0.98978 0.0102201 0
0.925766 0.0742339 0
0.984961 0.0150385 0
0.985087 0.0149128 0
0.949392 0.0506078 0
0.984052 0.0159476 0
0.98461 0.0153898 0
0.92222 0.0777798 0
0.973198 0.026802 0
0.914214 0.0857855 0
0.976113 0.0238866 0
0.887374 0.112626 0
0.946615 0.0533849 0
0.934882 0.0651179 0
0.865559 0.134441 0
0.888133 0.111867 0
0.966783 0.0332168 0
0.989675 0.0103252 0
0.883772 0.116228 0
0.979658 0.0203419 0
0.989399 0.010601 0
0.992964 0.00703577 0
0.896901 0.103099 0
0.224761 0.775239 0
0.980327 0.0196734 0
0.993215 0.00678462 0
0.748266 0.251734 0
0.975272 0.0247283 0
0.982125 0.0178746 0
0.981438 0.0185617 0
0.94694 0.0530602 0
0.823356 0.176644 0
0.996741 0.00325929 0
0.992832 0.00716827 0
0.757191 0.242809 0
0.912664 0.0873361 0
0.499497 0.500503 0
0.99028 0.00972009 0
0.968075 0.0319253 0
0.940058 0.0599415 0
0.946974 0.0530256 0
0.984818 0.0151817 0
0.894691 0.105309 0
0.788496 0.211504 0
0.853122 0.146879 0
0.66792 0.33208 0
0.939964 0.0600363 0
0.970903 0.0290965 0
0.923423 0.076577 0
0.959833 0.0401669 0
0.951354 0.0486455 0
0.650747 0.349253 0
0.682149 0.317851 0
0.973561 0.0264386 0
0.982639 0.0173609 0
0.935741 0.0642592 0
0.961471 0.0385286 0
0.813962 0.186038 0
0.984472 0.0155282 0
0.86992 0.13008 0
0.986896 0.0131043 0
0.982571 0.0174291 0
0.981733 0.0182666 0
0.749228 0.250772 0
0.964854 0.0351462 0
0.986599 0.0134008 0
0.960354 0.0396461 0
0.949313 0.050687 0
0.968028 0.0319721 0
0.63341 0.36659 0
0.973449 0.0265509 0
0.945566 0.0544335 0
0.950772 0.0492284 0
0.945623 0.0543766 0
0.982614 0.0173857 0
0.990674 0.00932619 0
0.985597 0.0144028 0
0.965748 0.0342518 0
0.256983 0.743017 0
0.495293 0.504707 0
0.95471 0.0452896 0
0.96879 0.0312098 0
0.990548 0.00945178 0
0.96231 0.0376904 0
0.712729 0.287271 0
0.492157 0.507843 0
0.930689 0.0693107 0
0.897137 0.102863 0
0.979753 0.0202469 0
0.792957 0.207043 0
0.937621 0.0623788 0
0.864706 0.135294 0
0.992463 0.00753719 0
0.961717 0.0382833 0
0.958989 0.0410107 0
0.99494 0.00505996 0
0.957719 0.0422812 0
0.954147 0.0458531 0
0.987373 0.0126266 0
0.930868 0.0691324 0
0.823116 0.176884 0
0.961358 0.0386424 0
0.833913 0.166087 0
0.993795 0.00620542 0
0.970084 0.0299164 0
0.95657 0.0434299 0
0.982669 0.0173311 0
0.908714 0.0912861 0
0.961564 0.038436 0
0.990927 0.00907253 0
0.993111 0.00688919 0
0.967255 0.0327446 0
0.913524 0.0864758 0
0.783908 0.216092 0
0.897779 0.102221 0
0.983064 0.0169358 0
0.981836 0.0181644 0
0.966187 0.0338127 0
0.92089 0.0791099 0
0.985331 0.014669 0
0.985911 0.0140885 0
0.960764 0.0392357 0
0.727796 0.272204 0
0.969876 0.0301236 0
0.917117 0.0828827 0
0.934886 0.0651145 0
0.937636 0.0623641 0
0.40221 0.59779 0
0.852413 0.147587 0
0.96775 0.0322497 0
0.958478 0.0415224 0
0.968484 0.0315156 0
0.967512 0.032488 0
0.868147 0.131853 0
0.979944 0.0200565 0
0.995574 0.00442562 0
0.989391 0.0106091 0
0.888461 0.111539 0
0.930362 0.0696376 0
0.963469 0.0365311 0
0.800293 0.199707 0
0.991998 0.00800221 0
0.2644 0.7356 0
0.989231 0.0107688 0
0.934192 0.0658078 0
0.966645 0.0333551 0
0.647929 0.352071 0
0.951901 0.0480994 0
0.920865 0.0791345 0
0.993349 0.00665054 0
0.300033 0.699967 0
0.967666 0.0323342 0
0.973294 0.0267055 0
0.98894 0.0110599 0
0.987804 0.0121963 0
0.985836 0.0141639 0
0.542257 0.457743 0
0.962459 0.0375405 0
0.964514 0.0354855 0
0.947493 0.0525073 0
0.896511 0.103489 0
0.986669 0.0133306 0
0.860918 0.139082 0
0.961413 0.0385872 0
0.941904 0.0580959 0
0.970302 0.0296982 0
0.869167 0.130833 0
0.912726 0.0872738 0
0.924769 0.0752314 0
0.87284 0.12716 0
0.968698 0.0313021 0
0.994388 0.00561155 0
0.785704 0.214296 0
0.97979 0.0202098 0
0.907866 0.0921344 0
0.840437 0.159563 0
0.968865 0.031135 0
0.964769 0.0352306 0
0.912059 0.0879408 0
0.986069 0.0139314 0
0.962593 0.0374073 0
0.967465 0.0325353 0
0.890329 0.109671 0
0.844399 0.155601 0
0.993102 0.00689829 0
0.642591 0.357408 0
0.981462 0.0185377 0
0.9134 0.0865997 0
0.916475 0.0835254 0
0.985691 0.014309 0
0.992628 0.00737171 0
0.915079 0.0849207 0
0.734774 0.265226 0
0.851695 0.148305 0
0.957522 0.0424777 0
0.992469 0.00753088 0
0.987673 0.0123269 0
0.955251 0.0447488 0
0.469915 0.530085 0
0.982082 0.0179176 0
0.862017 0.137983 0
0.958569 0.0414312 0
0.898706 0.101294 0
0.996419 0.00358116 0
0.984069 0.0159306 0
0.973512 0.0264885 0
0.892176 0.107824 0
0.968743 0.0312566 0
0.879649 0.120351 0
0.979452 0.0205476 0
0.964845 0.0351554 0
0.988918 0.0110819 0
0.918065 0.0819352 0
0.995904 0.00409651 0
0.995445 0.00455548 0
0.981172 0.0188277 0
0.985235 0.0147655 0
0.971427 0.0285729 0
0.954035 0.0459652 0
0.992778 0.0072218 0
0.987734 0.0122655 0
0.524626 0.475374 0
0.967168 0.0328323 0
0.959603 0.0403972 0
0.975156 0.0248435 0
0.929262 0.0707377 0
0.984863 0.0151367 0
0.980913 0.0190869 0
0.959389 0.0406108 0
0.96636 0.0336397 0
0.984353 0.0156468 0
0.970758 0.0292415 0
0.974038 0.0259618 0
0.994289 0.00571111 0
0.987716 0.0122842 0
0.808037 0.191963 0
0.989163 0.0108367 0
0.891468 0.108532 0
0.736235 0.263765 0
0.992463 0.00753749 0
0.970339 0.0296613 0
0.9934 0.00660018 0
0.8224 0.1776 0
0.965248 0.0347521 0
0.962784 0.0372159 0
0.990033 0.00996702 0
0.81178 0.18822 0
0.973965 0.0260354 0
0.986508 0.0134915 0
0.984176 0.0158243 0
0.961767 0.0382333 0
0.996446 0.00355431 0
0.987214 0.0127861 0
0.966287 0.0337129 0
0.995981 0.00401946 0
0.959619 0.0403809 0
0.967199 0.032801 0
0.993544 0.00645551 0
0.960323 0.0396766 0
0.937636 0.0623642 0
0.989898 0.0101021 0
0.97445 0.0255501 0
0.82289 0.17711 0
0.961343 0.038657 0
0.832633 0.167367 0
0.976885 0.0231155 0
0.958492 0.0415079 0
0.97855 0.0214502 0
0.872659 0.127341 0
0.567764 0.432236 0
0.835373 0.164627 0
0.988478 0.0115221 0
0.93071 0.0692905 0
0.931776 0.0682245 0
0.977306 0.0226941 0
0.97421 0.0257901 0
0.993138 0.00686161 0
0.979949 0.0200516 0
0.983609 0.0163912 0
0.942021 0.0579794 0
0.137204 0.862796 0
0.90554 0.0944599 0
0.246231 0.753769 0
0.968749 0.0312511 0
0.995097 0.00490273 0
0.980075 0.0199249 0
0.990191 0.00980868 0
0.989935 0.0100647 0
0.897372 0.102628 0
0.946328 0.0536723 0
0.498764 0.501236 0
0.12178 0.87822 0
0.990875 0.00912455 0
0.966265 0.0337349 0
0.648604 0.351396 0
0.950661 0.0493391 0
0.823188 0.176812 0
0.988447 0.0115527 0
0.930404 0.0695961 0
0.0255193 0.974481 1
0.108011 0.891989 1
0.44246 0.55754 1
0.0681441 0.931856 1
0.142861 0.857139 1
0.190288 0.809712 1
0.523216 0.476784 1
0.0908304 0.90917 1
0.883323 0.116677 1
0.505098 0.494902 1
0.0508866 0.949113 1
0.714309 0.285691 1
0.0888715 0.911129 1
0.398662 0.601338 1
0.0313027 0.968697 1
0.164786 0.835214 1
0.605683 0.394317 1
0.292845 0.707155 1
0.40753 0.59247 1
0.811699 0.188301 1
0.348093 0.651908 1
0.0362043 0.963796 1
0.318226 0.681774 1
0.120776 0.879224 1
0.0191899 0.98081 1
0.19568 0.80432 1
0.175771 0.824229 1
0.0831632 0.916837 1
0.0703662 0.929634 1
0.0408645 0.959136 1
0.579065 0.420935 1
0.0328977 0.967102 1
0.673059 0.326941 1
0.0227986 0.977201 1
0.415522 0.584478 1
0.0516272 0.948373 1
0.112691 0.887309 1
0.0557478 0.944252 1
0.0757576 0.924242 1
0.161258 0.838742 1
0.138064 0.861936 1
0.194313 0.805687 1
0.0269309 0.973069 1
0.315951 0.684049 1
0.0393787 0.960621 1
0.0911071 0.908893 1
0.0375588 0.962441 1
0.672553 0.327447 1
0.39272 0.60728 1
0.209834 0.790166 1
0.12908 0.87092 1
0.0489897 0.95101 1
0.931809 0.0681915 1
0.0671025 0.932897 1
0.763967 0.236033 1
0.0991232 0.900877 1
0.049439 0.950561 1
0.252354 0.747645 1
0.765202 0.234798 1
0.235685 0.764315 1
0.887896 0.112104 1
0.566787 0.433213 1
0.0302058 0.969794 1
0.0522037 0.947796 1
0.0477199 0.95228 1
0.0975094 0.902491 1
0.0917536 0.908246 1
0.225595 0.774405 1
0.680134 0.319866 1
0.0979821 0.902018 1
0.563758 0.436242 1
0.135629 0.864371 1
0.0873213 0.912679 1
0.290143 0.709857 1
0.960321 0.0396791 1
0.411508 0.588492 1
0.0242786 0.975721 1
0.18463 0.81537 1
0.0172 0.9828 1
0.0302618 0.969738 1
0.0406401 0.95936 1
0.783833 0.216167 1
0.962763 0.037237 1
0.0220291 0.977971 1
0.842669 0.15733 1
0.392907 0.607093 1
0.264077 0.735923 1
0.116079 0.883921 1
0.129219 0.870781 1
0.280144 0.719856 1
0.0712042 0.928796 1
0.021016 0.978984 1
0.133303 0.866697 1
0.317726 0.682274 1
0.0557691 0.944231 1
0.0329048 0.967095 1
0.0336923 0.966308 1
0.757223 0.242777 1
0.430724 0.569276 1
0.778539 0.221461 1
0.0685019 0.931498 1
0.078489 0.921511 1
0.852837 0.147163 1
0.0223114 0.977689 1
0.0447159 0.955284 1
0.207599 0.792401 1
0.163252 0.836748 1
0.105515 0.894485 1
0.257135 0.742865 1
0.188151 0.811849 1
0.0744308 0.925569 1
0.0333409 0.966659 1
0.43924 0.56076 1
0.0247266 0.975273 1
0.444616 0.555384 1
0.0487846 0.951215 1
0.675274 0.324726 1
0.0358285 0.964171 1
0.0430778 0.956922 1
0.246109 0.753891 1
0.707744 0.292256 1
0.431664 0.568336 1
0.139445 0.860555 1
0.536171 0.463829 1
0.341824 0.658176 1
0.741937 0.258063 1
0.98926 0.0107399 1
0.0283567 0.971643 1
0.0301447 0.969855 1
0.130021 0.869979 1
0.0313642 0.968636 1
0.0981649 0.901835 1
0.0552707 0.944729 1
0.0390884 0.960912 1
0.0323787 0.967621 1
0.13468 0.865319 1
0.0433217 0.956678 1
0.0157521 0.984248 1
0.0286994 0.971301 1
0.659756 0.340244 1
0.014109 0.985891 1
0.332148 0.667852 1
0.310944 0.689056 1
0.847077 0.152923 1
0.251554 0.748446 1
0.165112 0.834888 1
0.236976 0.763024 1
0.0204138 0.979586 1
0.10852 0.89148 1
0.48941 0.51059 1
0.0227764 0.977224 1
0.0266799 0.97332 1
0.0708637 0.929136 1
0.118293 0.881707 1
0.609527 0.390473 1
0.415329 0.584671 1
0.318239 0.681761 1
0.207696 0.792304 1
0.308604 0.691396 1
0.482017 0.517983 1
0.0471122 0.952888 1
0.0920374 0.907963 1
0.0227838 0.977216 1
0.0251929 0.974807 1
0.442583 0.557417 1
0.02407 0.97593 1
0.275835 0.724165 1
0.920247 0.0797528 1
0.480366 0.519634 1
0.0495745 0.950425 1
0.0177069 0.982293 1
0.108214 0.891786 1
0.734438 0.265562 1
0.526248 0.473752 1
0.688556 0.311444 1
0.208656 0.791344 1
0.280325 0.719675 1
0.883867 0.116133 1
0.0291515 0.970849 1
0.0937405 0.906259 1
0.436533 0.563467 1
0.815775 0.184225 1
0.027629 0.972371 1
0.0476402 0.95236 1
0.860838 0.139162 1
0.246345 0.753655 1
0.165531 0.834469 1
0.95293 0.0470697 1
0.139958 0.860042 1
0.437209 0.562791 1
0.0880801 0.91192 1
0.738984 0.261016 1
0.665231 0.334769 1
0.329069 0.670931 1
0.744018 0.255982 1
0.806995 0.193005 1
0.332907 0.667093 1
0.0347923 0.965208 1
0.0572365 0.942764 1
0.121617 0.878383 1
0.165953 0.834047 1
0.571396 0.428604 1
0.059079 0.940921 1
0.0730918 0.926908 1
0.143682 0.856318 1
0.0200968 0.979903 1
0.023448 0.976552 1
0.562551 0.437449 1
0.737704 0.262296 1
0.0743951 0.925605 1
0.028562 0.971438 1
0.0282058 0.971794 1
0.823054 0.176946 1
0.409734 0.590266 1
0.041192 0.958808 1
0.0318462 0.968154 1
0.950664 0.0493365 1
0.635584 0.364416 1
0.229087 0.770913 1
0.0155675 0.984433 1
0.0433905 0.95661 1
0.0999134 0.900087 1
0.0162722 0.983728 1
0.82852 0.17148 1
0.0215576 0.978442 1
0.323013 0.676987 1
0.050545 0.949455 1
0.950878 0.0491223 1
0.378388 0.621612 1
0.932611 0.0673885 1
0.184898 0.815102 1
0.608014 0.391986 1
0.617678 0.382322 1
0.0518009 0.948199 1
0.298182 0.701818 1
0.0462947 0.953705 1
0.175095 0.824905 1
0.798935 0.201065 1
0.196623 0.803377 1
0.06548 0.93452 1
0.545986 0.454014 1
0.823791 0.176209 1
0.248228 0.751772 1
0.319794 0.680206 1
0.69866 0.30134 1
0.0777754 0.922225 1
0.225698 0.774302 1
0.0234189 0.976581 1
0.0477408 0.952259 1
0.017307 0.982693 1
0.0194713 0.980529 1
0.114116 0.885884 1
0.367247 0.632753 1
0.217906 0.782094 1
0.406147 0.593853 1
0.147762 0.852238 1
0.102123 0.897877 1
0.509298 0.490702 1
0.278786 0.721214 1
0.986336 0.0136639 1
0.0227137 0.977286 1
0.298628 0.701372 1
0.891083 0.108917 1
0.125222 0.874778 1
0.0479869 0.952013 1
0.023229 0.976771 1
0.0627051 0.937295 1
0.0248844 0.975116 1
0.915566 0.084434 1
0.410632 0.589368 1
0.0490009 0.950999 1
0.714654 0.285346 1
0.814061 0.185939 1
0.904513 0.0954873 1
0.067941 0.932059 1
0.0441545 0.955845 1
0.0702567 0.929743 1
0.114172 0.885828 1
0.0260985 0.973902 1
0.0448556 0.955144 1
0.0459663 0.954034 1
0.0346846 0.965315 1
0.657268 0.342732 1
0.115287 0.884713 1
0.164514 0.835486 1
0.071976 0.928024 1
0.0742405 0.925759 1
0.761725 0.238275 1
0.120915 0.879085 1
0.0350318 0.964968 1
0.129581 0.870419 1
0.0338462 0.966154 1
0.761108 0.238892 1
0.0603373 0.939663 1
0.0991063 0.900894 1
0.759496 0.240504 1
0.10573 0.89427 1
0.588583 0.411417 1
0.0210266 0.978973 1
0.0606624 0.939338 1
0.220805 0.779195 1
0.921386 0.0786139 1
0.0347432 0.965257 1
0.135441 0.864559 1
0.0290742 0.970926 1
0.0528225 0.947178 1
0.667382 0.332618 1
0.0396902 0.96031 1
0.269469 0.730531 1
0.340643 0.659357 1
0.0572409 0.942759 1
0.699452 0.300548 1
0.115535 0.884465 1
0.195797 0.804203 1
0.403157 0.596843 1
0.184069 0.815931 1
0.195615 0.804385 1
0.0453048 0.954695 1
0.629563 0.370437 1
0.0343225 0.965678 1
0.145286 0.854714 1
0.110265 0.889735 1
0.466122 0.533878 1
0.0514765 0.948523 1
0.517374 0.482626 1
0.116116 0.883884 1
0.226364 0.773636 1
0.0340752 0.965925 1
0.0473824 0.952618 1
0.167404 0.832596 1
0.0359387 0.964061 1
0.050607 0.949393 1
0.151066 0.848934 1
0.860721 0.139279 1
0.0532345 0.946765 1
0.356858 0.643143 1
0.0552503 0.94475 1
0.258528 0.741472 1
0.0236009 0.976399 1
0.146875 0.853125 1
0.398068 0.601932 1
0.0628037 0.937196 1
0.781452 0.218548 1
0.293055 0.706945 1
0.751232 0.248768 1
0.133196 0.866804 1
0.0322264 0.967774 1
0.298055 0.701945 1
0.312581 0.687419 1
0.0327702 0.96723 1
0.363948 0.636052 1
0.69051 0.30949 1
0.0314001 0.9686 1
0.68419 0.31581 1
0.958053 0.0419468 1
0.0731013 0.926899 1
0.561911 0.438089 1
0.947201 0.0527994 1
0.0240526 0.975947 1
0.0278277 0.972172 1
0.911171 0.0888289 1
0.270159 0.729841 1
0.81154 0.18846 1
0.0976204 0.90238 1
0.0893328 0.910667 1
0.0841518 0.915848 1
0.0322508 0.967749 1
0.114153 0.885847 1
0.834605 0.165395 1
0.0841508 0.915849 1
0.38288 0.61712 1
0.917201 0.0827989 1
0.1266 0.8734 1
0.90964 0.0903603 1
0.0566501 0.94335 1
0.095275 0.904725 1
0.509851 0.490149 1
0.877556 0.122444 1
0.671195 0.328805 1
0.0272884 0.972712 1
0.80635 0.19365 1
0.0407822 0.959218 1
0.218256 0.781744 1
0.0285443 0.971456 1
0.0496927 0.950307 1
0.338218 0.661782 1
0.151026 0.848974 1
0.862272 0.137728 1
0.245612 0.754387 1
0.0229675 0.977033 1
0.0564365 0.943564 1
0.12071 0.87929 1
0.0242952 0.975705 1
0.0178028 0.982197 1
0.186434 0.813566 1
0.868129 0.131871 1
0.0279354 0.972065 1
0.527492 0.472508 1
0.82836 0.17164 1
0.322024 0.677976 1
0.565753 0.434247 1
0.426042 0.573958 1
0.026772 0.973228 1
0.056183 0.943817 1
0.05244 0.94756 1
0.100379 0.899621 1
0.0561225 0.943878 1
0.37276 0.62724 1
0.600275 0.399725 1
0.297171 0.702829 1
0.258195 0.741805 1
0.887508 0.112492 1
0.887243 0.112757 1
0.633328 0.366672 1
0.764325 0.235675 1
0.783264 0.216736 1
0.0332714 0.966729 1
0.0309862 0.969014 1
0.091861 0.908139 1
0.0394231 0.960577 1
0.028456 0.971544 1
0.319982 0.680018 1
0.260137 0.739863 1
0.0386297 0.96137 1
0.181273 0.818727 1
0.0392983 0.960702 1
0.507329 0.492671 1
0.0516914 0.948309 1
0.0453259 0.954674 1
0.399363 0.600637 1
0.912697 0.0873034 1
0.0379558 0.962044 1
0.416413 0.583587 1
0.0210975 0.978903 1
0.132158 0.867842 1
0.350276 0.649724 1
0.57786 0.42214 1
0.702628 0.297372 1
0.0305992 0.969401 1
0.072988 0.927012 1
0.942344 0.0576561 1
0.0702486 0.929751 1
0.0761023 0.923898 1
0.63096 0.36904 1
0.281296 0.718704 1
0.437828 0.562172 1
0.176303 0.823697 1
0.631887 0.368113 1
0.144575 0.855425 1
0.0428864 0.957114 1
0.0693954 0.930605 1
0.964131 0.0358685 1
0.0540671 0.945933 1
0.0270805 0.972919 1
0.73063 0.26937 1
0.038617 0.961383 1
0.11039 0.88961 1
0.948773 0.0512266 1
0.282597 0.717403 1
0.0510042 0.948996 1
0.0559127 0.944087 1
0.0794447 0.920555 1
0.0402051 0.959795 1
0.17476 0.82524 1
0.785055 0.214945 1
0.0571694 0.942831 1
0.328508 0.671492 1
0.12766 0.87234 1
0.720243 0.279757 1
0.0136498 0.98635 1
0.190751 0.809249 1
0.0383633 0.961637 1
0.579419 0.420581 1
0.0872037 0.912796 1
0.086883 0.913117 1
0.796173 0.203827 1
0.0422749 0.957725 1
0.0300792 0.969921 1
0.15014 0.84986 1
0.888864 0.111136 1
0.0511503 0.94885 1
0.207925 0.792075 1
0.0426786 0.957321 1
0.661757 0.338243 1
0.0417102 0.95829 1
0.49835 0.50165 1
0.0259148 0.974085 1
0.0375386 0.962461 1
0.142878 0.857122 1
0.0181693 0.981831 1
0.0277924 0.972208 1
0.0661601 0.93384 1
0.466194 0.533806 1
0.773084 0.226916 1
0.0366781 0.963322 1
0.0266687 0.973331 1
0.264531 0.735469 1
0.858887 0.141113 1
0.230644 0.769356 1
0.39592 0.60408 1
0.0263505 0.97365 1
0.233206 0.766794 1
0.0705478 0.929452 1
0.0652556 0.934744 1
0.0550594 0.944941 1
0.22175 0.77825 1
0.349317 0.650683 1
0.666057 0.333943 1
0.0427247 0.957275 1
0.0306986 0.969301 1
0.0405332 0.959467 1
0.657958 0.342042 1
0.105538 0.894462 1
0.81157 0.18843 1
0.0405576 0.959442 1
0.084121 0.915879 1
0.0150729 0.984927 1
0.0403856 0.959614 1
0.0288367 0.971163 1
0.736408 0.263592 1
0.0960738 0.903926 1
0.133113 0.866887 1
0.857133 0.142867 1
0.668149 0.331851 1
0.128128 0.871872 1
0.143466 0.856534 1
0.777535 0.222465 1
0.124583 0.875417 1
0.0795513 0.920449 1
0.216427 0.783573 1
0.864779 0.135221 1
0.0148138 0.985186 1
0.153171 0.846829 1
0.178629 0.821371 1
0.0679993 0.932001 1
0.870157 0.129843 1
0.0625258 0.937474 1
0.131222 0.868778 1
0.0728211 0.927179 1
0.183913 0.816087 1
0.101156 0.898844 1
0.475935 0.524065 1
0.819423 0.180577 1
0.0454017 0.954598 1
0.0671573 0.932843 1
0.252606 0.747394 1
0.502325 0.497675 1
0.116743 0.883257 1
0.0286956 0.971304 1
0.154759 0.845241 1
0.0784309 0.921569 1
0.613437 0.386563 1
0.373323 0.626677 1
0.0818274 0.918173 1
0.0232103 0.97679 1
0.187122 0.812878 1
0.145233 0.854767 1
0.742147 0.257853 1
0.0370557 0.962944 1
0.036592 0.963408 1
0.317895 0.682105 1
0.774111 0.225889 1
0.111796 0.888204 1
0.245819 0.754181 1
0.128029 0.871971 1
0.0744349 0.925565 1
0.34357 0.65643 1
0.0506295 0.94937 1
0.857456 0.142544 1
0.0489094 0.951091 1
0.972404 0.0275964 1
0.550324 0.449676 1
0.120616 0.879384 1
0.0464101 0.95359 1
0.457746 0.542254 1
0.0508452 0.949155 1
0.0392231 0.960777 1
0.128036 0.871964 1
0.0313327 0.968667 1
0.0298512 0.970149 1
0.0310672 0.968933 1
0.0426489 0.957351 1
0.796407 0.203593 1
0.0432599 0.95674 1
0.0239051 0.976095 1
0.114363 0.885637 1
0.62076 0.37924 1
0.189737 0.810263 1
0.0313881 0.968612 1
0.030927 0.969073 1
0.0156967 0.984303 1
0.322333 0.677666 1
0.0247787 0.975221 1
0.709696 0.290304 1
0.313696 0.686304 1
0.0280578 0.971942 1
0.936483 0.0635173 1
0.0184257 0.981574 1
0.0459166 0.954083 1
0.629849 0.370151 1
0.0492469 0.950753 1
0.641632 0.358368 1
0.528732 0.471268 1
0.505647 0.494353 1
0.763133 0.236867 1
0.0246827 0.975317 1
0.441782 0.558218 1
0.721942 0.278058 1
0.095406 0.904594 1
0.45274 0.54726 1
0.120609 0.879391 1
0.0595091 0.940491 1
0.0300446 0.969955 1
0.0380717 0.961928 1
0.104658 0.895342 1
0.0248584 0.975142 1
0.0385775 0.961422 1
0.954406 0.0455941 1
0.0422107 0.957789 1
0.0394333 0.960567 1
0.890294 0.109706 1
0.652593 0.347406 1
0.259738 0.740262 1
0.0362553 0.963745 1
0.404349 0.595651 1
0.0477561 0.952244 1
0.0965 0.9035 1
0.642923 0.357077 1
0.128024 0.871976 1
0.0342337 0.965766 1
0.034119 0.965881 1
0.509857 0.490143 1
0.128124 0.871876 1
0.240247 0.759753 1
0.0703995 0.9296 1
0.0487614 0.951239 1
0.0251153 0.974885 1
0.0288192 0.971181 1
0.396024 0.603976 1
0.315145 0.684855 1
0.277832 0.722168 1
0.0171933 0.982807 1
0.205815 0.794185 1
0.762002 0.237998 1
0.0396875 0.960312 1
0.15674 0.84326 1
0.0912224 0.908778 1
0.0586549 0.941345 1
0.033909 0.966091 1
0.789282 0.210718 1
0.0289907 0.971009 1
0.0813541 0.918646 1
0.0398927 0.960107 1
0.07823 0.92177 1
0.0952723 0.904728 1
0.506846 0.493154 1
0.0254423 0.974558 1
0.0188271 0.981173 1
0.179758 0.820242 1
0.0441996 0.9558 1
0.0188385 0.981161 1
0.048053 0.951947 1
0.0528355 0.947165 1
0.925836 0.0741642 1
0.0251783 0.974822 1
0.295593 0.704406 1
0.0213105 0.978689 1
0.474194 0.525806 1
0.628014 0.371986 1
0.219185 0.780815 1
0.0529215 0.947078 1
0.0391082 0.960892 1
0.033109 0.966891 1
0.294773 0.705227 1
0.0697331 0.930267 1
0.0298509 0.970149 1
0.12584 0.87416 1
0.227165 0.772835 1
0.970093 0.0299066 1
0.0372368 0.962763 1
0.103879 0.896121 1
0.903944 0.0960565 1
0.920393 0.0796071 1
0.641279 0.358722 1
0.0382202 0.96178 1
0.265356 0.734644 1
0.255948 0.744052 1
0.0363723 0.963628 1
0.899496 0.100504 1
0.0661255 0.933874 1
0.169868 0.830132 1
0.0439909 0.956009 1
0.095896 0.904104 1
0.0360266 0.963973 1
0.140955 0.859045 1
0.0310415 0.968958 1
0.0511459 0.948854 1
0.0291704 0.97083 1
0.597007 0.402993 1
0.10972 0.89028 1
0.0341784 0.965822 1
0.756332 0.243668 1
0.34341 0.65659 1
0.247086 0.752914 1
0.0517967 0.948203 1
0.0353177 0.964682 1
0.100336 0.899664 1
0.580497 0.419503 1
0.428148 0.571852 1
0.701464 0.298536 1
0.138328 0.861672 1
0.174345 0.825655 1
0.122109 0.877891 1
0.028447 0.971553 1
0.225799 0.774202 1
0.370501 0.629499 1
0.580817 0.419183 1
0.759616 0.240384 1
0.538633 0.461367 1
0.0610048 0.938995 1
0.0656135 0.934386 1
0.888388 0.111612 1
0.966438 0.0335622 1
0.0166929 0.983307 1
0.66767 0.33233 1
0.0505219 0.949478 1
0.130444 0.869556 1
0.0202872 0.979713 1
0.036099 0.963901 1
0.153521 0.846479 1
0.35594 0.64406 1
0.0346692 0.965331 1
0.0296458 0.970354 1
0.872736 0.127264 1
0.356989 0.643011 1
0.0861239 0.913876 1
0.0625506 0.937449 1
0.0460011 0.953999 1
0.0806816 0.919318 1
0.0197111 0.980289 1
0.712654 0.287346 1
0.0222279 0.977772 1
0.0377728 0.962227 1
0.980539 0.0194609 1
0.222645 0.777355 1
0.0399766 0.960023 1
0.351635 0.648365 1
0.0220763 0.977924 1
0.0605786 0.939421 1
0.270804 0.729196 1
0.0568967 0.943103 1
0.638101 0.361899 1
0.117511 0.882489 1
0.820868 0.179132 1
0.976444 0.0235564 1
0.0201104 0.97989 1
0.0340623 0.965938 1
0.960546 0.0394535 1
0.646374 0.353626 1
0.0360523 0.963948 1
0.88891 0.11109 1
0.0704881 0.929512 1
0.402536 0.597464 1
0.292928 0.707072 1
0.729216 0.270784 1
0.0568923 0.943108 1
0.15766 0.84234 1
0.120093 0.879907 1
0.0444451 0.955555 1
0.950805 0.0491948 1
0.163436 0.836564 1
0.0214168 0.978583 1
0.0999376 0.900062 1
0.109932 0.890068 1
0.0360755 0.963925 1
0.948079 0.0519212 1
0.138803 0.861197 1
0.0287542 0.971246 1
0.0269084 0.973092 1
0.0401548 0.959845 1
0.0276436 0.972356 1
0.0654469 0.934553 1
0.0146269 0.985373 1
0.0994777 0.900522 1
0.0431925 0.956807 1
0.394581 0.605419 1
0.0798448 0.920155 1
0.0331751 0.966825 1
0.51929 0.48071 1
0.0356981 0.964302 1
0.0356986 0.964301 1
0.794725 0.205275 1
0.360315 0.639685 1
0.0303501 0.96965 1
0.101281 0.898719 1
0.92074 0.0792596 1
0.421615 0.578385 1
0.879355 0.120645 1
0.155993 0.844007 1
0.819649 0.180351 1
0.878651 0.121349 1
0.480169 0.519831 1
0.921332 0.0786681 1
0.827208 0.172792 1
0.0183797 0.98162 1
0.50119 0.49881 1
0.846428 0.153572 1
0.0298061 0.970194 1
0.884416 0.115584 1
0.684717 0.315283 1
0.026184 0.973816 1
0.362826 0.637174 1
0.18641 0.81359 1
0.0217465 0.978253 1
0.0371309 0.962869 1
0.712276 0.287724 1
0.294047 0.705953 1
0.164075 0.835925 1
0.147539 0.852461 1
0.0704793 0.929521 1
0.0302672 0.969733 1
0.0636502 0.93635 1
0.405074 0.594926 1
0.0536155 0.946384 1
0.608078 0.391922 1
0.979743 0.0202565 1
0.688595 0.311405 1
0.217149 0.782851 1
0.769314 0.230686 1
0.194984 0.805016 1
0.459838 0.540162 1
0.0579871 0.942013 1
0.234137 0.765863 1
0.172453 0.827547 1
0.378237 0.621763 1
0.626132 0.373868 1
0.0332776 0.966722 1
0.0575437 0.942456 1
0.487196 0.512804 1
0.0208906 0.979109 1
0.296695 0.703305 1
0.0603998 0.9396 1
0.886171 0.113829 1
0.02318 0.97682 1
0.140458 0.859542 1
0.844391 0.155609 1
0.968058 0.031942 1
0.0644824 0.935518 1
0.0333321 0.966668 1
0.746686 0.253314 1
0.133784 0.866216 1
0.0394903 0.96051 1
0.07057 0.92943 1
0.67676 0.32324 1
0.827652 0.172348 1
0.0277854 0.972215 1
0.0583359 0.941664 1
0.054547 0.945453 1
0.0319812 0.968019 1
0.0363862 0.963614 1
0.0141694 0.985831 1
0.0963913 0.903609 1
0.618764 0.381236 1
0.115572 0.884428 1
0.0813464 0.918654 1
0.431135 0.568865 1
0.790778 0.209222 1
0.185331 0.814669 1
0.438793 0.561207 1
0.0525469 0.947453 1
0.0214266 0.978573 1
0.0203183 0.979682 1
0.0208451 0.979155 1
0.195512 0.804488 1
0.0911457 0.908854 1
0.0305467 0.969453 1
0.0972633 0.902737 1
0.0393496 0.96065 1
0.0229863 0.977014 1
0.0584305 0.941569 1
0.0368146 0.963185 1
0.0550833 0.944917 1
0.065158 0.934842 1
0.159157 0.840843 1
0.741379 0.258621 1
0.429742 0.570258 1
0.108734 0.891266 1
0.0920596 0.90794 1
0.0563164 0.943684 1
0.0271254 0.972875 1
0.0440414 0.955959 1
0.47676 0.52324 1
0.146798 0.853202 1
0.0294908 0.970509 1
0.0620064 0.937994 1
0.259185 0.740815 1
0.351691 0.648309 1
0.0310733 0.968927 1
0.0302749 0.969725 1
0.249864 0.750136 1
0.111193 0.888807 1
0.429919 0.570081 1
0.805319 0.194681 1
0.0252483 0.974752 1
0.790533 0.209467 1
0.589527 0.410473 1
0.32312 0.67688 1
0.856836 0.143164 1
0.239973 0.760027 1
0.0721781 0.927822 1
0.0331636 0.966836 1
0.353473 0.646527 1
0.0256326 0.974367 1
0.0473468 0.952653 1
0.0243105 0.97569 1
0.34414 0.65586 1
0.435539 0.564461 1
0.174199 0.825801 1
0.0262418 0.973758 1
0.0749996 0.925 1
0.095366 0.904634 1
0.729158 0.270842 1
0.872585 0.127416 1
0.26967 0.73033 1
0.256003 0.743997 1
0.219279 0.780721 1
0.044881 0.955119 1
0.833238 0.166762 1
0.192567 0.807433 1
0.848954 0.151046 1
0.0623022 0.937698 1
0.76599 0.23401 1
0.47572 0.52428 1
0.0589669 0.941033 1
0.039444 0.960556 1
0.021253 0.978747 1
0.037444 0.962556 1
0.0243719 0.975628 1
0.0173992 0.982601 1
0.020688 0.979312 1
0.0281396 0.97186 1
0.0184332 0.981567 1
0.0221986 0.977801 1
0.32531 0.67469 1
0.0424518 0.957548 1
0.0571768 0.942823 1
0.183148 0.816852 1
0.849424 0.150576 1
0.0239538 0.976046 1
0.0325921 0.967408 1
0.671152 0.328848 1
0.148435 0.851565 1
0.351907 0.648093 1
0.054114 0.945886 1
0.826602 0.173398 1
0.180189 0.819811 1
0.0291238 0.970876 1
0.908418 0.091582 1
0.195291 0.804709 1
0.108734 0.891266 1
0.758717 0.241283 1
0.424948 0.575052 1
0.683729 0.316271 1
0.618165 0.381835 1
0.149371 0.850629 1
0.0304766 0.969523 1
0.129404 0.870596 1
0.141703 0.858297 1
0.0434243 0.956576 1
0.552828 0.447172 1
0.84821 0.15179 1
0.0686845 0.931315 1
0.200705 0.799295 1
0.0802301 0.91977 1
0.138885 0.861115 1
0.0428221 0.957178 1
0.386211 0.613789 1
0.970757 0.0292432 1
0.648218 0.351782 1
0.161853 0.838147 1
0.329817 0.670183 1
0.218555 0.781445 1
0.531488 0.468512 1
0.0350039 0.964996 1
0.0355093 0.964491 1
0.0676752 0.932325 1
0.162696 0.837304 1
0.0351908 0.964809 1
0.517652 0.482348 1
0.0299726 0.970027 1
0.0365984 0.963402 1
0.206694 0.793306 1
0.406035 0.593965 1
0.054318 0.945682 1
0.947247 0.0527532 1
0.0328107 0.967189 1
0.0532063 0.946794 1
0.508827 0.491173 1
0.0272899 0.97271 1
0.0332296 0.96677 1
