0.998 0.00199956 0
0.999014 0.000985671 0
0.94573 0.0542699 0
0.992899 0.00710102 0
0.787346 0.212654 0
0.992912 0.00708813 0
0.855717 0.144282 0
0.993233 0.00676698 0
0.949383 0.050617 0
0.872293 0.127707 0
0.952696 0.047304 0
0.974563 0.0254365 0
0.990181 0.00981914 0
0.8772 0.1228 0
0.955236 0.0447644 0
0.66513 0.33487 0
0.0592572 0.940743 0
0.995296 0.00470372 0
0.0975063 0.902494 0
0.986467 0.0135327 0
0.998402 0.00159824 0
0.998105 0.00189482 0
0.997419 0.00258112 0
0.954031 0.0459693 0
0.963053 0.0369475 0
0.97365 0.0263503 0
0.997326 0.00267373 0
0.922401 0.0775986 0
0.986855 0.0131448 0
0.990096 0.00990387 0
0.991952 0.00804787 0
0.733173 0.266827 0
0.977792 0.0222084 0
0.992728 0.00727252 0
0.923452 0.076548 0
0.996878 0.0031216 0
0.956718 0.0432822 0
0.759185 0.240815 0
0.995763 0.00423718 0
0.996468 0.00353181 0
0.987544 0.0124564 0
0.959033 0.0409673 0
0.918964 0.0810363 0
0.696329 0.303671 0
0.992105 0.00789454 0
0.997742 0.00225778 0
0.981908 0.0180921 0
0.982347 0.0176532 0
0.999581 0.000418585 0
0.863536 0.136464 0
0.968099 0.0319008 0
0.986413 0.0135873 0
0.982375 0.0176246 0
0.998306 0.00169375 0
0.699229 0.300771 0
0.99356 0.00644022 0
0.999409 0.000591255 0
0.820113 0.179887 0
0.988034 0.0119657 0
0.123747 0.876253 0
0.610471 0.389529 0
0.931008 0.0689922 0
0.670149 0.329851 0
0.99657 0.00343026 0
0.667477 0.332523 0
0.996969 0.00303077 0
0.546082 0.453918 0
0.999294 0.000705677 0
0.973481 0.0265189 0
0.974289 0.025711 0
0.999263 0.000737145 0
0.978105 0.0218946 0
0.991528 0.00847165 0
0.9821 0.0178999 0
0.26577 0.73423 0
0.987789 0.0122106 0
0.998275 0.00172535 0
0.993663 0.00633722 0
0.999749 0.000250834 0
0.967834 0.0321661 0
0.982678 0.0173225 0
0.988178 0.0118217 0
0.998855 0.00114538 0
0.962156 0.0378436 0
0.889325 0.110675 0
0.999185 0.000815303 0
0.92784 0.0721602 0
0.998882 0.00111748 0
0.992081 0.00791897 0
0.989504 0.0104963 0
0.977896 0.0221041 0
0.999794 0.000205957 0
0.996356 0.00364439 0
0.973383 0.0266169 0
0.985562 0.0144385 0
0.943572 0.056428 0
0.99916 0.000840289 0
0.83002 0.169979 0
0.973269 0.0267315 0
0.997837 0.0021627 0
0.0366885 0.963311 0
0.981304 0.0186964 0
0.998174 0.00182627 0
0.997617 0.00238278 0
0.998076 0.00192352 0
0.801818 0.198182 0
0.628552 0.371448 0
0.976281 0.0237186 0
0.974059 0.025941 0
0.989294 0.0107064 0
0.986294 0.0137061 0
0.99829 0.00171001 0
0.702914 0.297086 0
0.999239 0.000760923 0
0.997802 0.00219752 0
0.997985 0.00201478 0
0.226156 0.773844 0
0.489507 0.510493 0
0.88394 0.11606 0
0.394608 0.605392 0
0.990708 0.00929214 0
0.869778 0.130222 0
0.979632 0.0203684 0
0.995089 0.00491098 0
0.994201 0.00579846 0
0.994648 0.0053523 0
0.898723 0.101277 0
0.998265 0.0017349 0
0.907044 0.092956 0
0.994873 0.0051268 0
0.0103183 0.989682 0
0.866152 0.133848 0
0.997968 0.00203177 0
0.986413 0.0135873 0
0.999763 0.000236643 0
0.999583 0.000416986 0
0.980149 0.0198509 0
0.998774 0.00122619 0
0.997908 0.00209177 0
0.926534 0.0734661 0
0.990937 0.00906313 0
0.733279 0.266721 0
0.991043 0.00895676 0
0.990767 0.00923283 0
0.990848 0.00915217 0
0.964321 0.0356786 0
0.996013 0.0039869 0
0.991209 0.00879075 0
0.989362 0.0106384 0
0.588142 0.411858 0
0.993179 0.00682116 0
0.992768 0.00723167 0
0.995356 0.00464434 0
0.968629 0.0313707 0
0.310705 0.689295 0
0.956837 0.0431627 0
0.739107 0.260893 0
0.642437 0.357563 0
0.835781 0.164219 0
0.958553 0.0414469 0
0.90951 0.09049 0
0.934543 0.065457 0
0.999745 0.000255119 0
0.993798 0.00620164 0
0.357584 0.642416 0
0.976841 0.0231588 0
0.883915 0.116085 0
0.996489 0.00351126 0
0.998739 0.00126131 0
0.990652 0.00934829 0
0.999118 0.000881811 0
0.829839 0.170161 0
0.104805 0.895195 0
0.95814 0.0418596 0
0.987526 0.0124744 0
0.970371 0.0296289 0
0.442588 0.557412 0
0.999408 0.000591896 0
0.994237 0.00576346 0
0.994372 0.00562849 0
0.987393 0.0126072 0
0.998926 0.00107372 0
0.998616 0.00138429 0
0.884016 0.115984 0
0.712683 0.287317 0
0.360126 0.639874 0
0.99946 0.00054007 0
0.0396496 0.96035 0
0.853658 0.146342 0
0.968578 0.0314219 0
0.996761 0.00323883 0
0.989534 0.0104657 0
0.970893 0.0291067 0
0.984726 0.0152743 0
0.999234 0.00076641 0
0.999644 0.000355809 0
0.997242 0.0027581 0
0.962663 0.0373372 0
0.994322 0.00567811 0
0.93085 0.0691501 0
0.711878 0.288122 0
0.998806 0.0011936 0
0.980589 0.0194108 0
0.997387 0.00261277 0
0.862484 0.137516 0
0.995803 0.00419729 0
0.99828 0.00172009 0
0.992057 0.00794294 0
0.977709 0.0222911 0
0.688529 0.311471 0
0.559036 0.440964 0
0.05855 0.94145 0
0.998408 0.00159173 0
0.892508 0.107492 0
0.861765 0.138235 0
0.993721 0.0062786 0
0.145139 0.854861 0
0.97229 0.0277101 0
0.985059 0.0149408 0
0.951696 0.0483044 0
0.999353 0.00064698 0
0.998089 0.00191114 0
0.99971 0.000290015 0
0.924857 0.075143 0
0.986425 0.013575 0
0.960253 0.0397469 0
0.307324 0.692676 0
0.974847 0.0251526 0
0.906155 0.0938453 0
0.987956 0.0120443 0
0.909047 0.0909532 0
0.872978 0.127022 0
0.96482 0.0351797 0
0.999376 0.000624034 0
0.979019 0.0209805 0
0.998839 0.00116132 0
0.995467 0.00453258 0
0.978269 0.0217305 0
0.999007 0.000993069 0
0.995291 0.00470935 0
0.715172 0.284828 0
0.977582 0.0224179 0
0.906006 0.0939938 0
0.998973 0.00102667 0
0.961542 0.0384578 0
0.998787 0.00121328 0
0.962509 0.0374908 0
0.991747 0.00825287 0
0.875715 0.124285 0
0.988933 0.0110671 0
0.98594 0.0140595 0
0.997692 0.00230827 0
0.948705 0.0512948 0
0.984579 0.0154208 0
0.151603 0.848397 0
0.925801 0.0741991 0
0.997689 0.00231094 0
0.273985 0.726015 0
0.398364 0.601636 0
0.989574 0.010426 0
0.861808 0.138192 0
0.386081 0.613919 0
0.999593 0.00040722 0
0.969927 0.0300729 0
0.997742 0.00225813 0
0.898997 0.101003 0
0.985725 0.0142747 0
0.996597 0.00340353 0
0.773795 0.226205 0
0.998891 0.00110884 0
0.988742 0.0112583 0
0.877756 0.122244 0
0.997641 0.00235891 0
0.988963 0.011037 0
0.997289 0.00271088 0
0.997813 0.00218656 0
0.987836 0.0121643 0
0.999431 0.000568871 0
0.989614 0.0103863 0
0.490483 0.509517 0
0.981316 0.018684 0
0.976692 0.0233075 0
0.994847 0.00515279 0
0.999029 0.000970768 0
0.631337 0.368663 0
0.990458 0.00954159 0
0.998685 0.00131528 0
0.998023 0.00197722 0
0.995224 0.00477634 0
0.898309 0.101691 0
0.22904 0.77096 0
0.997282 0.00271771 0
0.9083 0.0917005 0
0.919452 0.0805483 0
0.990927 0.00907346 0
0.998451 0.00154866 0
0.998398 0.00160232 0
0.882505 0.117495 0
0.995362 0.00463805 0
0.998618 0.00138154 0
0.958191 0.0418088 0
0.897265 0.102735 0
0.995867 0.00413308 0
0.997244 0.00275632 0
0.919573 0.0804266 0
0.93854 0.0614597 0
0.16101 0.83899 0
0.994345 0.00565477 0
0.999511 0.000488537 0
0.997483 0.00251656 0
0.995645 0.00435515 0
0.846557 0.153443 0
0.997608 0.00239209 0
0.980162 0.0198376 0
0.991054 0.0089455 0
0.986799 0.0132007 0
0.963365 0.0366351 0
0.909722 0.0902784 0
0.993868 0.00613187 0
0.995437 0.00456296 0
0.981514 0.0184865 0
0.932663 0.067337 0
0.990077 0.00992257 0
0.99231 0.00768969 0
0.331949 0.668051 0
0.97462 0.0253798 0
0.980277 0.0197226 0
0.982209 0.0177914 0
0.99229 0.00771004 0
0.792023 0.207977 0
0.9966 0.00340005 0
0.992456 0.00754411 0
0.962633 0.0373671 0
0.993608 0.00639156 0
0.960202 0.0397983 0
0.998638 0.00136196 0
0.938228 0.0617723 0
0.998194 0.00180637 0
0.585995 0.414005 0
0.643493 0.356507 0
0.980756 0.0192442 0
0.990838 0.00916207 0
0.999319 0.000680867 0
0.997538 0.0024621 0
0.987479 0.0125212 0
0.992578 0.00742231 0
0.99747 0.00252996 0
0.72516 0.27484 0
0.972924 0.0270765 0
0.974814 0.0251862 0
0.659203 0.340797 0
0.132095 0.867905 0
0.999212 0.000787597 0
0.998777 0.00122294 0
0.984961 0.0150391 0
0.891142 0.108858 0
0.999185 0.000815207 0
0.997675 0.00232527 0
0.997016 0.00298398 0
0.977222 0.0227777 0
0.862365 0.137635 0
0.999051 0.000949455 0
0.934532 0.0654682 0
0.997341 0.00265941 0
0.993016 0.00698421 0
0.814964 0.185036 0
0.981128 0.0188723 0
0.999151 0.000848558 0
0.981949 0.0180512 0
0.983331 0.0166688 0
0.991133 0.00886662 0
0.995448 0.00455191 0
0.992666 0.00733403 0
0.240796 0.759204 0
0.977307 0.0226933 0
0.996774 0.0032255 0
0.995428 0.00457217 0
0.980919 0.0190807 0
0.968543 0.0314572 0
0.973103 0.0268973 0
0.996863 0.003137 0
0.998658 0.00134177 0
0.930912 0.0690883 0
0.949818 0.0501821 0
0.998966 0.00103443 0
0.979773 0.0202268 0
0.925583 0.0744173 0
0.994211 0.00578847 0
0.0193283 0.980672 0
0.99919 0.00081046 0
0.103284 0.896716 0
0.991848 0.00815155 0
0.971779 0.0282209 0
0.997639 0.00236124 0
0.999282 0.000718101 0
0.996893 0.00310681 0
0.999707 0.000292869 0
0.997948 0.00205156 0
0.997139 0.00286147 0
0.947865 0.0521346 0
0.895524 0.104476 0
0.946935 0.0530651 0
0.997526 0.00247391 0
0.994676 0.00532431 0
0.996526 0.003474 0
0.981666 0.0183345 0
0.987591 0.0124093 0
0.997911 0.00208914 0
0.816491 0.183509 0
0.997538 0.00246203 0
0.989536 0.0104637 0
0.867558 0.132442 0
0.997402 0.00259845 0
0.924048 0.0759516 0
0.612112 0.387888 0
0.168272 0.831728 0
0.990753 0.00924669 0
0.747069 0.252931 0
0.993279 0.006721 0
0.973173 0.0268272 0
0.993719 0.00628086 0
0.996069 0.00393143 0
0.986585 0.0134148 0
0.986865 0.0131351 0
0.948374 0.0516258 0
0.665665 0.334335 0
0.497329 0.502671 0
0.995792 0.00420841 0
0.963217 0.036783 0
0.950802 0.0491978 0
0.256603 0.743397 0
0.916407 0.0835934 0
0.00768659 0.992313 0
0.279941 0.720059 0
0.996519 0.00348134 0
0.997985 0.00201494 0
0.974396 0.0256036 0
0.984009 0.0159911 0
0.900577 0.0994228 0
0.990918 0.00908214 0
0.988419 0.011581 0
0.888506 0.111494 0
0.983922 0.0160776 0
0.999056 0.000944319 0
0.522645 0.477355 0
0.877585 0.122415 0
0.993298 0.00670159 0
0.993103 0.00689681 0
0.998226 0.00177439 0
0.9949 0.00509985 0
0.995533 0.00446705 0
0.998279 0.00172134 0
0.637867 0.362133 0
0.99538 0.0046201 0
0.997564 0.00243598 0
0.998876 0.00112399 0
0.99239 0.00761014 0
0.999428 0.000571533 0
0.989259 0.0107413 0
0.99818 0.00181982 0
0.926104 0.0738957 0
0.997678 0.00232237 0
0.997403 0.00259678 0
0.789122 0.210878 0
0.997902 0.00209799 0
0.943302 0.056698 0
0.502637 0.497363 0
0.998855 0.0011448 0
0.977927 0.0220729 0
0.987312 0.0126884 0
0.323383 0.676617 0
0.34078 0.65922 0
0.991534 0.00846592 0
0.99788 0.00211952 0
0.975402 0.0245978 0
0.986443 0.0135572 0
0.747036 0.252964 0
0.82711 0.17289 0
0.95037 0.0496305 0
0.993379 0.00662069 0
0.985035 0.0149656 0
0.0298471 0.970153 0
0.997493 0.00250709 0
0.996081 0.00391929 0
0.98703 0.0129696 0
0.681115 0.318885 0
0.931282 0.0687182 0
0.399045 0.600955 0
0.908076 0.0919245 0
0.996946 0.00305372 0
0.988331 0.0116691 0
0.993553 0.00644658 0
0.992029 0.00797076 0
0.998771 0.00122937 0
0.991288 0.00871199 0
0.36294 0.63706 0
0.988673 0.011327 0
0.998093 0.00190673 0
0.995852 0.00414784 0
0.194181 0.805819 0
0.980806 0.0191941 0
0.996041 0.0039588 0
0.964848 0.0351519 0
0.997352 0.00264768 0
0.885041 0.114959 0
0.998417 0.00158325 0
0.999074 0.000925511 0
0.9975 0.0025002 0
0.998455 0.00154542 0
0.998908 0.0010919 0
0.955885 0.044115 0
0.965333 0.0346667 0
0.992393 0.00760647 0
0.983936 0.0160641 0
0.989441 0.0105595 0
0.998937 0.00106307 0
0.939074 0.0609265 0
0.264215 0.735785 0
0.999555 0.000445024 0
0.858682 0.141318 0
0.997855 0.00214509 0
0.915228 0.0847724 0
0.961305 0.0386947 0
0.996696 0.00330387 0
0.654481 0.34552 0
0.993159 0.0068407 0
0.995531 0.0044693 0
0.998685 0.0013154 0
0.990725 0.00927536 0
0.832238 0.167762 0
0.996948 0.00305239 0
0.992975 0.00702513 0
0.976768 0.0232316 0
0.999242 0.000757626 0
0.920221 0.0797789 0
0.956256 0.0437442 0
0.988489 0.0115108 0
0.998137 0.0018626 0
0.997811 0.00218939 0
0.870117 0.129883 0
0.465343 0.534657 0
0.812621 0.187379 0
0.989883 0.0101167 0
0.984826 0.0151743 0
0.997817 0.00218312 0
0.953184 0.046816 0
0.992355 0.00764523 0
0.899148 0.100852 0
0.946465 0.0535346 0
0.473667 0.526333 0
0.999628 0.000371967 0
0.983978 0.0160222 0
0.0177548 0.982245 0
0.490936 0.509064 0
0.995391 0.00460893 0
0.998454 0.00154552 0
0.999237 0.000762787 0
0.85692 0.14308 0
0.978056 0.0219439 0
0.971513 0.0284875 0
0.996923 0.00307715 0
0.450202 0.549798 0
0.998789 0.00121096 0
0.990093 0.00990654 0
0.991199 0.00880085 0
0.986639 0.0133605 0
0.165755 0.834245 0
0.959515 0.0404852 0
0.997224 0.00277555 0
0.985784 0.0142155 0
0.996895 0.00310464 0
0.976788 0.0232117 0
0.926993 0.0730073 0
0.98832 0.0116797 0
0.998617 0.00138286 0
0.973844 0.0261562 0
0.983027 0.0169729 0
0.982184 0.0178159 0
0.98002 0.0199799 0
0.967985 0.0320151 0
0.860555 0.139445 0
0.996283 0.00371652 0
0.97988 0.0201197 0
0.994187 0.00581335 0
0.697214 0.302786 0
0.906708 0.0932915 0
0.994282 0.00571757 0
0.992575 0.00742497 0
0.996735 0.00326498 0
0.247465 0.752535 0
0.186637 0.813363 0
0.667872 0.332128 0
0.99986 0.00014021 0
0.998898 0.00110195 0
0.954334 0.0456658 0
0.985509 0.014491 0
0.990794 0.00920595 0
0.87 0.13 0
0.990212 0.00978824 0
0.981362 0.0186376 0
0.99988 0.000120012 0
0.991332 0.00866764 0
0.0401481 0.959852 0
0.0262206 0.973779 0
0.937786 0.062214 0
0.970117 0.0298827 0
0.999513 0.000486907 0
0.982562 0.0174385 0
0.9957 0.00429951 0
0.996107 0.00389282 0
0.998939 0.00106152 0
0.999052 0.000947821 0
0.628796 0.371204 0
0.33521 0.66479 0
0.916963 0.0830369 0
0.368877 0.631123 0
0.88918 0.11082 0
0.979326 0.0206736 0
0.946102 0.0538983 0
0.967037 0.0329625 0
0.893974 0.106026 0
0.99585 0.00414993 0
0.641095 0.358905 0
0.856582 0.143418 0
0.107641 0.892359 0
0.999254 0.000745738 0
0.887635 0.112365 0
0.997154 0.00284576 0
0.119501 0.880499 0
0.995831 0.00416908 0
0.996587 0.00341331 0
0.507141 0.492859 0
0.999577 0.000422993 0
0.908332 0.0916681 0
0.836761 0.163239 0
0.956869 0.0431315 0
0.999065 0.000934747 0
0.811194 0.188806 0
0.747072 0.252928 0
0.974134 0.0258662 0
0.997971 0.00202877 0
0.823836 0.176164 0
0.985425 0.0145753 0
0.996021 0.00397932 0
0.988631 0.0113688 0
0.956241 0.0437595 0
0.992752 0.00724842 0
0.991389 0.00861067 0
0.999278 0.000721613 0
0.997089 0.00291134 0
0.989536 0.010464 0
0.99925 0.000750134 0
0.99427 0.00572964 0
0.997703 0.00229741 0
0.974533 0.0254665 0
0.956136 0.0438644 0
0.339239 0.660761 0
0.951401 0.0485993 0
0.998725 0.00127523 0
0.42054 0.57946 0
0.994962 0.00503855 0
0.945312 0.0546876 0
0.997755 0.00224461 0
0.993726 0.00627405 0
0.983411 0.0165886 0
0.4984 0.5016 0
0.328058 0.671942 0
0.993914 0.00608585 0
0.950579 0.049421 0
0.991076 0.00892362 0
0.874306 0.125694 0
0.995309 0.00469056 0
0.712604 0.287396 0
0.906894 0.093106 0
0.997809 0.00219106 0
0.970343 0.0296574 0
0.929602 0.0703983 0
0.985033 0.0149669 0
0.995172 0.00482788 0
0.799974 0.200026 0
0.983673 0.0163265 0
0.126429 0.873571 0
0.907947 0.0920535 0
0.678435 0.321565 0
0.994419 0.00558071 0
0.971059 0.0289412 0
0.991447 0.00855288 0
0.816408 0.183592 0
0.987937 0.0120627 0
0.983446 0.0165542 0
0.978729 0.0212709 0
0.845896 0.154104 0
0.999121 0.000878765 0
0.998551 0.00144916 0
0.995052 0.00494831 0
0.920543 0.079457 0
0.974387 0.025613 0
0.996225 0.00377548 0
0.998665 0.00133474 0
0.978562 0.021438 0
0.788896 0.211104 0
0.999381 0.000618654 0
0.855847 0.144153 0
0.998383 0.00161694 0
0.991046 0.0089536 0
0.79099 0.20901 0
0.998348 0.00165231 0
0.997619 0.00238086 0
0.924173 0.0758267 0
0.994478 0.00552204 0
0.922079 0.0779211 0
0.980425 0.0195746 0
0.784349 0.215651 0
0.996305 0.00369471 0
0.887958 0.112042 0
0.937327 0.0626726 0
0.689983 0.310017 0
0.993749 0.00625095 0
0.998017 0.00198335 0
0.947049 0.0529511 0
0.995888 0.00411239 0
0.997797 0.00220273 0
0.998016 0.00198445 0
0.967049 0.0329514 0
0.102015 0.897985 0
0.997952 0.00204755 0
0.998864 0.00113612 0
0.557975 0.442025 0
0.992385 0.00761526 0
0.995811 0.00418953 0
0.998656 0.00134397 0
0.978464 0.0215362 0
0.83083 0.16917 0
0.998823 0.0011766 0
0.999827 0.000172613 0
0.488154 0.511846 0
0.938522 0.0614779 0
0.403861 0.596139 0
0.995461 0.00453941 0
0.97452 0.0254802 0
0.980834 0.0191655 0
0.814956 0.185044 0
0.942939 0.0570612 0
0.807026 0.192974 0
0.840272 0.159728 0
0.943585 0.0564153 0
0.234893 0.765106 0
0.997647 0.00235299 0
0.990915 0.00908471 0
0.986028 0.0139724 0
0.97634 0.0236597 0
0.975923 0.024077 0
0.482093 0.517907 0
0.657407 0.342593 0
0.996548 0.00345253 0
0.995674 0.00432627 0
0.620291 0.379709 0
0.980291 0.0197086 0
0.990423 0.00957669 0
0.99657 0.00343049 0
0.722936 0.277064 0
0.994741 0.00525937 0
0.997807 0.00219267 0
0.976372 0.0236279 0
0.353045 0.646955 0
0.983873 0.0161267 0
0.989142 0.0108577 0
0.991719 0.00828087 0
0.978612 0.0213878 0
0.985969 0.0140309 0
0.824158 0.175842 0
0.986566 0.0134344 0
0.984798 0.0152024 0
0.995965 0.00403477 0
0.991944 0.00805634 0
0.995346 0.00465376 0
0.99976 0.000240406 0
0.989152 0.0108477 0
0.943785 0.0562152 0
0.0788016 0.921198 0
0.321974 0.678026 0
0.973173 0.0268266 0
0.97663 0.0233702 0
0.99904 0.000960259 0
0.98435 0.0156501 0
0.834538 0.165462 0
0.110429 0.889571 0
0.970454 0.0295456 0
0.703012 0.296988 0
0.991604 0.00839645 0
0.829286 0.170714 0
0.994703 0.00529669 0
0.935121 0.0648791 0
0.994886 0.00511442 0
0.962137 0.0378625 0
0.992078 0.00792162 0
0.998425 0.00157493 0
0.999227 0.00077299 0
0.937959 0.0620409 0
0.997062 0.00293837 0
0.521138 0.478862 0
0.755774 0.244226 0
0.988456 0.0115442 0
0.609905 0.390095 0
0.999085 0.000914922 0
0.997846 0.00215435 0
0.985612 0.0143878 0
0.978712 0.0212881 0
0.881262 0.118738 0
0.995771 0.0042295 0
0.996337 0.0036634 0
0.999519 0.000480947 0
0.99439 0.00560992 0
0.981906 0.0180936 0
0.93829 0.0617103 0
0.964989 0.0350114 0
0.998526 0.00147403 0
0.978318 0.0216821 0
0.974765 0.0252349 0
0.982573 0.0174266 0
0.988923 0.0110768 0
0.996984 0.00301643 0
0.97263 0.0273702 0
0.24524 0.75476 0
0.97404 0.0259596 0
0.91089 0.0891104 0
0.896397 0.103603 0
0.689795 0.310205 0
0.656039 0.343961 0
0.923049 0.0769511 0
0.955594 0.0444061 0
0.992814 0.00718623 0
0.990912 0.00908815 0
0.989601 0.0103991 0
0.896483 0.103517 0
0.990895 0.00910541 0
0.999593 0.000407222 0
0.998421 0.00157923 0
0.857251 0.142749 0
0.938738 0.0612622 0
0.954805 0.045195 0
0.949758 0.0502419 0
0.999263 0.000736995 0
0.893975 0.106025 0
0.998955 0.00104471 0
0.986965 0.013035 0
0.96696 0.0330398 0
0.117903 0.882097 0
0.96608 0.0339201 0
0.902566 0.0974337 0
0.998902 0.0010982 0
0.125842 0.874158 0
0.995314 0.00468649 0
0.949069 0.0509312 0
0.979684 0.020316 0
0.991419 0.00858139 0
0.999049 0.000950458 0
0.780267 0.219733 0
0.952562 0.0474379 0
0.991042 0.00895799 0
0.986447 0.0135529 0
0.793234 0.206766 0
0.996923 0.00307668 0
0.870706 0.129294 0
0.946794 0.053206 0
0.963385 0.0366147 0
0.995022 0.00497808 0
0.873513 0.126487 0
0.983864 0.0161364 0
0.953792 0.0462081 0
0.906813 0.0931865 0
0.979224 0.0207756 0
0.975822 0.0241781 0
0.569407 0.430593 0
0.992184 0.00781647 0
0.653521 0.346479 0
0.970034 0.0299655 0
0.990042 0.00995756 0
0.911636 0.088364 0
0.963456 0.0365439 0
0.99779 0.00221028 0
0.982843 0.0171573 0
0.992769 0.00723095 0
0.837951 0.162049 0
0.631616 0.368384 0
0.999312 0.000688189 0
0.317505 0.682495 0
0.996111 0.0038893 0
0.935459 0.0645413 0
0.954535 0.045465 0
0.997959 0.00204088 0
0.999775 0.000224675 0
0.967089 0.0329108 0
0.510651 0.489349 0
0.950725 0.0492753 0
0.85106 0.14894 0
0.995425 0.00457489 0
0.993944 0.00605652 0
0.962376 0.0376242 0
0.335148 0.664852 0
0.992025 0.00797461 0
0.962591 0.0374087 0
0.978211 0.0217894 0
0.965181 0.0348194 0
0.999593 0.000407225 0
0.998806 0.00119449 0
0.995834 0.00416588 0
0.795791 0.204209 0
0.986027 0.0139734 0
0.910842 0.0891575 0
0.993864 0.00613608 0
0.992428 0.00757157 0
0.999456 0.000543483 0
0.938256 0.0617443 0
0.999873 0.00012668 0
0.999507 0.000493046 0
0.965081 0.0349187 0
0.994165 0.0058347 0
0.965711 0.0342889 0
0.984914 0.0150865 0
0.999417 0.000582599 0
0.995575 0.00442527 0
0.641752 0.358248 0
0.990925 0.00907515 0
0.94241 0.05759 0
0.959358 0.0406419 0
0.989518 0.0104822 0
0.996932 0.00306793 0
0.996291 0.00370912 0
0.990749 0.00925137 0
0.988146 0.0118541 0
0.994117 0.00588345 0
0.994143 0.00585703 0
0.990457 0.00954275 0
0.999104 0.000896247 0
0.998756 0.00124433 0
0.950932 0.0490678 0
0.99916 0.000839727 0
0.705984 0.294016 0
0.670456 0.329544 0
0.998839 0.00116084 0
0.98506 0.0149404 0
0.998088 0.00191214 0
0.675934 0.324066 0
0.987426 0.0125739 0
0.803571 0.196429 0
0.995175 0.00482519 0
0.873336 0.126664 0
0.996534 0.00346578 0
0.998237 0.00176269 0
0.998803 0.0011966 0
0.936588 0.0634122 0
0.999784 0.000215937 0
0.996702 0.00329831 0
0.992681 0.00731889 0
0.999142 0.000858275 0
0.952439 0.0475611 0
0.995432 0.00456806 0
0.998516 0.00148441 0
0.984132 0.0158684 0
0.984856 0.0151443 0
0.999036 0.000964168 0
0.966322 0.0336783 0
0.533352 0.466648 0
0.958193 0.0418067 0
0.927617 0.0723834 0
0.989411 0.010589 0
0.842369 0.157631 0
0.994511 0.00548879 0
0.984873 0.0151275 0
0.253715 0.746285 0
0.919977 0.0800232 0
0.994827 0.00517328 0
0.932804 0.0671956 0
0.927559 0.0724405 0
0.983115 0.0168848 0
0.993357 0.00664339 0
0.999171 0.000829004 0
0.997685 0.0023146 0
0.998289 0.0017112 0
0.682004 0.317996 0
0.107843 0.892157 0
0.754883 0.245117 0
0.599545 0.400455 0
0.739072 0.260928 0
0.999555 0.000444917 0
0.988243 0.011757 0
0.985121 0.0148793 0
0.997606 0.00239429 0
0.994771 0.0052292 0
0.978232 0.0217683 0
0.671175 0.328825 0
0.496558 0.503442 0
0.999153 0.00084649 0
0.981234 0.0187664 0
0.342829 0.657171 0
0.992293 0.00770696 0
0.977345 0.0226546 0
0.996026 0.0039737 0
0.970575 0.0294247 0
0.00357462 0.996425 1
0.0207333 0.979267 1
0.133052 0.866948 1
0.0113278 0.988672 1
0.147429 0.852571 1
0.275019 0.724981 1
0.0678572 0.932143 1
0.0131711 0.986829 1
0.775541 0.224459 1
0.435567 0.564433 1
0.0190583 0.980942 1
0.380112 0.619888 1
0.00993037 0.99007 1
0.106443 0.893557 1
0.00614726 0.993853 1
0.150946 0.849054 1
0.330783 0.669217 1
0.437221 0.562779 1
0.619616 0.380384 1
0.637937 0.362063 1
0.045851 0.954149 1
0.00529526 0.994705 1
0.237691 0.762309 1
0.0664571 0.933543 1
0.00454348 0.995457 1
0.0286022 0.971398 1
0.0379453 0.962055 1
0.015735 0.984265 1
0.0553395 0.94466 1
0.0134215 0.986578 1
0.188 0.812 1
0.0160629 0.983937 1
0.29903 0.70097 1
0.00353265 0.996467 1
0.0460848 0.953915 1
0.0115527 0.988447 1
0.0134801 0.98652 1
0.0175037 0.982496 1
0.0151764 0.984824 1
0.0240089 0.975991 1
0.059372 0.940628 1
0.121407 0.878593 1
0.00498729 0.995013 1
0.213067 0.786933 1
0.0135749 0.986425 1
0.0152801 0.98472 1
0.00943538 0.990565 1
0.276932 0.723068 1
0.106655 0.893345 1
0.044177 0.955823 1
0.014276 0.985724 1
0.0271881 0.972812 1
0.912873 0.0871269 1
0.00569963 0.9943 1
0.808306 0.191694 1
0.0138221 0.986178 1
0.0320946 0.967905 1
0.0984597 0.90154 1
0.59178 0.40822 1
0.0616767 0.938323 1
0.800813 0.199187 1
0.317208 0.682791 1
0.00397011 0.99603 1
0.0254109 0.974589 1
0.0101436 0.989856 1
0.0139709 0.986029 1
0.0126151 0.987385 1
0.0423427 0.957657 1
0.407227 0.592773 1
0.0759173 0.924083 1
0.386688 0.613312 1
0.0239742 0.976026 1
0.0191786 0.980821 1
0.0687227 0.931277 1
0.990444 0.00955589 1
0.107814 0.892186 1
0.00748082 0.992519 1
0.0538596 0.94614 1
0.00193151 0.998069 1
0.00552869 0.994471 1
0.00794568 0.992054 1
0.70548 0.29452 1
0.799245 0.200755 1
0.00277547 0.997225 1
0.705263 0.294737 1
0.0624106 0.937589 1
0.13458 0.86542 1
0.0168649 0.983135 1
0.0490238 0.950976 1
0.284362 0.715638 1
0.00991843 0.990082 1
0.00480363 0.995196 1
0.0285311 0.971469 1
0.171717 0.828283 1
0.0160732 0.983927 1
0.0423433 0.957657 1
0.00694744 0.993053 1
0.608707 0.391293 1
0.312676 0.687324 1
0.544343 0.455657 1
0.0162469 0.983753 1
0.0229397 0.97706 1
0.754658 0.245342 1
0.00676972 0.99323 1
0.0100065 0.989994 1
0.408048 0.591952 1
0.0255372 0.974463 1
0.290229 0.709771 1
0.0180397 0.98196 1
0.0309218 0.969078 1
0.00820898 0.991791 1
0.0190476 0.980952 1
0.268491 0.731509 1
0.00410923 0.995891 1
0.0278792 0.972121 1
0.0287021 0.971298 1
0.544091 0.455909 1
0.00505697 0.994943 1
0.00755435 0.992446 1
0.0538772 0.946123 1
0.196604 0.803396 1
0.655376 0.344624 1
0.0612184 0.938781 1
0.69235 0.30765 1
0.0240774 0.975923 1
0.498679 0.501321 1
0.989008 0.010992 1
0.00355867 0.996441 1
0.00714819 0.992852 1
0.0695884 0.930412 1
0.00288893 0.997111 1
0.0187606 0.981239 1
0.010978 0.989022 1
0.0102229 0.989777 1
0.0118215 0.988179 1
0.0477658 0.952234 1
0.0077787 0.992221 1
0.00252353 0.997477 1
0.00938372 0.990616 1
0.137266 0.862734 1
0.00156996 0.99843 1
0.0816753 0.918325 1
0.0905794 0.909421 1
0.662083 0.337917 1
0.0640688 0.935931 1
0.0960128 0.903987 1
0.0281303 0.97187 1
0.00356052 0.99644 1
0.0519366 0.948063 1
0.258432 0.741568 1
0.00451516 0.995485 1
0.00437151 0.995628 1
0.0172745 0.982726 1
0.0240958 0.975904 1
0.484875 0.515125 1
0.294921 0.705079 1
0.0493035 0.950697 1
0.219197 0.780803 1
0.0333079 0.966692 1
0.150145 0.849855 1
0.00705827 0.992942 1
0.00449238 0.995508 1
0.00514409 0.994856 1
0.0162003 0.9838 1
0.282492 0.717508 1
0.00438138 0.995619 1
0.0625 0.9375 1
0.866453 0.133547 1
0.253456 0.746544 1
0.0199817 0.980018 1
0.00287428 0.997126 1
0.0269295 0.973071 1
0.511991 0.488009 1
0.0822501 0.91775 1
0.258341 0.741659 1
0.0407155 0.959284 1
0.123733 0.876267 1
0.967467 0.0325335 1
0.00618287 0.993817 1
0.0310864 0.968913 1
0.568985 0.431015 1
0.655882 0.344118 1
0.00633546 0.993665 1
0.00694615 0.993054 1
0.291746 0.708254 1
0.185241 0.814759 1
0.118754 0.881246 1
0.852922 0.147078 1
0.0204658 0.979534 1
0.608649 0.391351 1
0.0601066 0.939893 1
0.297481 0.702519 1
0.382261 0.617739 1
0.0398997 0.9601 1
0.559052 0.440948 1
0.427627 0.572373 1
0.117832 0.882168 1
0.0103494 0.989651 1
0.00499538 0.995005 1
0.0513616 0.948638 1
0.0494801 0.95052 1
0.0705733 0.929427 1
0.0529626 0.947037 1
0.0117602 0.98824 1
0.107374 0.892626 1
0.00568009 0.99432 1
0.00459507 0.995405 1
0.198604 0.801396 1
0.861228 0.138772 1
0.0222856 0.977714 1
0.00406523 0.995935 1
0.00927195 0.990728 1
0.764837 0.235163 1
0.180169 0.819832 1
0.0239703 0.97603 1
0.00496344 0.995037 1
0.849641 0.150359 1
0.262747 0.737253 1
0.0553508 0.944649 1
0.00170918 0.998291 1
0.0150102 0.98499 1
0.00816896 0.991831 1
0.00278309 0.997217 1
0.89549 0.10451 1
0.00360254 0.996397 1
0.0847195 0.915281 1
0.0101888 0.989811 1
0.938416 0.0615837 1
0.026042 0.973958 1
0.786545 0.213455 1
0.0280982 0.971902 1
0.0626778 0.937322 1
0.343549 0.656451 1
0.0274466 0.972553 1
0.0431428 0.956857 1
0.0079508 0.992049 1
0.0456936 0.954306 1
0.43721 0.56279 1
0.0477614 0.952239 1
0.0142927 0.985707 1
0.133044 0.866956 1
0.821954 0.178046 1
0.026125 0.973875 1
0.027405 0.972595 1
0.600336 0.399664 1
0.0432376 0.956762 1
0.0523365 0.947664 1
0.00226137 0.997739 1
0.00915962 0.99084 1
0.00246566 0.997534 1
0.00276905 0.997231 1
0.0593437 0.940656 1
0.170529 0.829471 1
0.04965 0.95035 1
0.479316 0.520684 1
0.115858 0.884142 1
0.0128129 0.987187 1
0.194101 0.805899 1
0.247844 0.752156 1
0.995235 0.00476541 1
0.00428709 0.995713 1
0.116054 0.883946 1
0.621299 0.378701 1
0.0598713 0.940129 1
0.00704011 0.99296 1
0.00389562 0.996104 1
0.0310189 0.968981 1
0.00524661 0.994753 1
0.785929 0.214071 1
0.345664 0.654336 1
0.0115153 0.988485 1
0.413872 0.586128 1
0.665584 0.334416 1
0.848993 0.151007 1
0.0107299 0.98927 1
0.00802478 0.991975 1
0.0144024 0.985598 1
0.0164163 0.983584 1
0.0153116 0.984688 1
0.0169921 0.983008 1
0.00572547 0.994275 1
0.00774605 0.992254 1
0.66138 0.33862 1
0.0187184 0.981282 1
0.0231471 0.976853 1
0.00831478 0.991685 1
0.0155437 0.984456 1
0.512292 0.487708 1
0.0054329 0.994567 1
0.0290244 0.970976 1
0.0262008 0.973799 1
0.00444218 0.995558 1
0.888503 0.111497 1
0.00965152 0.990348 1
0.0518931 0.948107 1
0.798928 0.201072 1
0.0304843 0.969516 1
0.284543 0.715457 1
0.00335893 0.996641 1
0.147445 0.852555 1
0.252608 0.747392 1
0.929422 0.0705778 1
0.00618203 0.993818 1
0.0145493 0.985451 1
0.0053607 0.994639 1
0.0065451 0.993455 1
0.0947217 0.905278 1
0.0138081 0.986192 1
0.392917 0.607083 1
0.573553 0.426447 1
0.0119153 0.988085 1
0.599921 0.400079 1
0.0313613 0.968639 1
0.0757134 0.924287 1
0.125525 0.874475 1
0.112738 0.887262 1
0.0335866 0.966413 1
0.0104518 0.989548 1
0.6587 0.3413 1
0.00439042 0.99561 1
0.142069 0.857931 1
0.0288385 0.971162 1
0.105632 0.894368 1
0.0243378 0.975662 1
0.0472604 0.95274 1
0.0777114 0.922289 1
0.161948 0.838052 1
0.0110613 0.988939 1
0.0685709 0.931429 1
0.0195948 0.980405 1
0.00747657 0.992523 1
0.0150006 0.984999 1
0.0675403 0.93246 1
0.496018 0.503982 1
0.0660538 0.933946 1
0.132366 0.867635 1
0.0179983 0.982002 1
0.0928466 0.907153 1
0.00249712 0.997503 1
0.0672118 0.932788 1
0.0733758 0.926624 1
0.012472 0.987528 1
0.239481 0.760519 1
0.304778 0.695222 1
0.574062 0.425938 1
0.0729282 0.927072 1
0.0135556 0.986444 1
0.227731 0.772269 1
0.0631293 0.936871 1
0.0206604 0.97934 1
0.155009 0.844991 1
0.456285 0.543715 1
0.0275244 0.972476 1
0.575972 0.424028 1
0.975543 0.0244572 1
0.0336143 0.966386 1
0.238557 0.761443 1
0.890151 0.109849 1
0.00600401 0.993996 1
0.00557621 0.994424 1
0.932327 0.0676728 1
0.197217 0.802783 1
0.897243 0.102757 1
0.0191037 0.980896 1
0.0148608 0.985139 1
0.152707 0.847293 1
0.011701 0.988299 1
0.0899603 0.91004 1
0.904834 0.0951664 1
0.039192 0.960808 1
0.0699432 0.930057 1
0.816749 0.183251 1
0.021649 0.978351 1
0.881603 0.118397 1
0.0306604 0.96934 1
0.072819 0.927181 1
0.200909 0.799091 1
0.583692 0.416308 1
0.672834 0.327166 1
0.0064737 0.993526 1
0.174544 0.825456 1
0.00749045 0.992509 1
0.31027 0.68973 1
0.0106315 0.989368 1
0.00933681 0.990663 1
0.0721541 0.927846 1
0.0891198 0.91088 1
0.845915 0.154085 1
0.0401857 0.959814 1
0.00317684 0.996823 1
0.00398088 0.996019 1
0.370431 0.629569 1
0.00589129 0.994109 1
0.00243992 0.99756 1
0.0797412 0.920259 1
0.918765 0.0812353 1
0.0103155 0.989684 1
0.179045 0.820956 1
0.793229 0.206771 1
0.0309814 0.969019 1
0.57852 0.42148 1
0.0942409 0.905759 1
0.00375684 0.996243 1
0.00910527 0.990895 1
0.0399821 0.960018 1
0.0355167 0.964483 1
0.0116637 0.988336 1
0.150018 0.849982 1
0.873097 0.126903 1
0.0352962 0.964704 1
0.0498687 0.950131 1
0.644609 0.355391 1
0.414609 0.585391 1
0.13502 0.86498 1
0.229255 0.770745 1
0.418455 0.581545 1
0.0320656 0.967934 1
0.00922554 0.990774 1
0.0363436 0.963656 1
0.0120941 0.987906 1
0.00982005 0.99018 1
0.0365271 0.963473 1
0.0408146 0.959185 1
0.0119496 0.98805 1
0.0338883 0.966112 1
0.00590055 0.994099 1
0.238232 0.761768 1
0.0252825 0.974717 1
0.00854991 0.99145 1
0.487439 0.512561 1
0.203018 0.796982 1
0.00450696 0.995493 1
0.0338948 0.966105 1
0.00350269 0.996497 1
0.0199841 0.980016 1
0.121511 0.878489 1
0.65745 0.34255 1
0.418597 0.581403 1
0.00834572 0.991654 1
0.0200108 0.979989 1
0.851592 0.148408 1
0.0166027 0.983397 1
0.0253002 0.9747 1
0.850404 0.149596 1
0.192601 0.807399 1
0.626972 0.373028 1
0.0329687 0.967031 1
0.645339 0.354661 1
0.0198762 0.980124 1
0.00803518 0.991965 1
0.0104495 0.989551 1
0.920138 0.0798616 1
0.00609813 0.993902 1
0.00500978 0.99499 1
0.42644 0.57356 1
0.00537111 0.994629 1
0.0203783 0.979622 1
0.708281 0.291719 1
0.624765 0.375235 1
0.0097579 0.990242 1
0.0126871 0.987313 1
0.0313825 0.968617 1
0.00916569 0.990834 1
0.0408814 0.959119 1
0.878966 0.121034 1
0.0114785 0.988521 1
0.324949 0.675051 1
0.0373661 0.962634 1
0.294754 0.705246 1
0.00182254 0.998178 1
0.0457878 0.954212 1
0.00598505 0.994015 1
0.127872 0.872128 1
0.0262345 0.973765 1
0.0518602 0.94814 1
0.430222 0.569778 1
0.00737325 0.992627 1
0.0043008 0.995699 1
0.0247303 0.97527 1
0.842489 0.157511 1
0.00886034 0.99114 1
0.0369433 0.963057 1
0.003689 0.996311 1
0.759686 0.240314 1
0.0236677 0.976332 1
0.124078 0.875922 1
0.0088471 0.991153 1
0.00714817 0.992852 1
0.0408563 0.959144 1
0.00300908 0.996991 1
0.00620951 0.99379 1
0.00820298 0.991797 1
0.261769 0.738231 1
0.482641 0.517359 1
0.0344457 0.965554 1
0.017873 0.982127 1
0.353983 0.646017 1
0.67785 0.32215 1
0.0354619 0.964538 1
0.0741606 0.925839 1
0.00385756 0.996142 1
0.274884 0.725116 1
0.0102784 0.989722 1
0.0137601 0.98624 1
0.00732174 0.992678 1
0.0353767 0.964623 1
0.522284 0.477716 1
0.255861 0.744139 1
0.00949444 0.990506 1
0.00463303 0.995367 1
0.0608592 0.939141 1
0.233207 0.766793 1
0.0122922 0.987708 1
0.407581 0.592419 1
0.011096 0.988904 1
0.0233911 0.976609 1
0.00200675 0.997993 1
0.00742109 0.992579 1
0.0071925 0.992808 1
0.719252 0.280748 1
0.0103871 0.989613 1
0.0334651 0.966535 1
0.924491 0.0755087 1
0.893689 0.106311 1
0.0183201 0.98168 1
0.0128244 0.987176 1
0.330447 0.669553 1
0.0162209 0.983779 1
0.0150917 0.984908 1
0.0592444 0.940756 1
0.460233 0.539767 1
0.00142928 0.998571 1
0.227355 0.772645 1
0.0349114 0.965089 1
0.0138233 0.986177 1
0.914927 0.0850732 1
0.611082 0.388919 1
0.071528 0.928472 1
0.0243958 0.975604 1
0.0382458 0.961754 1
0.0369212 0.963079 1
0.434516 0.565484 1
0.91454 0.0854603 1
0.0235129 0.976487 1
0.00878119 0.991219 1
0.0705012 0.929499 1
0.638852 0.361148 1
0.0583379 0.941662 1
0.00622976 0.99377 1
0.0310942 0.968906 1
0.0099621 0.990038 1
0.677018 0.322982 1
0.233997 0.766003 1
0.0138069 0.986193 1
0.00290421 0.997096 1
0.0643572 0.935643 1
0.158581 0.841419 1
0.16953 0.83047 1
0.00581259 0.994187 1
0.0116832 0.988317 1
0.13686 0.86314 1
0.65545 0.34455 1
0.0511972 0.948803 1
0.0310276 0.968972 1
0.174907 0.825093 1
0.0139855 0.986014 1
0.075772 0.924228 1
0.011444 0.988556 1
0.763608 0.236392 1
0.00950869 0.990491 1
0.969265 0.0307349 1
0.447015 0.552985 1
0.0160012 0.983999 1
0.00855714 0.991443 1
0.305034 0.694966 1
0.0415177 0.958482 1
0.0120884 0.987912 1
0.0152252 0.984775 1
0.00754637 0.992454 1
0.00738073 0.992619 1
0.0166445 0.983355 1
0.00465558 0.995344 1
0.279645 0.720355 1
0.00735668 0.992643 1
0.00446361 0.995536 1
0.0192791 0.980721 1
0.385834 0.614166 1
0.145025 0.854975 1
0.0120675 0.987933 1
0.00924531 0.990755 1
0.00366521 0.996335 1
0.0520358 0.947964 1
0.00329856 0.996701 1
0.292566 0.707434 1
0.0544758 0.945524 1
0.00550261 0.994497 1
0.83771 0.16229 1
0.00228692 0.997713 1
0.0361379 0.963862 1
0.302727 0.697272 1
0.0159999 0.984 1
0.134877 0.865123 1
0.198171 0.801829 1
0.294086 0.705914 1
0.857278 0.142722 1
0.0049267 0.995073 1
0.33489 0.66511 1
0.263154 0.736846 1
0.0225283 0.977472 1
0.136372 0.863628 1
0.00596607 0.994034 1
0.0149075 0.985092 1
0.0093163 0.990684 1
0.0133041 0.986696 1
0.0123158 0.987684 1
0.00270879 0.997291 1
0.00938234 0.990618 1
0.961359 0.0386407 1
0.0136059 0.986394 1
0.00567268 0.994327 1
0.762021 0.237979 1
0.203501 0.796499 1
0.435164 0.564836 1
0.0139474 0.986053 1
0.0495248 0.950475 1
0.0162581 0.983742 1
0.0322332 0.967767 1
0.532927 0.467073 1
0.0187167 0.981283 1
0.00718758 0.992812 1
0.00944644 0.990554 1
0.505446 0.494554 1
0.010607 0.989393 1
0.117422 0.882578 1
0.0122517 0.987748 1
0.0270187 0.972981 1
0.00709571 0.992904 1
0.0168245 0.983175 1
0.169652 0.830348 1
0.0758557 0.924144 1
0.0570683 0.942932 1
0.00201633 0.997984 1
0.164818 0.835182 1
0.377452 0.622548 1
0.00924424 0.990756 1
0.0202984 0.979702 1
0.0110503 0.98895 1
0.0240179 0.975982 1
0.0063656 0.993634 1
0.321812 0.678188 1
0.00711931 0.992881 1
0.0236216 0.976378 1
0.00918759 0.990812 1
0.0275808 0.972419 1
0.0182958 0.981704 1
0.265984 0.734016 1
0.00851342 0.991487 1
0.00363467 0.996365 1
0.0149916 0.985008 1
0.0157271 0.984273 1
0.00180145 0.998199 1
0.012535 0.987465 1
0.0130387 0.986961 1
0.955501 0.0444994 1
0.0072821 0.992718 1
0.0520555 0.947945 1
0.00475888 0.995241 1
0.121522 0.878478 1
0.146585 0.853415 1
0.0977106 0.902289 1
0.0152986 0.984701 1
0.00497427 0.995026 1
0.00626473 0.993735 1
0.0346425 0.965357 1
0.0106372 0.989363 1
0.00855577 0.991444 1
0.0518575 0.948142 1
0.0655341 0.934466 1
0.984397 0.0156026 1
0.00836928 0.991631 1
0.00707419 0.992926 1
0.369317 0.630683 1
0.889863 0.110137 1
0.91553 0.0844704 1
0.00529506 0.994705 1
0.0457929 0.954207 1
0.0660263 0.933974 1
0.0243018 0.975698 1
0.497911 0.502089 1
0.0136491 0.986351 1
0.0555927 0.944407 1
0.0125657 0.987434 1
0.0193437 0.980656 1
0.0147692 0.985231 1
0.0225272 0.977473 1
0.00567211 0.994328 1
0.009394 0.990606 1
0.00602414 0.993976 1
0.481925 0.518075 1
0.0467231 0.953277 1
0.0064795 0.993521 1
0.30334 0.69666 1
0.0735434 0.926457 1
0.0813775 0.918623 1
0.0180037 0.981996 1
0.0145609 0.985439 1
0.0306267 0.969373 1
0.532142 0.467858 1
0.186984 0.813016 1
0.315042 0.684958 1
0.0123257 0.987674 1
0.03525 0.96475 1
0.0333365 0.966663 1
0.00268524 0.997315 1
0.244958 0.755042 1
0.0476144 0.952386 1
0.598507 0.401493 1
0.442706 0.557294 1
0.277318 0.722682 1
0.018417 0.981583 1
0.0155554 0.984445 1
0.484178 0.515822 1
0.826345 0.173655 1
0.00214939 0.997851 1
0.189759 0.810241 1
0.0129793 0.987021 1
0.115917 0.884083 1
0.0038267 0.996173 1
0.0137277 0.986272 1
0.209186 0.790814 1
0.152041 0.847959 1
0.00514597 0.994854 1
0.00526141 0.994739 1
0.466284 0.533716 1
0.0662571 0.933743 1
0.034855 0.965145 1
0.0155372 0.984463 1
0.0201756 0.979824 1
0.0232719 0.976728 1
0.00229366 0.997706 1
0.619947 0.380053 1
0.00321833 0.996782 1
0.00714706 0.992853 1
0.996897 0.00310353 1
0.210652 0.789348 1
0.00827648 0.991723 1
0.0418384 0.958162 1
0.00809086 0.991909 1
0.0108039 0.989196 1
0.0460455 0.953954 1
0.0782559 0.921744 1
0.404613 0.595387 1
0.028711 0.971289 1
0.422675 0.577325 1
0.974249 0.0257511 1
0.00370466 0.996295 1
0.00438377 0.995616 1
0.997499 0.00250059 1
0.633472 0.366528 1
0.0206358 0.979364 1
0.673584 0.326416 1
0.00937276 0.990627 1
0.0330684 0.966932 1
0.104511 0.895489 1
0.772837 0.227163 1
0.021837 0.978163 1
0.0263513 0.973649 1
0.0239103 0.97609 1
0.003861 0.996139 1
0.547052 0.452948 1
0.01279 0.98721 1
0.0056744 0.994326 1
0.0069342 0.993066 1
0.0418757 0.958124 1
0.00890545 0.991095 1
0.988545 0.0114546 1
0.018394 0.981606 1
0.00435831 0.995642 1
0.00857211 0.991428 1
0.0284847 0.971515 1
0.00798859 0.992011 1
0.0136309 0.986369 1
0.00365768 0.996342 1
0.0531338 0.946866 1
0.00577118 0.994229 1
0.109644 0.890356 1
0.0161765 0.983824 1
0.00763146 0.992369 1
0.126435 0.873565 1
0.0122943 0.987706 1
0.0152896 0.98471 1
0.612615 0.387385 1
0.280405 0.719595 1
0.00344188 0.996558 1
0.029795 0.970205 1
0.880208 0.119792 1
0.106323 0.893677 1
0.981453 0.0185469 1
0.031902 0.968098 1
0.869523 0.130477 1
0.965928 0.0340715 1
0.0536748 0.946325 1
0.78592 0.21408 1
0.264883 0.735117 1
0.00188981 0.99811 1
0.0648936 0.935106 1
0.886915 0.113085 1
0.0104111 0.989589 1
0.811321 0.188679 1
0.292798 0.707202 1
0.00577617 0.994224 1
0.309314 0.690686 1
0.0431817 0.956818 1
0.0043804 0.99562 1
0.00649997 0.9935 1
0.405699 0.594301 1
0.187455 0.812545 1
0.076667 0.923333 1
0.0353252 0.964675 1
0.0489459 0.951054 1
0.00518982 0.99481 1
0.0337204 0.96628 1
0.564054 0.435946 1
0.0437623 0.956238 1
0.242219 0.757781 1
0.997045 0.00295452 1
0.410354 0.589646 1
0.0463344 0.953666 1
0.925114 0.0748857 1
0.269 0.731 1
0.298111 0.701889 1
0.0168794 0.983121 1
0.0775055 0.922495 1
0.0235888 0.976411 1
0.0362903 0.96371 1
0.101943 0.898057 1
0.0051821 0.994818 1
0.0439712 0.956029 1
0.0925132 0.907487 1
0.00452259 0.995477 1
0.0194659 0.980534 1
0.00600647 0.993994 1
0.685424 0.314576 1
0.00557372 0.994426 1
0.0300835 0.969917 1
0.543364 0.456636 1
0.986891 0.0131087 1
0.0138749 0.986125 1
0.00650526 0.993495 1
0.517419 0.482581 1
0.0214552 0.978545 1
0.00623132 0.993769 1
0.0171693 0.982831 1
0.552429 0.447571 1
0.58048 0.41952 1
0.00745848 0.992542 1
0.00666084 0.993339 1
0.04192 0.95808 1
0.00985433 0.990146 1
0.00845394 0.991546 1
0.00338336 0.996617 1
0.0251415 0.974858 1
0.0583587 0.941641 1
0.0532102 0.94679 1
0.0295547 0.970445 1
0.0240252 0.975975 1
0.738514 0.261486 1
0.160785 0.839215 1
0.070647 0.929353 1
0.00984345 0.990157 1
0.00555547 0.994445 1
0.00620162 0.993798 1
0.00254948 0.997451 1
0.0195174 0.980483 1
0.0347289 0.965271 1
0.00507551 0.994924 1
0.0484016 0.951598 1
0.00585047 0.99415 1
0.00352417 0.996476 1
0.00545757 0.994542 1
0.00488969 0.99511 1
0.00720433 0.992796 1
0.0397496 0.96025 1
0.0425567 0.957443 1
0.687055 0.312945 1
0.0679137 0.932086 1
0.0519884 0.948012 1
0.0493877 0.950612 1
0.0196798 0.98032 1
0.00757508 0.992425 1
0.0106107 0.989389 1
0.228875 0.771125 1
0.0445566 0.955443 1
0.00576682 0.994233 1
0.0114458 0.988554 1
0.0584699 0.94153 1
0.238521 0.761479 1
0.0079535 0.992046 1
0.00565148 0.994348 1
0.042454 0.957546 1
0.154957 0.845043 1
0.191421 0.808579 1
0.0425519 0.957448 1
0.00464373 0.995356 1
0.470508 0.529491 1
0.171745 0.828255 1
0.0929374 0.907063 1
0.675499 0.324501 1
0.0689017 0.931098 1
0.0240502 0.97595 1
0.00394534 0.996055 1
0.530815 0.469185 1
0.00926674 0.990733 1
0.0119833 0.988017 1
0.00361016 0.99639 1
0.0562184 0.943782 1
0.1156 0.8844 1
0.04812 0.95188 1
0.00924518 0.990755 1
0.0126111 0.987389 1
0.0233789 0.976621 1
0.422105 0.577895 1
0.951705 0.0482952 1
0.053875 0.946125 1
0.07735 0.92265 1
0.0531922 0.946808 1
0.0186213 0.981379 1
0.556601 0.443399 1
0.0694411 0.930559 1
0.28533 0.71467 1
0.0164797 0.98352 1
0.807132 0.192868 1
0.137077 0.862923 1
0.0440097 0.95599 1
0.011508 0.988492 1
0.00302361 0.996976 1
0.0195509 0.980449 1
0.00314106 0.996859 1
0.00781169 0.992188 1
0.00296905 0.997031 1
0.00502407 0.994976 1
0.00296181 0.997038 1
0.00530295 0.994697 1
0.0773786 0.922621 1
0.00649379 0.993506 1
0.0152572 0.984743 1
0.0163521 0.983648 1
0.7944 0.2056 1
0.00708183 0.992918 1
0.00892345 0.991077 1
0.356724 0.643276 1
0.0260799 0.97392 1
0.100003 0.899997 1
0.017009 0.982991 1
0.963386 0.0366135 1
0.0280569 0.971943 1
0.00581647 0.994183 1
0.842723 0.157277 1
0.177628 0.822372 1
0.0317735 0.968226 1
0.545541 0.454459 1
0.0845777 0.915422 1
0.159063 0.840937 1
0.0793268 0.920673 1
0.0608124 0.939188 1
0.0121439 0.987856 1
0.0177687 0.982231 1
0.0348001 0.9652 1
0.0170599 0.98294 1
0.562986 0.437014 1
0.810119 0.189881 1
0.026333 0.973667 1
0.0395308 0.960469 1
0.031121 0.968879 1
0.0574593 0.942541 1
0.0174565 0.982544 1
0.156101 0.843899 1
0.954875 0.0451247 1
0.659901 0.340099 1
0.10512 0.89488 1
0.247455 0.752545 1
0.063021 0.936979 1
0.28198 0.71802 1
0.0133642 0.986636 1
0.00559133 0.994409 1
0.063296 0.936704 1
0.0379997 0.962 1
0.00899796 0.991002 1
0.647074 0.352926 1
0.00946169 0.990538 1
0.00763479 0.992365 1
0.0642589 0.935741 1
0.539752 0.460248 1
0.00338821 0.996612 1
0.985762 0.0142378 1
0.00480606 0.995194 1
0.00812403 0.991876 1
0.662779 0.337221 1
0.00731092 0.992689 1
0.0435316 0.956468 1
