0.982333 0.0176672 0
0.981829 0.018171 0
0.953753 0.0462471 0
0.96701 0.0329896 0
0.584554 0.415446 0
0.983172 0.0168279 0
0.954895 0.0451047 0
0.951165 0.0488347 0
0.950795 0.0492048 0
0.801369 0.198631 0
0.955591 0.0444087 0
0.935585 0.0644146 0
0.942376 0.0576242 0
0.766713 0.233287 0
0.936629 0.0633706 0
0.904182 0.0958176 0
0.125845 0.874155 0
0.878465 0.121535 0
0.313347 0.686653 0
0.954496 0.0455044 0
0.96226 0.0377405 0
0.959828 0.0401717 0
0.980884 0.0191161 0
0.734165 0.265835 0
0.887012 0.112988 0
0.968584 0.0314157 0
0.990295 0.00970476 0
0.954074 0.0459259 0
0.906823 0.0931769 0
0.94344 0.0565605 0
0.917127 0.0828725 0
0.482847 0.517153 0
0.902831 0.0971693 0
0.989199 0.0108011 0
0.405506 0.594494 0
0.966533 0.0334671 0
0.98598 0.0140201 0
0.663113 0.336887 0
0.954905 0.0450948 0
0.978685 0.021315 0
0.92009 0.0799103 0
0.914073 0.0859271 0
0.963675 0.0363245 0
0.752119 0.247881 0
0.96956 0.0304399 0
0.979087 0.0209131 0
0.976529 0.0234706 0
0.869391 0.130609 0
0.985166 0.0148337 0
0.920549 0.0794513 0
0.862235 0.137765 0
0.965764 0.0342364 0
0.861553 0.138447 0
0.978654 0.0213461 0
0.957359 0.0426411 0
0.980823 0.0191774 0
0.987827 0.0121732 0
0.909309 0.0906911 0
0.767146 0.232854 0
0.936649 0.0633505 0
0.025016 0.974984 0
0.986016 0.013984 0
0.55819 0.44181 0
0.966142 0.0338583 0
0.628849 0.371151 0
0.981299 0.0187008 0
0.317978 0.682022 0
0.96766 0.0323401 0
0.632266 0.367734 0
0.990733 0.00926746 0
0.986333 0.0136666 0
0.903846 0.0961538 0
0.963603 0.0363973 0
0.926755 0.0732454 0
0.207735 0.792265 0
0.939809 0.0601913 0
0.985142 0.0148584 0
0.963849 0.0361513 0
0.983365 0.0166349 0
0.800908 0.199092 0
0.961322 0.0386777 0
0.983702 0.0162979 0
0.985672 0.0143275 0
0.69983 0.30017 0
0.613818 0.386182 0
0.963166 0.0368335 0
0.848451 0.151549 0
0.890847 0.109153 0
0.756272 0.243728 0
0.886308 0.113692 0
0.916041 0.0839585 0
0.972667 0.027333 0
0.990185 0.00981477 0
0.971997 0.0280027 0
0.976228 0.0237716 0
0.963698 0.0363022 0
0.990331 0.00966927 0
0.917841 0.0821591 0
0.910403 0.0895972 0
0.979147 0.0208525 0
0.866311 0.133689 0
0.975916 0.0240842 0
0.988385 0.0116147 0
0.979672 0.0203282 0
0.991782 0.00821782 0
0.62318 0.37682 0
0.933821 0.0661785 0
0.906036 0.0939636 0
0.968975 0.0310253 0
0.985452 0.0145479 0
0.877174 0.122826 0
0.984934 0.0150657 0
0.11805 0.88195 0
0.960145 0.0398546 0
0.988435 0.0115646 0
0.922615 0.0773848 0
0.755789 0.244211 0
0.650136 0.349864 0
0.37229 0.62771 0
0.0392838 0.960716 0
0.877789 0.122211 0
0.850897 0.149103 0
0.948991 0.0510092 0
0.988013 0.0119874 0
0.986371 0.0136287 0
0.924867 0.0751335 0
0.896549 0.103451 0
0.959076 0.0409242 0
0.322716 0.677284 0
0.98706 0.01294 0
0.00981514 0.990185 0
0.812157 0.187843 0
0.963504 0.0364963 0
0.962473 0.0375273 0
0.991178 0.00882182 0
0.992645 0.00735476 0
0.824285 0.175715 0
0.99167 0.00833032 0
0.973467 0.0265326 0
0.938671 0.0613294 0
0.974523 0.0254765 0
0.969967 0.030033 0
0.941794 0.0582057 0
0.982349 0.0176512 0
0.937014 0.0629859 0
0.9739 0.0261004 0
0.984317 0.0156826 0
0.950958 0.0490425 0
0.935845 0.0641549 0
0.467285 0.532715 0
0.962124 0.0378761 0
0.883004 0.116996 0
0.981928 0.0180717 0
0.751147 0.248853 0
0.607877 0.392123 0
0.825872 0.174128 0
0.96011 0.03989 0
0.666214 0.333786 0
0.807585 0.192415 0
0.881628 0.118372 0
0.968575 0.0314254 0
0.958055 0.0419446 0
0.987107 0.0128932 0
0.989963 0.0100372 0
0.949693 0.0503074 0
0.849339 0.150661 0
0.846732 0.153268 0
0.984171 0.0158291 0
0.978413 0.0215869 0
0.986488 0.0135123 0
0.966088 0.033912 0
0.263304 0.736696 0
0.090213 0.909787 0
0.972837 0.0271633 0
0.964638 0.0353618 0
0.894414 0.105586 0
0.0951424 0.904858 0
0.894495 0.105505 0
0.939397 0.0606035 0
0.826302 0.173698 0
0.968445 0.0315547 0
0.984917 0.0150829 0
0.966851 0.0331486 0
0.467431 0.532569 0
0.586403 0.413597 0
0.54019 0.45981 0
0.989542 0.0104583 0
0.0423473 0.957653 0
0.756491 0.243509 0
0.969839 0.0301611 0
0.983173 0.0168268 0
0.96142 0.0385797 0
0.94669 0.0533098 0
0.957816 0.0421839 0
0.986655 0.0133448 0
0.988484 0.0115162 0
0.983292 0.016708 0
0.660492 0.339508 0
0.980377 0.0196226 0
0.875885 0.124115 0
0.970172 0.0298281 0
0.974329 0.0256714 0
0.835582 0.164418 0
0.984011 0.0159886 0
0.598826 0.401174 0
0.946254 0.0537463 0
0.988069 0.0119308 0
0.966572 0.0334279 0
0.976219 0.0237809 0
0.579071 0.420929 0
0.768596 0.231404 0
0.14562 0.85438 0
0.966811 0.0331893 0
0.948485 0.0515152 0
0.968378 0.0316223 0
0.962816 0.0371836 0
0.134447 0.865553 0
0.9814 0.0185999 0
0.824056 0.175944 0
0.834894 0.165106 0
0.989267 0.0107332 0
0.968785 0.0312153 0
0.992137 0.00786292 0
0.858558 0.141442 0
0.974986 0.0250143 0
0.873824 0.126176 0
0.0580889 0.941911 0
0.988086 0.0119137 0
0.617332 0.382668 0
0.939807 0.0601925 0
0.342933 0.657067 0
0.875172 0.124828 0
0.854982 0.145018 0
0.986134 0.0138661 0
0.971716 0.0282836 0
0.984743 0.015257 0
0.978277 0.0217226 0
0.793153 0.206847 0
0.989145 0.0108548 0
0.985654 0.0143462 0
0.240118 0.759882 0
0.855783 0.144217 0
0.467936 0.532064 0
0.988943 0.0110572 0
0.911239 0.0887608 0
0.848299 0.151701 0
0.974768 0.025232 0
0.985428 0.0145718 0
0.8672 0.1328 0
0.638824 0.361176 0
0.509112 0.490888 0
0.986284 0.0137155 0
0.979858 0.0201422 0
0.810789 0.189211 0
0.616368 0.383632 0
0.670985 0.329015 0
0.981605 0.0183947 0
0.22402 0.77598 0
0.196011 0.803989 0
0.93415 0.0658503 0
0.863027 0.136973 0
0.152782 0.847218 0
0.981729 0.0182708 0
0.832284 0.167716 0
0.970889 0.0291107 0
0.928161 0.0718386 0
0.916788 0.0832116 0
0.983373 0.0166274 0
0.89478 0.10522 0
0.988027 0.0119728 0
0.962617 0.0373828 0
0.221169 0.778831 0
0.971401 0.0285991 0
0.748329 0.251671 0
0.987267 0.0127328 0
0.954046 0.0459542 0
0.975307 0.0246926 0
0.975847 0.0241526 0
0.97678 0.02322 0
0.277311 0.722689 0
0.958818 0.041182 0
0.71368 0.28632 0
0.983979 0.0160205 0
0.974339 0.025661 0
0.901507 0.0984925 0
0.930287 0.0697134 0
0.98861 0.0113902 0
0.982399 0.0176005 0
0.97474 0.0252599 0
0.892363 0.107637 0
0.289275 0.710725 0
0.984957 0.0150431 0
0.155829 0.844171 0
0.885147 0.114853 0
0.934133 0.0658671 0
0.978927 0.0210725 0
0.986815 0.0131853 0
0.931496 0.0685037 0
0.977292 0.0227081 0
0.988253 0.0117472 0
0.834803 0.165197 0
0.97649 0.0235098 0
0.973427 0.0265735 0
0.986916 0.0130841 0
0.903107 0.0968926 0
0.980372 0.0196285 0
0.604039 0.395961 0
0.977466 0.0225341 0
0.986458 0.0135422 0
0.983256 0.0167443 0
0.979236 0.0207642 0
0.880413 0.119587 0
0.9666 0.0333997 0
0.97647 0.0235304 0
0.887509 0.112491 0
0.964742 0.0352575 0
0.80741 0.19259 0
0.644425 0.355575 0
0.811258 0.188742 0
0.751848 0.248152 0
0.979766 0.0202345 0
0.932164 0.0678356 0
0.941302 0.0586977 0
0.979665 0.0203349 0
0.242744 0.757256 0
0.970418 0.0295817 0
0.94899 0.0510095 0
0.980687 0.0193129 0
0.982996 0.0170036 0
0.558323 0.441677 0
0.964059 0.0359414 0
0.934856 0.0651438 0
0.97967 0.02033 0
0.985459 0.0145413 0
0.958271 0.0417288 0
0.974196 0.0258038 0
0.863935 0.136065 0
0.978625 0.0213755 0
0.828541 0.171459 0
0.635609 0.364391 0
0.978847 0.021153 0
0.707044 0.292956 0
0.988624 0.0113762 0
0.990644 0.00935565 0
0.956442 0.0435583 0
0.988144 0.0118557 0
0.978745 0.0212554 0
0.632443 0.367557 0
0.867603 0.132397 0
0.793508 0.206492 0
0.942716 0.0572839 0
0.397227 0.602773 0
0.975436 0.0245638 0
0.987702 0.0122983 0
0.984517 0.0154828 0
0.959968 0.0400322 0
0.984231 0.0157687 0
0.973839 0.0261615 0
0.976217 0.0237834 0
0.682087 0.317913 0
0.956598 0.0434017 0
0.969383 0.0306167 0
0.557994 0.442006 0
0.989489 0.010511 0
0.978448 0.0215517 0
0.848591 0.151409 0
0.989516 0.0104845 0
0.975491 0.0245095 0
0.961364 0.038636 0
0.973238 0.0267617 0
0.956698 0.0433021 0
0.977759 0.0222405 0
0.824348 0.175652 0
0.184277 0.815723 0
0.950718 0.0492822 0
0.981136 0.0188636 0
0.984861 0.015139 0
0.96372 0.0362798 0
0.640304 0.359696 0
0.927336 0.072664 0
0.976061 0.0239387 0
0.947218 0.0527817 0
0.844697 0.155303 0
0.964441 0.0355593 0
0.980659 0.0193412 0
0.960816 0.0391837 0
0.965945 0.0340554 0
0.98519 0.0148099 0
0.0124419 0.987558 0
0.976386 0.0236142 0
0.139806 0.860194 0
0.889858 0.110142 0
0.936558 0.0634416 0
0.988899 0.011101 0
0.981481 0.0185193 0
0.958626 0.0413736 0
0.979517 0.0204828 0
0.97889 0.0211104 0
0.960773 0.0392272 0
0.61151 0.38849 0
0.94921 0.0507903 0
0.941341 0.0586594 0
0.971129 0.0288711 0
0.919419 0.080581 0
0.983156 0.0168437 0
0.826209 0.173791 0
0.968716 0.0312836 0
0.913705 0.086295 0
0.758213 0.241787 0
0.9809 0.0190995 0
0.957244 0.0427559 0
0.797486 0.202514 0
0.979827 0.0201735 0
0.656443 0.343557 0
0.634178 0.365822 0
0.0357452 0.964255 0
0.928614 0.0713862 0
0.918445 0.0815549 0
0.982639 0.0173614 0
0.910664 0.0893357 0
0.979901 0.0200992 0
0.87336 0.12664 0
0.542908 0.457092 0
0.866682 0.133318 0
0.562587 0.437413 0
0.907647 0.0923525 0
0.879267 0.120733 0
0.944629 0.0553712 0
0.739164 0.260836 0
0.974542 0.0254582 0
0.821961 0.178039 0
0.918494 0.0815057 0
0.00974008 0.99026 0
0.961058 0.038942 0
0.96642 0.0335801 0
0.982889 0.0171109 0
0.930735 0.0692654 0
0.963459 0.0365412 0
0.935023 0.0649773 0
0.74294 0.25706 0
0.883899 0.116101 0
0.942004 0.0579958 0
0.738642 0.261358 0
0.982104 0.0178963 0
0.669481 0.330519 0
0.783273 0.216727 0
0.974642 0.0253577 0
0.943814 0.0561857 0
0.990095 0.00990523 0
0.961697 0.038303 0
0.983095 0.0169052 0
0.985386 0.0146145 0
0.429431 0.570569 0
0.96731 0.0326896 0
0.980443 0.0195568 0
0.989365 0.0106351 0
0.977804 0.022196 0
0.990245 0.00975543 0
0.967947 0.0320529 0
0.849088 0.150912 0
0.95959 0.0404102 0
0.976938 0.0230621 0
0.974666 0.0253343 0
0.0276938 0.972306 0
0.986595 0.0134052 0
0.941384 0.0586155 0
0.76635 0.23365 0
0.977515 0.0224854 0
0.82274 0.17726 0
0.98427 0.0157297 0
0.93788 0.06212 0
0.758543 0.241457 0
0.975676 0.0243243 0
0.955886 0.0441137 0
0.969109 0.0308915 0
0.984923 0.0150773 0
0.69992 0.30008 0
0.952464 0.0475358 0
0.649956 0.350044 0
0.952242 0.0477583 0
0.96022 0.0397801 0
0.0835014 0.916499 0
0.9837 0.0163 0
0.208708 0.791292 0
0.970179 0.0298212 0
0.269486 0.730514 0
0.97141 0.0285902 0
0.409749 0.590251 0
0.77682 0.22318 0
0.98327 0.0167297 0
0.968643 0.0313567 0
0.927966 0.0720339 0
0.97286 0.0271404 0
0.976008 0.0239921 0
0.964118 0.0358816 0
0.468764 0.531236 0
0.984508 0.0154921 0
0.978318 0.0216824 0
0.96634 0.0336603 0
0.750447 0.249553 0
0.960093 0.0399074 0
0.827088 0.172912 0
0.971263 0.028737 0
0.989522 0.0104785 0
0.959107 0.0408927 0
0.964121 0.035879 0
0.991069 0.00893132 0
0.990881 0.00911865 0
0.97511 0.0248899 0
0.979586 0.020414 0
0.973211 0.0267892 0
0.855369 0.144631 0
0.988873 0.0111271 0
0.96836 0.0316402 0
0.921559 0.0784408 0
0.977662 0.0223385 0
0.817502 0.182498 0
0.430836 0.569164 0
0.989181 0.0108191 0
0.616148 0.383852 0
0.984428 0.0155725 0
0.165797 0.834203 0
0.912485 0.0875149 0
0.978648 0.0213518 0
0.424896 0.575104 0
0.980689 0.0193113 0
0.98238 0.0176199 0
0.959433 0.0405673 0
0.976906 0.0230942 0
0.922079 0.0779207 0
0.980869 0.0191313 0
0.938155 0.061845 0
0.776697 0.223303 0
0.987327 0.0126734 0
0.961317 0.0386832 0
0.922325 0.0776746 0
0.971941 0.0280591 0
0.978179 0.0218213 0
0.988232 0.0117684 0
0.424754 0.575246 0
0.919317 0.0806835 0
0.345246 0.654754 0
0.897713 0.102287 0
0.958348 0.0416521 0
0.941825 0.0581753 0
0.971101 0.0288986 0
0.932047 0.0679535 0
0.909992 0.0900076 0
0.873209 0.126791 0
0.457503 0.542497 0
0.980591 0.019409 0
0.972844 0.0271556 0
0.0252403 0.97476 0
0.0716366 0.928363 0
0.965354 0.0346456 0
0.974505 0.0254953 0
0.984528 0.0154717 0
0.901639 0.0983612 0
0.969324 0.0306763 0
0.956484 0.0435158 0
0.976181 0.0238192 0
0.634742 0.365258 0
0.934183 0.0658169 0
0.974471 0.0255294 0
0.951191 0.0488085 0
0.975569 0.0244312 0
0.0437881 0.956212 0
0.987703 0.0122972 0
0.932409 0.0675906 0
0.942019 0.0579814 0
0.98611 0.0138899 0
0.979503 0.0204973 0
0.774063 0.225937 0
0.918306 0.0816936 0
0.914398 0.0856019 0
0.98547 0.0145298 0
0.976384 0.0236158 0
0.987632 0.0123681 0
0.906623 0.0933772 0
0.982561 0.0174391 0
0.743693 0.256307 0
0.984743 0.0152572 0
0.921511 0.0784892 0
0.961601 0.0383988 0
0.935645 0.0643552 0
0.94633 0.0536705 0
0.959697 0.040303 0
0.902335 0.0976654 0
0.986092 0.0139079 0
0.220327 0.779673 0
0.55761 0.44239 0
0.942392 0.0576081 0
0.993792 0.00620766 0
0.987737 0.0122633 0
0.871343 0.128657 0
0.943257 0.0567428 0
0.985677 0.0143229 0
0.809486 0.190514 0
0.874251 0.125749 0
0.981036 0.0189643 0
0.990833 0.0091673 0
0.971216 0.0287844 0
0.434557 0.565443 0
0.043602 0.956398 0
0.983137 0.0168627 0
0.307678 0.692322 0
0.990403 0.00959709 0
0.963268 0.0367315 0
0.978505 0.021495 0
0.984642 0.0153584 0
0.937074 0.0629259 0
0.980769 0.0192308 0
0.885856 0.114144 0
0.374173 0.625827 0
0.772555 0.227445 0
0.409093 0.590907 0
0.842527 0.157473 0
0.97938 0.0206198 0
0.728137 0.271863 0
0.661845 0.338155 0
0.97129 0.0287097 0
0.989207 0.0107927 0
0.771353 0.228647 0
0.931254 0.0687456 0
0.0410255 0.958975 0
0.973795 0.0262048 0
0.763483 0.236517 0
0.984123 0.0158771 0
0.0993415 0.900658 0
0.977071 0.0229286 0
0.979085 0.0209148 0
0.677443 0.322557 0
0.987192 0.0128081 0
0.74866 0.25134 0
0.854568 0.145432 0
0.349692 0.650308 0
0.981336 0.0186635 0
0.800325 0.199675 0
0.608268 0.391732 0
0.983367 0.016633 0
0.979618 0.0203818 0
0.871462 0.128538 0
0.910576 0.0894242 0
0.863757 0.136244 0
0.990863 0.00913705 0
0.963467 0.0365334 0
0.949929 0.0500705 0
0.566053 0.433947 0
0.990914 0.00908646 0
0.98855 0.0114504 0
0.980266 0.0197342 0
0.979424 0.0205762 0
0.97283 0.0271702 0
0.965435 0.034565 0
0.962933 0.0370666 0
0.920943 0.0790567 0
0.377455 0.622545 0
0.968962 0.0310384 0
0.981878 0.0181225 0
0.442706 0.557294 0
0.965205 0.0347948 0
0.968739 0.0312613 0
0.991542 0.00845844 0
0.987919 0.0120811 0
0.936416 0.0635844 0
0.584771 0.415229 0
0.0623958 0.937604 0
0.985051 0.0149494 0
0.968188 0.031812 0
0.981622 0.0183782 0
0.937739 0.0622611 0
0.967933 0.0320668 0
0.851811 0.148189 0
0.689781 0.310219 0
0.973185 0.0268154 0
0.946325 0.0536754 0
0.915988 0.0840116 0
0.909806 0.0901942 0
0.938735 0.061265 0
0.533353 0.466647 0
0.831639 0.168361 0
0.544531 0.455469 0
0.893585 0.106415 0
0.646531 0.353469 0
0.924447 0.0755533 0
0.920596 0.079404 0
0.973413 0.026587 0
0.886729 0.113271 0
0.975497 0.0245026 0
0.920482 0.0795183 0
0.941094 0.0589061 0
0.751033 0.248967 0
0.970883 0.0291165 0
0.983666 0.0163342 0
0.974051 0.0259487 0
0.893123 0.106877 0
0.988947 0.0110533 0
0.933602 0.0663978 0
0.978541 0.0214589 0
0.906712 0.0932883 0
0.852076 0.147924 0
0.989803 0.0101973 0
0.820098 0.179902 0
0.979452 0.0205478 0
0.980074 0.0199258 0
0.85341 0.14659 0
0.964182 0.0358183 0
0.979342 0.0206577 0
0.868536 0.131464 0
0.91618 0.0838203 0
0.935214 0.0647856 0
0.975634 0.0243659 0
0.884842 0.115158 0
0.927055 0.0729452 0
0.958462 0.0415384 0
0.62164 0.37836 0
0.740727 0.259273 0
0.94068 0.0593199 0
0.980583 0.0194166 0
0.882865 0.117135 0
0.834634 0.165366 0
0.980759 0.0192411 0
0.98286 0.01714 0
0.398483 0.601517 0
0.0737614 0.926239 0
0.986463 0.0135374 0
0.99092 0.00907958 0
0.417406 0.582594 0
0.988976 0.0110242 0
0.880916 0.119084 0
0.974729 0.0252708 0
0.920448 0.0795522 0
0.93255 0.0674496 0
0.987306 0.012694 0
0.992993 0.00700737 0
0.927835 0.0721647 0
0.797336 0.202664 0
0.818132 0.181868 0
0.984682 0.0153182 0
0.907871 0.092129 0
0.965735 0.0342645 0
0.73394 0.26606 0
0.958032 0.041968 0
0.845705 0.154295 0
0.88893 0.11107 0
0.863806 0.136194 0
0.334792 0.665208 0
0.980013 0.0199871 0
0.871634 0.128367 0
0.799304 0.200696 0
0.923757 0.0762427 0
0.713583 0.286417 0
0.333713 0.666287 0
0.825956 0.174044 0
0.966703 0.0332965 0
0.946711 0.0532886 0
0.898308 0.101692 0
0.981513 0.018487 0
0.94683 0.0531705 0
0.985186 0.014814 0
0.916571 0.0834285 0
0.963722 0.0362784 0
0.967364 0.0326357 0
0.957476 0.0425242 0
0.433113 0.566887 0
0.893144 0.106855 0
0.985743 0.0142572 0
0.979723 0.0202773 0
0.956988 0.0430123 0
0.971853 0.0281473 0
0.344964 0.655036 0
0.916317 0.0836828 0
0.972014 0.0279856 0
0.976864 0.023136 0
0.874576 0.125424 0
0.981325 0.0186749 0
0.985209 0.0147912 0
0.977111 0.022889 0
0.983989 0.0160114 0
0.076992 0.923008 0
0.613055 0.386945 0
0.929297 0.0707034 0
0.972423 0.0275772 0
0.975555 0.0244453 0
0.962024 0.0379757 0
0.741847 0.258153 0
0.485814 0.514186 0
0.982612 0.0173881 0
0.849392 0.150608 0
0.983979 0.0160205 0
0.455469 0.544531 0
0.962798 0.0372019 0
0.806693 0.193307 0
0.971573 0.028427 0
0.734744 0.265256 0
0.953075 0.0469254 0
0.988624 0.0113758 0
0.927832 0.0721677 0
0.797741 0.202259 0
0.984803 0.0151969 0
0.684472 0.315528 0
0.86223 0.13777 0
0.931628 0.0683716 0
0.591199 0.408801 0
0.988887 0.0111135 0
0.951895 0.0481052 0
0.958552 0.0414482 0
0.978018 0.0219817 0
0.912262 0.0877384 0
0.990745 0.00925453 0
0.987424 0.0125758 0
0.990959 0.00904094 0
0.936939 0.0630605 0
0.903981 0.0960186 0
0.908982 0.0910183 0
0.347927 0.652073 0
0.976151 0.0238487 0
0.972162 0.0278384 0
0.979757 0.0202435 0
0.978511 0.0214886 0
0.977409 0.0225909 0
0.980444 0.0195564 0
0.912133 0.0878676 0
0.491617 0.508383 0
0.970196 0.0298037 0
0.93334 0.0666595 0
0.813827 0.186173 0
0.946885 0.0531146 0
0.863967 0.136033 0
0.9213 0.0787003 0
0.970968 0.029032 0
0.957978 0.0420224 0
0.963105 0.036895 0
0.949522 0.0504775 0
0.918734 0.0812657 0
0.916593 0.0834067 0
0.974154 0.0258462 0
0.989644 0.0103564 0
0.972248 0.0277515 0
0.927514 0.0724861 0
0.978953 0.0210471 0
0.819087 0.180913 0
0.972994 0.0270058 0
0.913495 0.0865045 0
0.983389 0.016611 0
0.963341 0.0366589 0
0.938598 0.061402 0
0.867649 0.132351 0
0.939546 0.060454 0
0.864325 0.135675 0
0.962735 0.037265 0
0.21274 0.787261 0
0.974046 0.0259541 0
0.902605 0.0973948 0
0.973549 0.0264507 0
0.986171 0.0138291 0
0.989027 0.0109729 0
0.32498 0.67502 0
0.948958 0.0510425 0
0.753003 0.246997 0
0.983198 0.0168021 0
0.92344 0.0765604 0
0.982861 0.0171393 0
0.890361 0.109639 0
0.688303 0.311697 0
0.970006 0.0299941 0
0.972611 0.027389 0
0.936227 0.0637731 0
0.45365 0.54635 0
0.824459 0.175541 0
0.748425 0.251575 0
0.956943 0.0430572 0
0.976207 0.0237926 0
0.917324 0.0826756 0
0.868237 0.131763 0
0.658029 0.341971 0
0.917613 0.0823869 0
0.985098 0.014902 0
0.897858 0.102142 0
0.974689 0.0253106 0
0.981983 0.0180173 0
0.928203 0.0717972 0
0.941929 0.0580709 0
0.763266 0.236734 0
0.679178 0.320822 0
0.978145 0.021855 0
0.947032 0.0529675 0
0.981355 0.0186451 0
0.871187 0.128813 0
0.660219 0.339781 0
0.971912 0.0280883 0
0.992687 0.00731323 0
0.954053 0.0459475 0
0.716542 0.283458 0
0.945163 0.0548368 0
0.766343 0.233657 0
0.977105 0.0228954 0
0.969018 0.0309821 0
0.9801 0.0198999 0
0.206119 0.793881 0
0.977034 0.0229665 0
0.549779 0.450221 0
0.818183 0.181817 0
0.964636 0.0353642 0
0.989641 0.0103586 0
0.980838 0.0191616 0
0.930473 0.069527 0
0.765065 0.234935 0
0.947752 0.0522477 0
0.754688 0.245312 0
0.975801 0.0241995 0
0.982177 0.0178234 0
0.988918 0.0110824 0
0.781396 0.218604 0
0.984813 0.0151868 0
0.985594 0.0144057 0
0.935852 0.0641481 0
0.965216 0.0347836 0
0.989262 0.0107378 0
0.95205 0.0479497 0
0.984673 0.0153273 0
0.959127 0.0408727 0
0.765574 0.234426 0
0.914666 0.0853337 0
0.890544 0.109456 0
0.893664 0.106336 0
0.957779 0.0422214 0
0.972648 0.0273523 0
0.986968 0.0130317 0
0.967425 0.0325753 0
0.933981 0.0660187 0
0.978074 0.0219261 0
0.839436 0.160564 0
0.979105 0.0208946 0
0.990353 0.00964717 0
0.988446 0.0115539 0
0.95567 0.0443295 0
0.984073 0.0159271 0
0.577758 0.422242 0
0.5869 0.4131 0
0.989859 0.0101408 0
0.960048 0.0399516 0
0.985268 0.0147316 0
0.703785 0.296215 0
0.982594 0.0174063 0
0.89941 0.10059 0
0.985217 0.0147826 0
0.76674 0.23326 0
0.986658 0.0133422 0
0.98889 0.0111102 0
0.971742 0.0282581 0
0.861115 0.138885 0
0.973623 0.0263773 0
0.980328 0.0196721 0
0.743537 0.256463 0
0.988177 0.0118231 0
0.985953 0.0140474 0
0.97599 0.0240096 0
0.979603 0.020397 0
0.838287 0.161713 0
0.827099 0.172901 0
0.984678 0.0153222 0
0.900412 0.0995876 0
0.745341 0.254659 0
0.975791 0.0242086 0
0.742781 0.257219 0
0.876953 0.123047 0
0.924636 0.0753638 0
0.96092 0.0390802 0
0.952229 0.047771 0
0.097234 0.902766 0
0.361484 0.638516 0
0.866142 0.133858 0
0.869895 0.130105 0
0.865549 0.134451 0
0.95532 0.0446801 0
0.905286 0.094714 0
0.987669 0.012331 0
0.959453 0.040547 0
0.968908 0.0310918 0
0.972288 0.0277116 0
0.0196744 0.980326 0
0.726063 0.273937 0
0.165661 0.834339 0
0.765933 0.234067 0
0.986896 0.0131042 0
0.984662 0.0153379 0
0.986525 0.0134753 0
0.986906 0.0130944 0
0.787985 0.212015 0
0.956368 0.0436316 0
0.303849 0.696151 0
0.0554367 0.944563 0
0.979399 0.0206011 0
0.868696 0.131304 0
0.505874 0.494126 0
0.983742 0.0162577 0
0.295988 0.704012 0
0.969378 0.0306223 0
0.881402 0.118598 0
0.00921401 0.990786 1
0.137484 0.862516 1
0.786299 0.213701 1
0.0213982 0.978602 1
0.0849371 0.915063 1
0.186745 0.813255 1
0.0754921 0.924508 1
0.0259638 0.974036 1
0.584912 0.415088 1
0.163076 0.836924 1
0.0157263 0.984274 1
0.879723 0.120276 1
0.0136479 0.986352 1
0.284909 0.715091 1
0.012409 0.987591 1
0.157231 0.842769 1
0.284678 0.715322 1
0.0314045 0.968596 1
0.200159 0.799841 1
0.732053 0.267947 1
0.0590984 0.940902 1
0.0182473 0.981753 1
0.0571409 0.942859 1
0.145404 0.854596 1
0.0139245 0.986075 1
0.08724 0.91276 1
0.0449928 0.955007 1
0.0239503 0.97605 1
0.0580064 0.941994 1
0.0313155 0.968684 1
0.0454293 0.954571 1
0.0417581 0.958242 1
0.147467 0.852533 1
0.00830958 0.99169 1
0.152265 0.847735 1
0.0245499 0.97545 1
0.0558983 0.944102 1
0.0179565 0.982044 1
0.0128645 0.987135 1
0.0771668 0.922833 1
0.107187 0.892813 1
0.230989 0.769011 1
0.0138177 0.986182 1
0.667403 0.332597 1
0.011373 0.988627 1
0.0472294 0.952771 1
0.010669 0.989331 1
0.573833 0.426167 1
0.482166 0.517834 1
0.895965 0.104035 1
0.0180224 0.981978 1
0.0548501 0.94515 1
0.817551 0.182449 1
0.0110993 0.988901 1
0.565884 0.434116 1
0.537766 0.462234 1
0.0385102 0.96149 1
0.0357824 0.964218 1
0.11986 0.88014 1
0.194697 0.805303 1
0.305405 0.694595 1
0.149911 0.850089 1
0.0107756 0.989224 1
0.0111509 0.988849 1
0.0313534 0.968647 1
0.60766 0.39234 1
0.0369421 0.963058 1
0.192563 0.807437 1
0.0741125 0.925887 1
0.0212177 0.978782 1
0.0384879 0.961512 1
0.0391294 0.960871 1
0.0566039 0.943396 1
0.435724 0.564276 1
0.932968 0.0670319 1
0.132853 0.867147 1
0.0118659 0.988134 1
0.147469 0.852531 1
0.00545086 0.994549 1
0.0148603 0.98514 1
0.0181507 0.981849 1
0.144326 0.855673 1
0.844624 0.155376 1
0.00705512 0.992945 1
0.644997 0.355003 1
0.111258 0.888742 1
0.0563529 0.943647 1
0.0153582 0.984642 1
0.21508 0.78492 1
0.265881 0.734119 1
0.0605296 0.93947 1
0.00563749 0.994362 1
0.138634 0.861366 1
0.157504 0.842496 1
0.0110951 0.988905 1
0.0213797 0.97862 1
0.00516535 0.994835 1
0.81605 0.18395 1
0.0935767 0.906423 1
0.446324 0.553676 1
0.0220149 0.977985 1
0.0658165 0.934184 1
0.726243 0.273757 1
0.0197279 0.980272 1
0.0373867 0.962613 1
0.440015 0.559985 1
0.042807 0.957193 1
0.0601012 0.939899 1
0.0829807 0.917019 1
0.140071 0.859929 1
0.0229671 0.977033 1
0.0227359 0.977264 1
0.679056 0.320944 1
0.0286778 0.971322 1
0.382778 0.617222 1
0.0160531 0.983947 1
0.00743233 0.992568 1
0.0186613 0.981339 1
0.0301298 0.96987 1
0.0548305 0.94517 1
0.135916 0.864084 1
0.0594087 0.940591 1
0.0318129 0.968187 1
0.35234 0.64766 1
0.0169295 0.98307 1
0.225046 0.774954 1
0.978639 0.021361 1
0.00987501 0.990125 1
0.0084108 0.991589 1
0.0765953 0.923405 1
0.00689355 0.993106 1
0.0363116 0.963688 1
0.0236779 0.976322 1
0.0267871 0.973213 1
0.035161 0.964839 1
0.0371575 0.962842 1
0.0114295 0.988571 1
0.00853947 0.991461 1
0.00729828 0.992702 1
0.343162 0.656838 1
0.00515915 0.994841 1
0.114335 0.885665 1
0.113176 0.886824 1
0.527714 0.472286 1
0.0544881 0.945512 1
0.050198 0.949802 1
0.0491557 0.950844 1
0.0119811 0.988019 1
0.2347 0.7653 1
0.773694 0.226306 1
0.0102093 0.989791 1
0.0112057 0.988794 1
0.00999933 0.990001 1
0.0116116 0.988388 1
0.690758 0.309242 1
0.444089 0.555911 1
0.140518 0.859482 1
0.0459832 0.954017 1
0.355751 0.644249 1
0.0425695 0.957431 1
0.0637595 0.93624 1
0.0682449 0.931755 1
0.0600757 0.939924 1
0.0244677 0.975532 1
0.0706042 0.929396 1
0.0564383 0.943562 1
0.948665 0.0513347 1
0.944874 0.0551263 1
0.0419773 0.958023 1
0.0496282 0.950372 1
0.00737209 0.992628 1
0.0531819 0.946818 1
0.864833 0.135168 1
0.155133 0.844867 1
0.357584 0.642416 1
0.0362158 0.963784 1
0.124289 0.875711 1
0.868809 0.131191 1
0.0126772 0.987323 1
0.258772 0.741228 1
0.0508935 0.949107 1
0.87984 0.12016 1
0.00831156 0.991688 1
0.0233084 0.976691 1
0.498053 0.501947 1
0.0876711 0.912329 1
0.0802273 0.919773 1
0.464224 0.535776 1
0.0270801 0.97292 1
0.397978 0.602022 1
0.0202995 0.979701 1
0.215068 0.784932 1
0.692864 0.307135 1
0.199177 0.800823 1
0.500298 0.499702 1
0.795766 0.204234 1
0.319611 0.680389 1
0.0299931 0.970007 1
0.0198331 0.980167 1
0.200705 0.799295 1
0.0596537 0.940346 1
0.07899 0.92101 1
0.0164089 0.983591 1
0.0610708 0.938929 1
0.194459 0.805541 1
0.0102914 0.989708 1
0.00721076 0.992789 1
0.501437 0.498563 1
0.249309 0.750691 1
0.0304983 0.969502 1
0.0147839 0.985216 1
0.00820445 0.991796 1
0.876168 0.123832 1
0.333752 0.666248 1
0.0476307 0.952369 1
0.00984983 0.99015 1
0.585808 0.414192 1
0.102622 0.897379 1
0.0450762 0.954924 1
0.00693068 0.993069 1
0.0583443 0.941656 1
0.0189165 0.981083 1
0.0107823 0.989218 1
0.46414 0.53586 1
0.00703749 0.992963 1
0.385251 0.614749 1
0.015641 0.984359 1
0.614438 0.385562 1
0.064279 0.935721 1
0.839752 0.160248 1
0.0276407 0.972359 1
0.0741765 0.925824 1
0.338904 0.661096 1
0.0637825 0.936217 1
0.0539554 0.946045 1
0.0223376 0.977663 1
0.0928654 0.907135 1
0.34674 0.65326 1
0.170396 0.829604 1
0.0331344 0.966866 1
0.533138 0.466862 1
0.84206 0.15794 1
0.123143 0.876857 1
0.0856601 0.91434 1
0.137729 0.862271 1
0.348951 0.651049 1
0.287157 0.712843 1
0.00699943 0.993001 1
0.014071 0.985929 1
0.0079069 0.992093 1
0.00604745 0.993953 1
0.196331 0.803669 1
0.135565 0.864435 1
0.0200693 0.979931 1
0.458689 0.541311 1
0.3031 0.6969 1
0.0350643 0.964936 1
0.129094 0.870906 1
0.00999928 0.990001 1
0.988213 0.0117875 1
0.00850371 0.991496 1
0.251405 0.748595 1
0.240721 0.759279 1
0.0463152 0.953685 1
0.0282065 0.971793 1
0.0134545 0.986546 1
0.0121746 0.987825 1
0.00772028 0.99228 1
0.834681 0.165319 1
0.183595 0.816405 1
0.0773196 0.92268 1
0.823036 0.176964 1
0.852499 0.147501 1
0.921962 0.078038 1
0.013042 0.986958 1
0.0241191 0.975881 1
0.0197133 0.980287 1
0.051085 0.948915 1
0.0192945 0.980706 1
0.0230938 0.976906 1
0.00840726 0.991593 1
0.0117993 0.988201 1
0.169898 0.830102 1
0.0284275 0.971572 1
0.137715 0.862285 1
0.00662782 0.993372 1
0.0241964 0.975804 1
0.346643 0.653357 1
0.0161256 0.983874 1
0.0290626 0.970937 1
0.0467499 0.95325 1
0.0557256 0.944274 1
0.489695 0.510305 1
0.020906 0.979094 1
0.0515551 0.948445 1
0.262466 0.737534 1
0.0352316 0.964768 1
0.380077 0.619923 1
0.0120131 0.987987 1
0.210124 0.789876 1
0.0289956 0.971004 1
0.482447 0.517553 1
0.0101324 0.989868 1
0.0824328 0.917567 1
0.0124335 0.987566 1
0.0515736 0.948426 1
0.256432 0.743568 1
0.0173628 0.982637 1
0.160248 0.839752 1
0.0635079 0.936492 1
0.0182258 0.981774 1
0.719873 0.280127 1
0.102036 0.897964 1
0.0178869 0.982113 1
0.594595 0.405405 1
0.391773 0.608227 1
0.777159 0.222841 1
0.016058 0.983942 1
0.869505 0.130495 1
0.0577424 0.942258 1
0.701098 0.298902 1
0.0182652 0.981735 1
0.109376 0.890624 1
0.0160366 0.983963 1
0.710049 0.289951 1
0.124535 0.875465 1
0.503757 0.496243 1
0.026811 0.973189 1
0.0105806 0.989419 1
0.0307941 0.969206 1
0.0121994 0.987801 1
0.0389535 0.961047 1
0.0154301 0.98457 1
0.792141 0.207859 1
0.293559 0.706441 1
0.0863419 0.913658 1
0.0700545 0.929946 1
0.160515 0.839485 1
0.00909192 0.990908 1
0.0889855 0.911014 1
0.253446 0.746554 1
0.0314367 0.968563 1
0.469793 0.530207 1
0.207398 0.792602 1
0.399726 0.600274 1
0.0216901 0.97831 1
0.0112949 0.988705 1
0.196078 0.803922 1
0.0795806 0.920419 1
0.0117055 0.988294 1
0.188498 0.811502 1
0.137559 0.862441 1
0.0280613 0.971939 1
0.684243 0.315758 1
0.800019 0.199981 1
0.10227 0.89773 1
0.0449419 0.955058 1
0.913756 0.0862439 1
0.00611495 0.993885 1
0.0147503 0.98525 1
0.588754 0.411246 1
0.0879294 0.912071 1
0.674921 0.325079 1
0.0168216 0.983178 1
0.0123567 0.987643 1
0.207627 0.792373 1
0.0191863 0.980814 1
0.212939 0.787061 1
0.338149 0.661851 1
0.0710555 0.928945 1
0.375584 0.624416 1
0.886737 0.113264 1
0.150204 0.849796 1
0.921143 0.0788575 1
0.0269113 0.973089 1
0.499243 0.500757 1
0.055281 0.944719 1
0.821685 0.178315 1
0.690319 0.309681 1
0.0323585 0.967641 1
0.439455 0.560545 1
0.00645935 0.993541 1
0.0360669 0.963933 1
0.00877237 0.991228 1
0.0231307 0.976869 1
0.0646341 0.935366 1
0.0547799 0.94522 1
0.937541 0.0624589 1
0.219219 0.780781 1
0.00566862 0.994331 1
0.0409587 0.959041 1
0.552475 0.447525 1
0.007699 0.992301 1
0.0100381 0.989962 1
0.239894 0.760106 1
0.43028 0.56972 1
0.00746079 0.992539 1
0.128263 0.871737 1
0.588088 0.411912 1
0.102243 0.897757 1
0.217944 0.782056 1
0.0550739 0.944926 1
0.00835486 0.991645 1
0.0138636 0.986136 1
0.0158597 0.98414 1
0.46433 0.53567 1
0.0167226 0.983277 1
0.257231 0.742769 1
0.172583 0.827417 1
0.0615815 0.938418 1
0.120193 0.879807 1
0.527584 0.472416 1
0.696985 0.303015 1
0.598705 0.401295 1
0.584941 0.415059 1
0.583163 0.416837 1
0.0356615 0.964338 1
0.00983804 0.990162 1
0.400968 0.599032 1
0.0185504 0.98145 1
0.0364853 0.963515 1
0.0815976 0.918402 1
0.113656 0.886344 1
0.0159367 0.984063 1
0.0613988 0.938601 1
0.0133464 0.986654 1
0.737858 0.262142 1
0.0482254 0.951775 1
0.0128413 0.987159 1
0.0761299 0.92387 1
0.626408 0.373592 1
0.0068762 0.993124 1
0.262682 0.737318 1
0.00810587 0.991894 1
0.0249583 0.975042 1
0.593002 0.406998 1
0.198096 0.801904 1
0.100561 0.899439 1
0.0106722 0.989328 1
0.021097 0.978903 1
0.94716 0.0528403 1
0.0298078 0.970192 1
0.0422802 0.95772 1
0.766847 0.233153 1
0.217992 0.782008 1
0.625539 0.374461 1
0.0179169 0.982083 1
0.263484 0.736516 1
0.01804 0.98196 1
0.0145385 0.985461 1
0.0153655 0.984634 1
0.934161 0.0658392 1
0.0139545 0.986046 1
0.0181495 0.98185 1
0.361466 0.638534 1
0.0397184 0.960282 1
0.105524 0.894476 1
0.865252 0.134748 1
0.126975 0.873025 1
0.0162556 0.983744 1
0.0206801 0.97932 1
0.0344704 0.96553 1
0.0106088 0.989391 1
0.353305 0.646695 1
0.567425 0.432575 1
0.0294781 0.970522 1
0.188936 0.811064 1
0.0257255 0.974275 1
0.426022 0.573978 1
0.00710396 0.992896 1
0.337341 0.662659 1
0.0218711 0.978129 1
0.192343 0.807657 1
0.105353 0.894647 1
0.39063 0.609371 1
0.619322 0.380678 1
0.0200717 0.979928 1
0.0069383 0.993062 1
0.0303809 0.969619 1
0.0925252 0.907475 1
0.0379973 0.962003 1
0.262718 0.737282 1
0.0256319 0.974368 1
0.495034 0.504966 1
0.0137386 0.986261 1
0.0510791 0.948921 1
0.0128336 0.987166 1
0.0186087 0.981391 1
0.466316 0.533684 1
0.0167416 0.983258 1
0.0077388 0.992261 1
0.0329075 0.967093 1
0.235416 0.764584 1
0.439607 0.560393 1
0.0120307 0.987969 1
0.0324135 0.967586 1
0.840751 0.159249 1
0.945055 0.054945 1
0.124475 0.875525 1
0.242745 0.757255 1
0.00653758 0.993462 1
0.340676 0.659324 1
0.0156018 0.984398 1
0.0378747 0.962125 1
0.0422337 0.957766 1
0.272699 0.727301 1
0.183351 0.816649 1
0.262992 0.737008 1
0.0269932 0.973007 1
0.0109493 0.989051 1
0.0950594 0.904941 1
0.13375 0.86625 1
0.0462711 0.953729 1
0.679121 0.320879 1
0.0466874 0.953313 1
0.0245446 0.975455 1
0.00674326 0.993257 1
0.0198385 0.980162 1
0.0119386 0.988061 1
0.406598 0.593402 1
0.167519 0.832481 1
0.044688 0.955312 1
0.461113 0.538887 1
0.0967745 0.903226 1
0.0351855 0.964815 1
0.0688424 0.931158 1
0.149736 0.850264 1
0.569212 0.430788 1
0.0226462 0.977354 1
0.109436 0.890564 1
0.822763 0.177237 1
0.00775305 0.992247 1
0.0586654 0.941335 1
0.276698 0.723302 1
0.0165466 0.983453 1
0.650979 0.349021 1
0.364267 0.635733 1
0.0112414 0.988759 1
0.189066 0.810934 1
0.0268151 0.973185 1
0.0338136 0.966186 1
0.543573 0.456427 1
0.425385 0.574615 1
0.0257142 0.974286 1
0.0216613 0.978339 1
0.0475009 0.952499 1
0.0729224 0.927078 1
0.0246342 0.975366 1
0.00989822 0.990102 1
0.0510723 0.948928 1
0.00667639 0.993324 1
0.262545 0.737455 1
0.0280381 0.971962 1
0.0138087 0.986191 1
0.0104049 0.989595 1
0.0906907 0.909309 1
0.231551 0.768449 1
0.842493 0.157507 1
0.00472808 0.995272 1
0.0392022 0.960798 1
0.102629 0.897371 1
0.577214 0.422787 1
0.0204668 0.979533 1
0.0372106 0.962789 1
0.0968181 0.903182 1
0.0140117 0.985988 1
0.0452021 0.954798 1
0.0211434 0.978857 1
0.838145 0.161855 1
0.0514757 0.948524 1
0.931989 0.0680108 1
0.177468 0.822532 1
0.128534 0.871466 1
0.0368489 0.963151 1
0.113638 0.886362 1
0.00764346 0.992357 1
0.0197915 0.980208 1
0.148691 0.851309 1
0.0177277 0.982272 1
0.0226792 0.977321 1
0.0121205 0.987879 1
0.0384928 0.961507 1
0.327081 0.672919 1
0.032442 0.967558 1
0.0120136 0.987986 1
0.0483035 0.951697 1
0.650755 0.349245 1
0.0643964 0.935603 1
0.0171118 0.982888 1
0.00845528 0.991545 1
0.0110559 0.988944 1
0.105658 0.894342 1
0.206383 0.793617 1
0.340799 0.659201 1
0.526652 0.473348 1
0.0960542 0.903946 1
0.528957 0.471043 1
0.00912257 0.990877 1
0.0209708 0.979029 1
0.165732 0.834268 1
0.019351 0.980649 1
0.484707 0.515293 1
0.931465 0.0685349 1
0.631608 0.368392 1
0.267178 0.732822 1
0.0114384 0.988562 1
0.0202552 0.979745 1
0.287273 0.712727 1
0.014043 0.985957 1
0.25118 0.74882 1
0.0314099 0.96859 1
0.0168942 0.983106 1
0.028884 0.971116 1
0.0238029 0.976197 1
0.018252 0.981748 1
0.00716614 0.992834 1
0.0126258 0.987374 1
0.93456 0.0654405 1
0.0134662 0.986534 1
0.0231388 0.976861 1
0.493869 0.506131 1
0.453105 0.546895 1
0.100608 0.899392 1
0.0411791 0.958821 1
0.168373 0.831627 1
0.015735 0.984265 1
0.0384913 0.961509 1
0.391047 0.608953 1
0.0217952 0.978205 1
0.021602 0.978398 1
0.0124303 0.98757 1
0.754274 0.245726 1
0.0371378 0.962862 1
0.225936 0.774064 1
0.010821 0.989179 1
0.0724477 0.927552 1
0.00648927 0.993511 1
0.00962994 0.99037 1
0.348825 0.651175 1
0.179874 0.820126 1
0.29972 0.70028 1
0.00550451 0.994495 1
0.143544 0.856456 1
0.434632 0.565368 1
0.0251034 0.974897 1
0.018887 0.981113 1
0.048487 0.951513 1
0.0162058 0.983794 1
0.00715692 0.992843 1
0.925065 0.0749349 1
0.107888 0.892112 1
0.0157318 0.984268 1
0.0623552 0.937645 1
0.0164201 0.98358 1
0.0161954 0.983805 1
0.301637 0.698363 1
0.0167778 0.983222 1
0.0201398 0.97986 1
0.0772832 0.922717 1
0.0106678 0.989332 1
0.00936896 0.990631 1
0.0396534 0.960347 1
0.0205012 0.979499 1
0.828191 0.171809 1
0.0200474 0.979953 1
0.0381849 0.961815 1
0.00615548 0.993845 1
0.0386622 0.961338 1
0.430119 0.569881 1
0.179774 0.820226 1
0.0742305 0.925769 1
0.00992594 0.990074 1
0.0167424 0.983258 1
0.0298591 0.970141 1
0.0334735 0.966527 1
0.015338 0.984662 1
0.0630373 0.936963 1
0.342716 0.657284 1
0.742019 0.257981 1
0.0171965 0.982804 1
0.0193873 0.980613 1
0.71536 0.28464 1
0.359731 0.640269 1
0.482591 0.51741 1
0.0127272 0.987273 1
0.015728 0.984272 1
0.0440917 0.955908 1
0.0126413 0.987359 1
0.814382 0.185618 1
0.0186073 0.981393 1
0.0703727 0.929627 1
0.0657262 0.934274 1
0.0340326 0.965967 1
0.0201687 0.979831 1
0.0263141 0.973686 1
0.00884385 0.991156 1
0.0245179 0.975482 1
0.0132102 0.98679 1
0.702633 0.297367 1
0.0376586 0.962341 1
0.0219366 0.978063 1
0.404054 0.595946 1
0.151282 0.848718 1
0.0580266 0.941973 1
0.0482522 0.951748 1
0.0194908 0.980509 1
0.0406699 0.95933 1
0.204438 0.795562 1
0.18207 0.81793 1
0.301182 0.698818 1
0.28111 0.71889 1
0.0315188 0.968481 1
0.0461635 0.953837 1
0.00966067 0.990339 1
0.0825115 0.917489 1
0.025163 0.974837 1
0.739258 0.260742 1
0.120366 0.879634 1
0.17978 0.82022 1
0.0208568 0.979143 1
0.0272675 0.972733 1
0.882474 0.117526 1
0.867776 0.132224 1
0.00713256 0.992867 1
0.208386 0.791614 1
0.0310848 0.968915 1
0.0133171 0.986683 1
0.0157706 0.984229 1
0.00785987 0.99214 1
0.0643256 0.935674 1
0.122175 0.877825 1
0.0124113 0.987589 1
0.0255855 0.974415 1
0.716541 0.283459 1
0.0696028 0.930397 1
0.0216512 0.978349 1
0.0320586 0.967941 1
0.0215192 0.978481 1
0.0230263 0.976974 1
0.00983022 0.99017 1
0.952456 0.0475445 1
0.00561139 0.994389 1
0.0115848 0.988415 1
0.889447 0.110553 1
0.0686058 0.931394 1
0.0195625 0.980437 1
0.0670217 0.932978 1
0.00783198 0.992168 1
0.023767 0.976233 1
0.0699503 0.93005 1
0.0602645 0.939736 1
0.234844 0.765157 1
0.23195 0.76805 1
0.34144 0.65856 1
0.645659 0.354341 1
0.0101762 0.989824 1
0.0596708 0.940329 1
0.75271 0.24729 1
0.312627 0.687373 1
0.0170461 0.982954 1
0.810252 0.189748 1
0.0927266 0.907273 1
0.236077 0.763923 1
0.229423 0.770577 1
0.173817 0.826183 1
0.0292229 0.970777 1
0.0956633 0.904337 1
0.0642877 0.935712 1
0.0204208 0.979579 1
0.763978 0.236022 1
0.0897882 0.910212 1
0.00704665 0.992953 1
0.0324013 0.967599 1
0.224138 0.775862 1
0.0122331 0.987767 1
0.758315 0.241685 1
0.0301715 0.969828 1
0.0138414 0.986159 1
0.00921037 0.99079 1
0.00695206 0.993048 1
0.044268 0.955732 1
0.175325 0.824675 1
0.0229042 0.977096 1
0.0449323 0.955068 1
0.0340641 0.965936 1
0.202924 0.797076 1
0.0155999 0.9844 1
0.0220504 0.97795 1
0.333918 0.666082 1
0.0230268 0.976973 1
0.00789583 0.992104 1
0.699933 0.300067 1
0.131498 0.868502 1
0.0206539 0.979346 1
0.0383397 0.96166 1
0.55268 0.44732 1
0.22458 0.77542 1
0.75646 0.24354 1
0.139325 0.860675 1
0.0400881 0.959912 1
0.815273 0.184727 1
0.44294 0.55706 1
0.768753 0.231247 1
0.871757 0.128243 1
0.00679753 0.993203 1
0.100277 0.899723 1
0.491296 0.508704 1
0.00680189 0.993198 1
0.779615 0.220385 1
0.0402784 0.959722 1
0.00728721 0.992713 1
0.119979 0.880021 1
0.42052 0.57948 1
0.0267749 0.973225 1
0.00877881 0.991221 1
0.729228 0.270772 1
0.110936 0.889064 1
0.0915039 0.908496 1
0.150937 0.849064 1
0.00643048 0.993569 1
0.0133517 0.986648 1
0.123255 0.876745 1
0.0358384 0.964162 1
0.0234206 0.976579 1
0.424612 0.575388 1
0.959516 0.0404841 1
0.642323 0.357677 1
0.217816 0.782184 1
0.451748 0.548252 1
0.0235107 0.976489 1
0.0768436 0.923156 1
0.0315138 0.968486 1
0.102488 0.897512 1
0.174311 0.825689 1
0.0696962 0.930304 1
0.054398 0.945602 1
0.0155558 0.984444 1
0.00993999 0.99006 1
0.183503 0.816497 1
0.00788151 0.992118 1
0.036212 0.963788 1
0.0341186 0.965881 1
0.396345 0.603655 1
0.0113804 0.98862 1
0.0421751 0.957825 1
0.882546 0.117454 1
0.979282 0.0207175 1
0.0206891 0.979311 1
0.0172767 0.982723 1
0.152804 0.847196 1
0.561168 0.438832 1
0.0062699 0.99373 1
0.0124814 0.987519 1
0.739344 0.260656 1
0.515618 0.484382 1
0.0231695 0.97683 1
0.00926115 0.990739 1
0.0310337 0.968966 1
0.021849 0.978151 1
0.00957817 0.990422 1
0.0081421 0.991858 1
0.0678643 0.932136 1
0.489253 0.510747 1
0.013463 0.986537 1
0.0356923 0.964308 1
0.20524 0.79476 1
0.592768 0.407232 1
0.0379021 0.962098 1
0.0926617 0.907338 1
0.0391374 0.960863 1
0.0150751 0.984925 1
0.0105865 0.989413 1
0.0103095 0.989691 1
0.0397955 0.960204 1
0.0617567 0.938243 1
0.0106743 0.989326 1
0.0587565 0.941243 1
0.00773494 0.992265 1
0.0129023 0.987098 1
0.0110294 0.988971 1
0.0216722 0.978328 1
0.0226086 0.977391 1
0.0367533 0.963247 1
0.00971432 0.990286 1
0.967229 0.0327709 1
0.0762671 0.923733 1
0.0136849 0.986315 1
0.0204653 0.979535 1
0.0141381 0.985862 1
0.0120365 0.987963 1
0.0498045 0.950195 1
0.56366 0.43634 1
0.133234 0.866766 1
0.0677749 0.932225 1
0.00982514 0.990175 1
0.224546 0.775454 1
0.662775 0.337225 1
0.0299332 0.970067 1
0.0108716 0.989128 1
0.0146391 0.985361 1
0.0206118 0.979388 1
0.127926 0.872074 1
0.493845 0.506155 1
0.0152135 0.984786 1
0.702942 0.297058 1
0.228962 0.771038 1
0.0698477 0.930152 1
0.737546 0.262454 1
0.0817568 0.918243 1
0.111341 0.888659 1
0.00874773 0.991252 1
0.304712 0.695288 1
0.0300246 0.969975 1
0.0129653 0.987035 1
0.00910049 0.990899 1
0.103187 0.896813 1
0.490295 0.509705 1
0.033422 0.966578 1
0.00578645 0.994214 1
0.0272153 0.972785 1
0.0308455 0.969155 1
0.409842 0.590157 1
0.593165 0.406835 1
0.0270507 0.972949 1
0.278234 0.721766 1
0.157253 0.842747 1
0.0168813 0.983119 1
0.716456 0.283544 1
0.149292 0.850708 1
0.333234 0.666766 1
0.0192715 0.980729 1
0.933032 0.0669677 1
0.125122 0.874878 1
0.111414 0.888586 1
0.00981077 0.990189 1
0.00649926 0.993501 1
0.0255444 0.974456 1
0.0195047 0.980495 1
0.006918 0.993082 1
0.00940961 0.99059 1
0.0269884 0.973012 1
0.00680408 0.993196 1
0.0183476 0.981652 1
0.229043 0.770957 1
0.0157075 0.984292 1
0.0367634 0.963237 1
0.0248441 0.975156 1
0.363714 0.636286 1
0.0425105 0.95749 1
0.0278183 0.972182 1
0.6255 0.3745 1
0.0425311 0.957469 1
0.12537 0.87463 1
0.0586822 0.941318 1
0.440762 0.559238 1
0.0658423 0.934158 1
0.011876 0.988124 1
0.870568 0.129432 1
0.0333428 0.966657 1
0.0832181 0.916782 1
0.200353 0.799647 1
0.108634 0.891366 1
0.471326 0.528674 1
0.27981 0.72019 1
0.0389875 0.961012 1
0.0126696 0.98733 1
0.0139036 0.986096 1
0.118483 0.881517 1
0.024706 0.975294 1
0.24136 0.75864 1
0.76827 0.23173 1
0.0426115 0.957389 1
0.124326 0.875674 1
0.0418172 0.958183 1
0.0109794 0.989021 1
0.0552292 0.944771 1
0.164417 0.835583 1
0.808819 0.191181 1
0.525095 0.474905 1
0.12915 0.87085 1
0.0577639 0.942236 1
0.0593852 0.940615 1
0.23507 0.76493 1
0.058388 0.941612 1
0.0102514 0.989749 1
0.0406261 0.959374 1
0.0401829 0.959817 1
0.0330767 0.966923 1
0.741682 0.258318 1
0.0102202 0.98978 1
0.0323769 0.967623 1
0.253709 0.746291 1
0.315341 0.684659 1
0.0218687 0.978131 1
0.94808 0.0519201 1
0.028332 0.971668 1
0.0991296 0.90087 1
0.555007 0.444993 1
0.00602671 0.993973 1
0.13364 0.86636 1
