0.953125 0.0468751 0
0.962122 0.0378781 0
0.936716 0.0632845 0
0.948268 0.0517319 0
0.102255 0.897745 0
0.957903 0.0420966 0
0.941105 0.0588951 0
0.926045 0.0739553 0
0.933643 0.066357 0
0.767093 0.232907 0
0.933639 0.0663611 0
0.957914 0.0420861 0
0.910337 0.0896631 0
0.818053 0.181947 0
0.756249 0.243751 0
0.822145 0.177855 0
0.0683803 0.93162 0
0.935655 0.0643453 0
0.205231 0.794769 0
0.939001 0.0609986 0
0.879057 0.120943 0
0.736837 0.263163 0
0.910127 0.0898731 0
0.38897 0.61103 0
0.87792 0.12208 0
0.9353 0.0646996 0
0.96422 0.0357798 0
0.924307 0.0756934 0
0.424249 0.575751 0
0.862798 0.137202 0
0.95117 0.0488304 0
0.664326 0.335674 0
0.917779 0.0822208 0
0.955601 0.0443992 0
0.832894 0.167106 0
0.930018 0.0699822 0
0.966233 0.033767 0
0.571335 0.428664 0
0.960721 0.039279 0
0.952603 0.0473967 0
0.940723 0.0592771 0
0.414959 0.585041 0
0.880211 0.119789 0
0.764641 0.235359 0
0.938296 0.0617036 0
0.964247 0.0357529 0
0.960766 0.0392339 0
0.674366 0.325633 0
0.95394 0.04606 0
0.868166 0.131834 0
0.725967 0.274033 0
0.955444 0.044556 0
0.878919 0.121081 0
0.910582 0.0894178 0
0.939026 0.0609745 0
0.947364 0.0526357 0
0.961892 0.038108 0
0.917082 0.0829185 0
0.927016 0.0729836 0
0.899622 0.100378 0
0.0311545 0.968845 0
0.967322 0.0326784 0
0.25066 0.74934 0
0.916242 0.0837577 0
0.564022 0.435978 0
0.927215 0.0727853 0
0.111649 0.888351 0
0.926425 0.0735751 0
0.417555 0.582445 0
0.968137 0.0318628 0
0.952617 0.0473828 0
0.947127 0.0528726 0
0.931297 0.0687026 0
0.892854 0.107146 0
0.13185 0.86815 0
0.896953 0.103047 0
0.952074 0.0479255 0
0.929175 0.0708253 0
0.932818 0.0671819 0
0.83639 0.16361 0
0.953098 0.0469016 0
0.956855 0.0431452 0
0.957762 0.0422383 0
0.666559 0.333441 0
0.692442 0.307557 0
0.892297 0.107703 0
0.866444 0.133556 0
0.880523 0.119477 0
0.217661 0.782339 0
0.596782 0.403218 0
0.711531 0.288469 0
0.913706 0.0862941 0
0.96499 0.03501 0
0.952396 0.0476039 0
0.949709 0.0502909 0
0.941103 0.0588968 0
0.958318 0.041682 0
0.879697 0.120303 0
0.502274 0.497726 0
0.901925 0.0980751 0
0.786033 0.213967 0
0.959858 0.0401416 0
0.961836 0.0381644 0
0.947232 0.0527679 0
0.969782 0.030218 0
0.711438 0.288562 0
0.880427 0.119573 0
0.601255 0.398745 0
0.932553 0.0674469 0
0.967208 0.0327921 0
0.85629 0.14371 0
0.962446 0.0375537 0
0.174543 0.825457 0
0.927731 0.0722691 0
0.949299 0.0507008 0
0.87512 0.12488 0
0.94532 0.0546805 0
0.626541 0.373459 0
0.251247 0.748753 0
0.0646817 0.935318 0
0.782051 0.217949 0
0.815637 0.184363 0
0.913184 0.0868163 0
0.962855 0.0371452 0
0.967062 0.032938 0
0.942745 0.0572554 0
0.828085 0.171915 0
0.934443 0.0655576 0
0.108279 0.891721 0
0.968257 0.0317434 0
0.0337838 0.966216 0
0.720857 0.279143 0
0.943753 0.0562471 0
0.927514 0.0724862 0
0.966841 0.0331592 0
0.963811 0.0361894 0
0.482925 0.517075 0
0.972063 0.0279367 0
0.915398 0.0846016 0
0.943418 0.0565824 0
0.93532 0.0646799 0
0.910127 0.0898734 0
0.918859 0.0811415 0
0.956824 0.0431758 0
0.904714 0.0952857 0
0.891848 0.108152 0
0.958136 0.0418637 0
0.89443 0.10557 0
0.929122 0.0708784 0
0.35478 0.64522 0
0.933351 0.0666493 0
0.859971 0.140029 0
0.966744 0.0332562 0
0.741229 0.258771 0
0.714576 0.285424 0
0.684184 0.315816 0
0.93669 0.06331 0
0.604732 0.395268 0
0.653206 0.346794 0
0.922431 0.077569 0
0.925397 0.0746032 0
0.941878 0.058122 0
0.947694 0.0523063 0
0.963446 0.0365539 0
0.858657 0.141343 0
0.887077 0.112923 0
0.866055 0.133945 0
0.960382 0.0396181 0
0.937614 0.0623863 0
0.952672 0.0473281 0
0.946798 0.0532021 0
0.502324 0.497676 0
0.120587 0.879413 0
0.951895 0.0481046 0
0.952614 0.0473859 0
0.878144 0.121856 0
0.154087 0.845913 0
0.62457 0.37543 0
0.852668 0.147332 0
0.908496 0.0915036 0
0.959669 0.0403313 0
0.96595 0.0340497 0
0.948949 0.0510512 0
0.897146 0.102854 0
0.634405 0.365595 0
0.39648 0.60352 0
0.957647 0.0423532 0
0.0365501 0.96345 0
0.715449 0.284551 0
0.88034 0.11966 0
0.940443 0.0595571 0
0.943706 0.0562937 0
0.857129 0.142871 0
0.958686 0.0413137 0
0.954975 0.0450254 0
0.955245 0.0447546 0
0.958125 0.0418746 0
0.905597 0.094403 0
0.916604 0.0833959 0
0.908425 0.0915748 0
0.948801 0.0511988 0
0.936216 0.063784 0
0.919101 0.0808985 0
0.962145 0.0378552 0
0.256761 0.743239 0
0.941907 0.0580933 0
0.963991 0.0360089 0
0.958106 0.0418941 0
0.949884 0.0501157 0
0.611208 0.388792 0
0.738823 0.261177 0
0.0834772 0.916523 0
0.938029 0.0619713 0
0.908121 0.0918787 0
0.945156 0.0548439 0
0.814619 0.185381 0
0.1826 0.8174 0
0.950892 0.0491077 0
0.68753 0.31247 0
0.907813 0.0921869 0
0.959015 0.0409851 0
0.947861 0.0521392 0
0.969287 0.0307129 0
0.77427 0.22573 0
0.940428 0.0595715 0
0.930023 0.0699775 0
0.334806 0.665194 0
0.961773 0.0382268 0
0.70569 0.29431 0
0.791019 0.208981 0
0.18308 0.81692 0
0.911598 0.0884018 0
0.812619 0.187381 0
0.946619 0.0533814 0
0.915659 0.0843412 0
0.955445 0.0445555 0
0.957933 0.0420673 0
0.53981 0.46019 0
0.951401 0.0485992 0
0.95135 0.0486496 0
0.217523 0.782476 0
0.81319 0.18681 0
0.728822 0.271178 0
0.961373 0.0386266 0
0.804899 0.195101 0
0.731073 0.268927 0
0.94709 0.0529104 0
0.953614 0.0463864 0
0.710812 0.289188 0
0.512629 0.487371 0
0.429232 0.570768 0
0.955037 0.0449635 0
0.916289 0.0837108 0
0.884969 0.115031 0
0.640393 0.359607 0
0.618232 0.381768 0
0.94201 0.0579896 0
0.240128 0.759872 0
0.237748 0.762252 0
0.901272 0.0987279 0
0.676091 0.323909 0
0.179075 0.820925 0
0.949658 0.0503422 0
0.280108 0.719892 0
0.958811 0.0411889 0
0.943578 0.0564219 0
0.8356 0.1644 0
0.946344 0.0536555 0
0.796923 0.203077 0
0.966103 0.0338967 0
0.864777 0.135223 0
0.11789 0.88211 0
0.928642 0.0713581 0
0.675232 0.324768 0
0.946462 0.0535383 0
0.941607 0.0583933 0
0.908908 0.0910916 0
0.903443 0.0965565 0
0.897258 0.102742 0
0.78479 0.21521 0
0.904714 0.095286 0
0.432375 0.567625 0
0.953968 0.0460324 0
0.943934 0.0560656 0
0.891584 0.108416 0
0.890379 0.109621 0
0.961677 0.0383231 0
0.953039 0.0469612 0
0.943972 0.0560277 0
0.906821 0.0931793 0
0.165988 0.834012 0
0.951435 0.0485648 0
0.0809487 0.919051 0
0.878754 0.121246 0
0.877983 0.122017 0
0.949772 0.0502282 0
0.962397 0.0376028 0
0.753037 0.246963 0
0.938877 0.0611235 0
0.959418 0.0405819 0
0.617349 0.382651 0
0.933851 0.0661489 0
0.90557 0.0944301 0
0.957455 0.0425451 0
0.900795 0.0992046 0
0.944787 0.055213 0
0.230122 0.769878 0
0.927957 0.0720433 0
0.951249 0.0487508 0
0.953751 0.0462489 0
0.939051 0.0609493 0
0.864172 0.135828 0
0.88899 0.11101 0
0.94584 0.0541596 0
0.69049 0.30951 0
0.939061 0.0609386 0
0.859548 0.140452 0
0.748215 0.251785 0
0.66421 0.33579 0
0.610156 0.389844 0
0.956981 0.0430187 0
0.891052 0.108948 0
0.631254 0.368746 0
0.960657 0.0393431 0
0.115738 0.884262 0
0.955762 0.0442378 0
0.881365 0.118635 0
0.932322 0.0676785 0
0.961992 0.0380077 0
0.27916 0.72084 0
0.887931 0.112069 0
0.75614 0.24386 0
0.917744 0.0822564 0
0.963948 0.0360524 0
0.956355 0.0436449 0
0.955592 0.0444084 0
0.825004 0.174996 0
0.860859 0.139141 0
0.440888 0.559112 0
0.481408 0.518592 0
0.948118 0.051882 0
0.792578 0.207422 0
0.966601 0.0333989 0
0.966071 0.0339292 0
0.943678 0.0563217 0
0.963771 0.0362293 0
0.928562 0.0714375 0
0.782153 0.217847 0
0.839109 0.160891 0
0.895087 0.104913 0
0.776697 0.223303 0
0.453875 0.546125 0
0.925889 0.0741108 0
0.956307 0.0436931 0
0.953941 0.0460594 0
0.94983 0.0501696 0
0.944621 0.0553792 0
0.84096 0.15904 0
0.787333 0.212667 0
0.494796 0.505204 0
0.872157 0.127843 0
0.943818 0.0561824 0
0.838047 0.161953 0
0.960752 0.0392478 0
0.962036 0.0379639 0
0.814534 0.185466 0
0.964986 0.035014 0
0.956455 0.0435452 0
0.767252 0.232748 0
0.927493 0.0725073 0
0.800267 0.199733 0
0.967079 0.0329212 0
0.935243 0.0647573 0
0.335076 0.664924 0
0.652442 0.347558 0
0.959584 0.0404159 0
0.959217 0.0407828 0
0.943972 0.0560283 0
0.307602 0.692398 0
0.524705 0.475295 0
0.954633 0.0453674 0
0.934581 0.0654187 0
0.892184 0.107816 0
0.942195 0.0578047 0
0.911695 0.0883049 0
0.898763 0.101237 0
0.918107 0.0818933 0
0.947539 0.0524607 0
0.036322 0.963678 0
0.877013 0.122987 0
0.0710961 0.928904 0
0.586319 0.413681 0
0.868778 0.131222 0
0.969357 0.0306429 0
0.950953 0.0490469 0
0.935273 0.0647268 0
0.932596 0.0674044 0
0.927553 0.0724468 0
0.941123 0.0588769 0
0.53198 0.46802 0
0.907444 0.0925563 0
0.86619 0.13381 0
0.96175 0.0382504 0
0.903342 0.0966581 0
0.911694 0.0883057 0
0.529142 0.470858 0
0.945318 0.0546822 0
0.797867 0.202133 0
0.853441 0.146559 0
0.939832 0.0601675 0
0.933535 0.0664651 0
0.785283 0.214717 0
0.961105 0.0388953 0
0.469344 0.530656 0
0.848008 0.151992 0
0.131649 0.868351 0
0.814631 0.185369 0
0.708033 0.291967 0
0.914426 0.0855742 0
0.842168 0.157832 0
0.948731 0.0512687 0
0.545129 0.454871 0
0.206709 0.793291 0
0.873452 0.126548 0
0.370538 0.629462 0
0.803626 0.196374 0
0.796513 0.203487 0
0.893176 0.106824 0
0.537892 0.462108 0
0.914409 0.0855909 0
0.677488 0.322512 0
0.797921 0.202079 0
0.0303018 0.969698 0
0.911645 0.0883554 0
0.948428 0.0515722 0
0.893792 0.106208 0
0.798974 0.201026 0
0.929367 0.0706333 0
0.891782 0.108218 0
0.914544 0.0854558 0
0.871979 0.128021 0
0.915446 0.0845545 0
0.553033 0.446967 0
0.951719 0.0482809 0
0.707874 0.292126 0
0.540658 0.459342 0
0.945854 0.0541464 0
0.898882 0.101118 0
0.966558 0.0334421 0
0.930543 0.0694567 0
0.96115 0.03885 0
0.953996 0.0460042 0
0.209365 0.790635 0
0.944802 0.0551976 0
0.926778 0.0732222 0
0.956033 0.0439667 0
0.955215 0.0447851 0
0.958339 0.0416607 0
0.948624 0.051376 0
0.537879 0.462121 0
0.946653 0.0533465 0
0.960661 0.0393386 0
0.835581 0.164419 0
0.0217215 0.978279 0
0.956829 0.0431712 0
0.921376 0.0786236 0
0.367119 0.632881 0
0.954729 0.0452713 0
0.550898 0.449102 0
0.968673 0.0313269 0
0.743525 0.256475 0
0.673931 0.326069 0
0.890908 0.109092 0
0.926276 0.0737244 0
0.940676 0.0593236 0
0.948073 0.0519273 0
0.770732 0.229268 0
0.938323 0.0616775 0
0.438305 0.561695 0
0.955633 0.0443669 0
0.959138 0.0408616 0
0.160259 0.839741 0
0.955003 0.0449971 0
0.10584 0.89416 0
0.936869 0.063131 0
0.11524 0.88476 0
0.930889 0.0691113 0
0.552071 0.447929 0
0.832441 0.167559 0
0.95502 0.04498 0
0.940825 0.0591746 0
0.813695 0.186305 0
0.929363 0.070637 0
0.953404 0.0465955 0
0.864488 0.135512 0
0.47919 0.52081 0
0.964139 0.035861 0
0.960231 0.0397694 0
0.891447 0.108553 0
0.611693 0.388307 0
0.840024 0.159976 0
0.773914 0.226086 0
0.944231 0.0557686 0
0.96594 0.0340596 0
0.914221 0.0857794 0
0.904179 0.0958214 0
0.969463 0.0305368 0
0.963659 0.0363409 0
0.957476 0.0425238 0
0.949797 0.0502033 0
0.955957 0.0440428 0
0.746816 0.253184 0
0.960152 0.0398478 0
0.870128 0.129872 0
0.941205 0.058795 0
0.951923 0.0480772 0
0.743063 0.256937 0
0.681911 0.318089 0
0.95624 0.0437604 0
0.609472 0.390528 0
0.949717 0.0502827 0
0.145007 0.854994 0
0.814375 0.185625 0
0.921848 0.0781517 0
0.174441 0.825559 0
0.948054 0.0519463 0
0.958283 0.041717 0
0.921291 0.0787088 0
0.934019 0.0659812 0
0.926037 0.0739628 0
0.938587 0.0614129 0
0.882784 0.117216 0
0.65055 0.34945 0
0.947922 0.0520777 0
0.925336 0.0746643 0
0.822554 0.177446 0
0.925942 0.0740578 0
0.935402 0.0645975 0
0.957693 0.0423071 0
0.513332 0.486668 0
0.866917 0.133083 0
0.147055 0.852946 0
0.89089 0.10911 0
0.929561 0.0704392 0
0.911249 0.0887505 0
0.948779 0.0512208 0
0.733712 0.266288 0
0.891864 0.108136 0
0.631751 0.368249 0
0.621004 0.378996 0
0.931939 0.0680605 0
0.930203 0.0697967 0
0.0327768 0.967223 0
0.0492672 0.950733 0
0.939038 0.0609623 0
0.942867 0.0571335 0
0.961604 0.0383963 0
0.830145 0.169855 0
0.948745 0.0512553 0
0.949859 0.050141 0
0.950174 0.0498256 0
0.869122 0.130878 0
0.421269 0.578731 0
0.933577 0.0664227 0
0.912165 0.0878353 0
0.933387 0.0666125 0
0.124351 0.875649 0
0.969624 0.0303761 0
0.882647 0.117353 0
0.910711 0.0892895 0
0.950429 0.0495709 0
0.950191 0.0498091 0
0.30601 0.69399 0
0.894989 0.105011 0
0.670979 0.329021 0
0.959246 0.0407541 0
0.95996 0.0400395 0
0.960237 0.0397628 0
0.910156 0.0898438 0
0.955848 0.0441519 0
0.72855 0.27145 0
0.950688 0.0493116 0
0.917594 0.0824062 0
0.909019 0.0909813 0
0.802645 0.197355 0
0.904684 0.0953164 0
0.931872 0.0681281 0
0.897045 0.102955 0
0.95256 0.0474405 0
0.315673 0.684327 0
0.382321 0.617679 0
0.907315 0.0926849 0
0.970962 0.0290381 0
0.961386 0.0386136 0
0.728579 0.271421 0
0.87778 0.12222 0
0.954707 0.0452931 0
0.43588 0.56412 0
0.688457 0.311543 0
0.948177 0.051823 0
0.953592 0.0464077 0
0.955954 0.0440459 0
0.592309 0.407691 0
0.0397841 0.960216 0
0.948886 0.0511138 0
0.0807775 0.919223 0
0.963218 0.0367819 0
0.942676 0.0573239 0
0.915153 0.0848472 0
0.936473 0.0635274 0
0.904822 0.0951782 0
0.935937 0.0640632 0
0.899168 0.100832 0
0.222157 0.777843 0
0.928162 0.0718382 0
0.266213 0.733787 0
0.525488 0.474512 0
0.872544 0.127457 0
0.462045 0.537955 0
0.487296 0.512704 0
0.942499 0.0575008 0
0.965425 0.0345745 0
0.861297 0.138703 0
0.80115 0.19885 0
0.106112 0.893888 0
0.848657 0.151343 0
0.834443 0.165557 0
0.962336 0.0376644 0
0.107336 0.892664 0
0.934923 0.0650774 0
0.955665 0.0443354 0
0.565419 0.434581 0
0.960521 0.0394794 0
0.520708 0.479292 0
0.67633 0.32367 0
0.20462 0.79538 0
0.940143 0.0598569 0
0.819986 0.180014 0
0.439123 0.560877 0
0.956506 0.043494 0
0.899555 0.100445 0
0.796257 0.203742 0
0.592759 0.407241 0
0.69904 0.30096 0
0.965785 0.0342151 0
0.944703 0.055297 0
0.823492 0.176508 0
0.693812 0.306188 0
0.948127 0.051873 0
0.957548 0.0424516 0
0.922627 0.0773734 0
0.891346 0.108654 0
0.920742 0.0792583 0
0.917583 0.0824173 0
0.936028 0.0639718 0
0.844464 0.155536 0
0.208009 0.791991 0
0.952128 0.0478725 0
0.949732 0.0502684 0
0.586568 0.413432 0
0.913527 0.0864735 0
0.94358 0.0564203 0
0.972873 0.0271275 0
0.962416 0.0375837 0
0.839363 0.160638 0
0.622466 0.377534 0
0.0481324 0.951868 0
0.958276 0.0417239 0
0.936162 0.0638379 0
0.958537 0.0414626 0
0.748284 0.251716 0
0.921268 0.0787315 0
0.850726 0.149274 0
0.573875 0.426125 0
0.910189 0.0898111 0
0.938392 0.0616081 0
0.944471 0.0555286 0
0.937227 0.062773 0
0.792851 0.207149 0
0.751348 0.248652 0
0.675609 0.32439 0
0.49717 0.50283 0
0.951699 0.048301 0
0.720717 0.279283 0
0.933116 0.0668838 0
0.65915 0.34085 0
0.941017 0.0589827 0
0.906314 0.0936862 0
0.957466 0.0425336 0
0.710743 0.289257 0
0.800684 0.199316 0
0.820231 0.179769 0
0.931435 0.0685646 0
0.950334 0.0496663 0
0.914003 0.085997 0
0.829951 0.170049 0
0.966483 0.0335169 0
0.949675 0.0503249 0
0.89962 0.10038 0
0.832651 0.167349 0
0.849176 0.150824 0
0.967596 0.032404 0
0.451792 0.548208 0
0.926266 0.073734 0
0.952951 0.0470491 0
0.785965 0.214035 0
0.943786 0.056214 0
0.958327 0.0416727 0
0.662754 0.337246 0
0.864003 0.135996 0
0.922151 0.077849 0
0.951704 0.0482963 0
0.851337 0.148663 0
0.947065 0.0529345 0
0.933087 0.0669129 0
0.53628 0.46372 0
0.748458 0.251542 0
0.836882 0.163118 0
0.948269 0.0517313 0
0.928831 0.0711692 0
0.626249 0.373751 0
0.962533 0.0374675 0
0.938962 0.0610379 0
0.217619 0.782381 0
0.0446477 0.955352 0
0.952642 0.0473581 0
0.962297 0.0377033 0
0.246037 0.753963 0
0.965839 0.0341606 0
0.798602 0.201398 0
0.950535 0.049465 0
0.691574 0.308426 0
0.927967 0.072033 0
0.961907 0.0380935 0
0.965267 0.0347334 0
0.809864 0.190136 0
0.649893 0.350107 0
0.832883 0.167117 0
0.951861 0.0481388 0
0.836615 0.163385 0
0.946344 0.053656 0
0.79613 0.20387 0
0.947168 0.0528321 0
0.864137 0.135863 0
0.694731 0.305269 0
0.795636 0.204364 0
0.359626 0.640374 0
0.952498 0.0475018 0
0.877319 0.122681 0
0.668742 0.331258 0
0.835115 0.164885 0
0.896343 0.103657 0
0.213135 0.786865 0
0.73586 0.26414 0
0.937159 0.0628411 0
0.867156 0.132844 0
0.900316 0.099684 0
0.95611 0.0438905 0
0.588367 0.411633 0
0.952542 0.0474584 0
0.817141 0.182859 0
0.91412 0.0858798 0
0.95614 0.0438603 0
0.941401 0.0585992 0
0.570572 0.429428 0
0.809859 0.190141 0
0.964383 0.0356174 0
0.935112 0.0648878 0
0.951908 0.0480921 0
0.920919 0.0790808 0
0.0845177 0.915482 0
0.88926 0.11074 0
0.944691 0.0553091 0
0.927903 0.0720967 0
0.752461 0.247539 0
0.948545 0.0514545 0
0.943687 0.0563133 0
0.951191 0.0488094 0
0.951346 0.0486543 0
0.0571411 0.942859 0
0.893585 0.106415 0
0.894957 0.105043 0
0.902467 0.0975333 0
0.91815 0.0818505 0
0.901962 0.0980382 0
0.735571 0.264429 0
0.495098 0.504902 0
0.942528 0.0574724 0
0.907283 0.092717 0
0.962926 0.0370737 0
0.101773 0.898227 0
0.904766 0.0952335 0
0.411246 0.588754 0
0.963173 0.0368267 0
0.897783 0.102217 0
0.730691 0.269309 0
0.961555 0.0384445 0
0.520456 0.479544 0
0.736114 0.263886 0
0.965342 0.0346585 0
0.820532 0.179468 0
0.949875 0.0501252 0
0.910406 0.0895937 0
0.603051 0.396949 0
0.955776 0.0442238 0
0.845352 0.154648 0
0.811606 0.188394 0
0.899568 0.100432 0
0.917652 0.0823484 0
0.968236 0.0317642 0
0.965145 0.0348549 0
0.960856 0.0391443 0
0.942258 0.0577415 0
0.733471 0.266529 0
0.96283 0.0371696 0
0.428094 0.571906 0
0.915723 0.084277 0
0.931696 0.0683044 0
0.956103 0.0438971 0
0.918732 0.0812678 0
0.926496 0.0735044 0
0.901254 0.0987465 0
0.556731 0.443269 0
0.74196 0.25804 0
0.915803 0.0841969 0
0.844275 0.155725 0
0.426337 0.573663 0
0.935248 0.0647522 0
0.944404 0.0555959 0
0.843265 0.156735 0
0.962055 0.0379452 0
0.95571 0.0442897 0
0.95773 0.0422704 0
0.882353 0.117647 0
0.952884 0.0471159 0
0.822056 0.177944 0
0.932629 0.0673707 0
0.96731 0.03269 0
0.950403 0.0495966 0
0.912072 0.0879281 0
0.957691 0.0423091 0
0.916627 0.0833727 0
0.939953 0.0600466 0
0.710198 0.289802 0
0.963812 0.0361876 0
0.945347 0.0546532 0
0.853741 0.146259 0
0.790602 0.209398 0
0.685257 0.314743 0
0.729869 0.270131 0
0.942351 0.0576491 0
0.249912 0.750088 0
0.915497 0.0845033 0
0.836857 0.163143 0
0.947605 0.0523946 0
0.962981 0.0370187 0
0.963802 0.0361985 0
0.643683 0.356316 0
0.929526 0.0704744 0
0.608284 0.391716 0
0.951727 0.0482726 0
0.927286 0.0727137 0
0.946922 0.0530776 0
0.866984 0.133016 0
0.755708 0.244292 0
0.881093 0.118907 0
0.914853 0.0851472 0
0.957629 0.042371 0
0.296593 0.703407 0
0.729826 0.270174 0
0.80852 0.19148 0
0.948028 0.0519716 0
0.944941 0.0550587 0
0.82752 0.17248 0
0.790882 0.209118 0
0.89242 0.10758 0
0.877684 0.122316 0
0.967765 0.0322347 0
0.893701 0.106299 0
0.942559 0.0574412 0
0.945272 0.0547283 0
0.529962 0.470038 0
0.848467 0.151533 0
0.61364 0.38636 0
0.339069 0.660931 0
0.955236 0.0447644 0
0.93959 0.0604097 0
0.914656 0.0853438 0
0.853987 0.146013 0
0.674698 0.325302 0
0.937679 0.0623209 0
0.966382 0.0336183 0
0.932477 0.0675225 0
0.515047 0.484953 0
0.940044 0.0599557 0
0.804097 0.195903 0
0.941399 0.0586007 0
0.934757 0.0652425 0
0.935361 0.064639 0
0.233735 0.766265 0
0.939954 0.0600461 0
0.385131 0.614869 0
0.391382 0.608618 0
0.918102 0.0818981 0
0.966992 0.0330082 0
0.957188 0.0428116 0
0.708446 0.291554 0
0.878201 0.121799 0
0.949288 0.0507122 0
0.757807 0.242193 0
0.946664 0.0533356 0
0.940939 0.0590606 0
0.961233 0.0387668 0
0.777088 0.222912 0
0.951993 0.0480073 0
0.967344 0.0326558 0
0.920593 0.0794075 0
0.947199 0.0528012 0
0.962683 0.0373171 0
0.835824 0.164176 0
0.962456 0.0375441 0
0.947641 0.0523585 0
0.534054 0.465946 0
0.796387 0.203613 0
0.918965 0.0810349 0
0.653928 0.346072 0
0.952157 0.047843 0
0.949808 0.0501916 0
0.960314 0.0396862 0
0.951214 0.0487859 0
0.860721 0.139279 0
0.782118 0.217882 0
0.805971 0.194029 0
0.943229 0.0567709 0
0.956977 0.0430232 0
0.966053 0.0339468 0
0.823319 0.176681 0
0.931235 0.068765 0
0.696184 0.303816 0
0.469995 0.530005 0
0.964209 0.0357911 0
0.955072 0.0449277 0
0.957666 0.0423339 0
0.605896 0.394104 0
0.939154 0.0608461 0
0.892036 0.107964 0
0.965517 0.0344829 0
0.786501 0.213499 0
0.963427 0.0365732 0
0.953976 0.0460239 0
0.859238 0.140762 0
0.722794 0.277206 0
0.947154 0.0528465 0
0.958572 0.0414282 0
0.473155 0.526845 0
0.966978 0.0330221 0
0.939161 0.0608388 0
0.929114 0.0708857 0
0.955132 0.0448685 0
0.654508 0.345492 0
0.660382 0.339618 0
0.952256 0.0477441 0
0.91206 0.0879403 0
0.868939 0.131061 0
0.875718 0.124282 0
0.8795 0.1205 0
0.565648 0.434352 0
0.839176 0.160824 0
0.960063 0.039937 0
0.87192 0.12808 0
0.13921 0.86079 0
0.286578 0.713422 0
0.689618 0.310382 0
0.350812 0.649188 0
0.561912 0.438088 0
0.902331 0.0976685 0
0.818636 0.181364 0
0.962138 0.0378619 0
0.822011 0.177989 0
0.943313 0.056687 0
0.955424 0.0445756 0
0.0356066 0.964393 0
0.720793 0.279207 0
0.266035 0.733965 0
0.847923 0.152077 0
0.947381 0.0526191 0
0.963215 0.036785 0
0.96417 0.0358299 0
0.957965 0.0420347 0
0.310259 0.689741 0
0.86117 0.13883 0
0.365869 0.634131 0
0.0515425 0.948458 0
0.910228 0.0897725 0
0.92256 0.0774397 0
0.795715 0.204285 0
0.951726 0.0482737 0
0.202053 0.797947 0
0.938853 0.0611475 0
0.877789 0.122211 0
0.0229687 0.977031 1
0.050147 0.949853 1
0.538967 0.461033 1
0.040872 0.959128 1
0.0756685 0.924332 1
0.252315 0.747684 1
0.233856 0.766144 1
0.0484472 0.951553 1
0.386787 0.613213 1
0.387514 0.612486 1
0.0422721 0.957728 1
0.759891 0.240109 1
0.0469261 0.953074 1
0.264148 0.735852 1
0.040293 0.959707 1
0.128715 0.871285 1
0.434931 0.565069 1
0.0694742 0.930526 1
0.113079 0.886921 1
0.604217 0.395783 1
0.130666 0.869334 1
0.0465951 0.953405 1
0.0750358 0.924964 1
0.514966 0.485034 1
0.0889267 0.911073 1
0.137945 0.862055 1
0.0663333 0.933667 1
0.0541111 0.945889 1
0.293497 0.706504 1
0.0700091 0.929991 1
0.203475 0.796524 1
0.0579076 0.942092 1
0.0804971 0.919503 1
0.0169538 0.983046 1
0.186984 0.813016 1
0.052142 0.947858 1
0.0451207 0.954879 1
0.036069 0.963931 1
0.0258432 0.974157 1
0.146152 0.853848 1
0.0491404 0.95086 1
0.425231 0.574769 1
0.0547863 0.945214 1
0.76709 0.23291 1
0.0212443 0.978756 1
0.0961313 0.903869 1
0.0392068 0.960793 1
0.640782 0.359218 1
0.694212 0.305788 1
0.829188 0.170812 1
0.0840098 0.91599 1
0.129809 0.870191 1
0.403127 0.596873 1
0.0249534 0.975047 1
0.238517 0.761483 1
0.259351 0.740649 1
0.0853182 0.914682 1
0.191424 0.808576 1
0.161946 0.838054 1
0.174437 0.825563 1
0.666272 0.333728 1
0.232392 0.767608 1
0.0265674 0.973433 1
0.054613 0.945387 1
0.073776 0.926224 1
0.572176 0.427824 1
0.0769503 0.92305 1
0.123567 0.876433 1
0.187633 0.812367 1
0.0377387 0.962261 1
0.031973 0.968027 1
0.0983963 0.901604 1
0.0862793 0.913721 1
0.354014 0.645986 1
0.86509 0.13491 1
0.253222 0.746778 1
0.0345173 0.965483 1
0.669535 0.330465 1
0.0152395 0.98476 1
0.027152 0.972848 1
0.0834601 0.91654 1
0.160718 0.839282 1
0.907304 0.0926955 1
0.0273871 0.972613 1
0.903288 0.0967124 1
0.0876058 0.912394 1
0.230051 0.769949 1
0.0290273 0.970973 1
0.496794 0.503206 1
0.659479 0.340521 1
0.163794 0.836206 1
0.0157738 0.984226 1
0.466916 0.533084 1
0.307771 0.692229 1
0.0391675 0.960833 1
0.0393136 0.960686 1
0.0252385 0.974761 1
0.8432 0.1568 1
0.125013 0.874987 1
0.306278 0.693722 1
0.0741647 0.925835 1
0.0904001 0.9096 1
0.673825 0.326175 1
0.0794193 0.920581 1
0.112984 0.887016 1
0.215862 0.784138 1
0.0502941 0.949706 1
0.0537901 0.94621 1
0.115809 0.884191 1
0.197944 0.802056 1
0.0465849 0.953415 1
0.0863278 0.913672 1
0.768511 0.231489 1
0.0810923 0.918908 1
0.552629 0.447371 1
0.0318882 0.968112 1
0.0222849 0.977715 1
0.0514857 0.948514 1
0.124661 0.875339 1
0.042077 0.957923 1
0.196156 0.803844 1
0.108095 0.891905 1
0.0674065 0.932594 1
0.285552 0.714448 1
0.0375812 0.962419 1
0.332945 0.667055 1
0.908133 0.0918674 1
0.0289356 0.971064 1
0.0312427 0.968757 1
0.0457841 0.954216 1
0.0177162 0.982284 1
0.11891 0.88109 1
0.0592606 0.94074 1
0.036615 0.963385 1
0.0640343 0.935966 1
0.0601709 0.939829 1
0.0577997 0.9422 1
0.0310766 0.968923 1
0.0174397 0.98256 1
0.266418 0.733582 1
0.0169062 0.983094 1
0.434219 0.565781 1
0.200515 0.799485 1
0.251779 0.748221 1
0.0561973 0.943803 1
0.0911842 0.908816 1
0.285558 0.714442 1
0.0310782 0.968922 1
0.139159 0.860841 1
0.747689 0.252311 1
0.0384097 0.96159 1
0.0388671 0.961133 1
0.0275438 0.972456 1
0.0279362 0.972064 1
0.909429 0.0905706 1
0.407032 0.592968 1
0.348746 0.651254 1
0.0764002 0.9236 1
0.552103 0.447897 1
0.0834818 0.916518 1
0.102975 0.897025 1
0.164806 0.835194 1
0.258348 0.741652 1
0.12387 0.87613 1
0.186099 0.813901 1
0.0712005 0.9288 1
0.774523 0.225477 1
0.83676 0.16324 1
0.292263 0.707737 1
0.114829 0.885171 1
0.0246249 0.975375 1
0.256911 0.743089 1
0.892765 0.107235 1
0.334104 0.665896 1
0.408116 0.591884 1
0.0516422 0.948358 1
0.212349 0.787651 1
0.618311 0.381689 1
0.0277402 0.97226 1
0.527602 0.472398 1
0.0370067 0.962993 1
0.715068 0.284932 1
0.0372137 0.962786 1
0.0532572 0.946743 1
0.338347 0.661653 1
0.220046 0.779954 1
0.038409 0.961591 1
0.672532 0.327468 1
0.082248 0.917752 1
0.0665437 0.933456 1
0.0396945 0.960305 1
0.11672 0.88328 1
0.604573 0.395426 1
0.0921563 0.907844 1
0.430224 0.569776 1
0.643507 0.356493 1
0.148573 0.851427 1
0.0594829 0.940517 1
0.0401845 0.959816 1
0.359661 0.640339 1
0.053971 0.946029 1
0.0618875 0.938112 1
0.0342829 0.965717 1
0.156744 0.843256 1
0.130587 0.869413 1
0.0356166 0.964383 1
0.0402925 0.959707 1
0.404291 0.595709 1
0.183336 0.816664 1
0.0874098 0.91259 1
0.0391379 0.960862 1
0.0502117 0.949788 1
0.897429 0.102571 1
0.386698 0.613302 1
0.245736 0.754264 1
0.027579 0.972421 1
0.905258 0.0947416 1
0.307789 0.692211 1
0.0512394 0.948761 1
0.0214483 0.978552 1
0.0591321 0.940868 1
0.0575941 0.942406 1
0.0309403 0.96906 1
0.360166 0.639834 1
0.0203327 0.979667 1
0.344969 0.655031 1
0.0276608 0.972339 1
0.467132 0.532868 1
0.328577 0.671423 1
0.921607 0.0783927 1
0.0603404 0.93966 1
0.08796 0.91204 1
0.31508 0.68492 1
0.0519278 0.948072 1
0.0583912 0.941609 1
0.0637098 0.93629 1
0.285518 0.714482 1
0.48563 0.51437 1
0.181114 0.818886 1
0.0422476 0.957752 1
0.647177 0.352823 1
0.874357 0.125643 1
0.0849423 0.915058 1
0.128529 0.871471 1
0.0691931 0.930807 1
0.29076 0.70924 1
0.503625 0.496375 1
0.0196227 0.980377 1
0.0476184 0.952382 1
0.0156816 0.984318 1
0.0218602 0.97814 1
0.271197 0.728803 1
0.125369 0.874631 1
0.0229722 0.977028 1
0.185184 0.814816 1
0.439666 0.560334 1
0.037959 0.962041 1
0.418312 0.581688 1
0.028621 0.971379 1
0.942858 0.0571423 1
0.0221126 0.977887 1
0.15231 0.84769 1
0.167266 0.832734 1
0.051757 0.948243 1
0.129574 0.870426 1
0.0482404 0.95176 1
0.027653 0.972347 1
0.0255478 0.974452 1
0.693691 0.306309 1
0.0577272 0.942273 1
0.101599 0.898401 1
0.753401 0.246599 1
0.700029 0.299971 1
0.76382 0.23618 1
0.0284394 0.971561 1
0.0548654 0.945135 1
0.057862 0.942138 1
0.044816 0.955184 1
0.0266007 0.973399 1
0.0921705 0.90783 1
0.0285331 0.971467 1
0.0300104 0.96999 1
0.57863 0.42137 1
0.0933325 0.906667 1
0.202502 0.797498 1
0.0239922 0.976008 1
0.028234 0.971766 1
0.454432 0.545568 1
0.0311045 0.968895 1
0.334582 0.665418 1
0.0806548 0.919345 1
0.0957463 0.904254 1
0.136258 0.863742 1
0.0398771 0.960123 1
0.0770512 0.922949 1
0.517344 0.482656 1
0.153871 0.846129 1
0.16049 0.83951 1
0.0278303 0.97217 1
0.506147 0.493853 1
0.0776973 0.922303 1
0.48162 0.51838 1
0.0236311 0.976369 1
0.15661 0.84339 1
0.0231118 0.976888 1
0.0984727 0.901527 1
0.576822 0.423178 1
0.0480094 0.951991 1
0.069671 0.930329 1
0.0535023 0.946498 1
0.0647625 0.935237 1
0.735806 0.264194 1
0.235279 0.764721 1
0.0350673 0.964933 1
0.626737 0.373263 1
0.442071 0.557929 1
0.743633 0.256367 1
0.0399837 0.960016 1
0.846602 0.153398 1
0.0867048 0.913295 1
0.922908 0.0770917 1
0.0337617 0.966238 1
0.132399 0.867601 1
0.0214849 0.978515 1
0.216238 0.783762 1
0.101994 0.898006 1
0.701207 0.298793 1
0.056877 0.943123 1
0.0895146 0.910485 1
0.0811041 0.918896 1
0.037623 0.962377 1
0.202028 0.797972 1
0.0501824 0.949818 1
0.776345 0.223655 1
0.480282 0.519718 1
0.130993 0.869007 1
0.054016 0.945984 1
0.322601 0.677399 1
0.0211392 0.978861 1
0.0814144 0.918586 1
0.140381 0.859619 1
0.0625377 0.937462 1
0.254619 0.745381 1
0.196054 0.803946 1
0.153106 0.846894 1
0.0294079 0.970592 1
0.017222 0.982778 1
0.263193 0.736807 1
0.262633 0.737367 1
0.0192936 0.980706 1
0.159137 0.840863 1
0.408335 0.591665 1
0.0308886 0.969111 1
0.549149 0.450851 1
0.681799 0.318201 1
0.166618 0.833382 1
0.16062 0.83938 1
0.754265 0.245735 1
0.016238 0.983762 1
0.0512015 0.948799 1
0.317877 0.682123 1
0.215916 0.784084 1
0.667539 0.332461 1
0.0333371 0.966663 1
0.0309511 0.969049 1
0.0803019 0.919698 1
0.037068 0.962932 1
0.615466 0.384534 1
0.173758 0.826242 1
0.0646832 0.935317 1
0.537616 0.462384 1
0.635083 0.364917 1
0.431742 0.568258 1
0.928049 0.071951 1
0.0231335 0.976867 1
0.69607 0.30393 1
0.314743 0.685257 1
0.578595 0.421405 1
0.860627 0.139373 1
0.0575545 0.942445 1
0.235403 0.764597 1
0.0206918 0.979308 1
0.15065 0.84935 1
0.01883 0.98117 1
0.0497183 0.950282 1
0.277931 0.722069 1
0.0676498 0.93235 1
0.855036 0.144964 1
0.419713 0.580287 1
0.0148333 0.985167 1
0.127129 0.872871 1
0.88428 0.11572 1
0.0253207 0.974679 1
0.0335007 0.966499 1
0.276823 0.723177 1
0.53544 0.46456 1
0.0168135 0.983186 1
0.373267 0.626733 1
0.378377 0.621623 1
0.0647889 0.935211 1
0.158946 0.841054 1
0.0791524 0.920848 1
0.0352709 0.964729 1
0.0435001 0.9565 1
0.038831 0.961169 1
0.756677 0.243323 1
0.0393854 0.960615 1
0.474709 0.525291 1
0.231971 0.768029 1
0.128494 0.871506 1
0.0999478 0.900052 1
0.665302 0.334699 1
0.856939 0.143061 1
0.630174 0.369826 1
0.473492 0.526508 1
0.443268 0.556732 1
0.122353 0.877647 1
0.0233548 0.976645 1
0.27786 0.72214 1
0.0789043 0.921096 1
0.0748998 0.9251 1
0.0447019 0.955298 1
0.366088 0.633912 1
0.0304384 0.969562 1
0.20101 0.79899 1
0.060804 0.939196 1
0.579069 0.420931 1
0.18145 0.81855 1
0.0426145 0.957385 1
0.0715162 0.928484 1
0.629502 0.370498 1
0.0233863 0.976614 1
0.244388 0.755612 1
0.0212565 0.978743 1
0.0377405 0.96226 1
0.595918 0.404082 1
0.402304 0.597696 1
0.0846688 0.915331 1
0.035394 0.964606 1
0.0696259 0.930374 1
0.916972 0.0830279 1
0.104769 0.895231 1
0.110406 0.889594 1
0.540082 0.459918 1
0.127897 0.872103 1
0.782657 0.217343 1
0.0717857 0.928214 1
0.66357 0.33643 1
0.0268422 0.973158 1
0.0633872 0.936613 1
0.0422864 0.957714 1
0.84065 0.15935 1
0.0437152 0.956285 1
0.0553824 0.944618 1
0.53623 0.46377 1
0.0348866 0.965113 1
0.171148 0.828852 1
0.674996 0.325004 1
0.108311 0.891689 1
0.0311899 0.96881 1
0.0320571 0.967943 1
0.0684289 0.931571 1
0.0267674 0.973233 1
0.10669 0.89331 1
0.374943 0.625057 1
0.0781396 0.92186 1
0.202276 0.797724 1
0.0647572 0.935243 1
0.549071 0.450929 1
0.0268444 0.973156 1
0.270541 0.72946 1
0.0633583 0.936642 1
0.338403 0.661597 1
0.168269 0.831731 1
0.771358 0.228642 1
0.436258 0.563742 1
0.086731 0.913269 1
0.0198154 0.980185 1
0.0458816 0.954118 1
0.779606 0.220394 1
0.0891253 0.910875 1
0.360896 0.639104 1
0.0552931 0.944707 1
0.897379 0.102621 1
0.0225105 0.97749 1
0.0617674 0.938233 1
0.0347761 0.965224 1
0.059283 0.940717 1
0.33533 0.66467 1
0.054776 0.945224 1
0.0236522 0.976348 1
0.0641651 0.935835 1
0.254595 0.745405 1
0.284144 0.715856 1
0.0269414 0.973059 1
0.0240387 0.975961 1
0.640923 0.359077 1
0.938077 0.0619233 1
0.146266 0.853734 1
0.22268 0.777321 1
0.0157293 0.984271 1
0.340017 0.659983 1
0.120324 0.879676 1
0.220561 0.779439 1
0.105535 0.894466 1
0.569522 0.430478 1
0.163592 0.836408 1
0.245759 0.754241 1
0.120846 0.879154 1
0.0269354 0.973065 1
0.0732879 0.926712 1
0.14069 0.85931 1
0.0634048 0.936595 1
0.151256 0.848744 1
0.0563542 0.943646 1
0.0740172 0.925983 1
0.0215763 0.978424 1
0.0835912 0.916409 1
0.0551455 0.944855 1
0.231464 0.768536 1
0.196639 0.803361 1
0.0959372 0.904063 1
0.627086 0.372914 1
0.256936 0.743064 1
0.0662817 0.933718 1
0.0667516 0.933248 1
0.342216 0.657784 1
0.22841 0.77159 1
0.063399 0.936601 1
0.207216 0.792784 1
0.540045 0.459955 1
0.0218301 0.97817 1
0.37151 0.62849 1
0.414842 0.585158 1
0.0385602 0.96144 1
0.522104 0.477896 1
0.126483 0.873517 1
0.0439498 0.95605 1
0.469872 0.530128 1
0.0891704 0.91083 1
0.0948202 0.90518 1
0.212141 0.787859 1
0.250532 0.749468 1
0.0635426 0.936457 1
0.0574641 0.942536 1
0.0783576 0.921642 1
0.0861097 0.91389 1
0.0946523 0.905348 1
0.0311512 0.968849 1
0.152087 0.847913 1
0.0215879 0.978412 1
0.751007 0.248993 1
0.0662751 0.933725 1
0.0328409 0.967159 1
0.029215 0.970785 1
0.217856 0.782144 1
0.138768 0.861232 1
0.740914 0.259086 1
0.0152518 0.984748 1
0.139557 0.860443 1
0.166221 0.833779 1
0.528135 0.471865 1
0.03867 0.96133 1
0.0500688 0.949931 1
0.0964092 0.903591 1
0.0264318 0.973568 1
0.104559 0.895441 1
0.0868065 0.913194 1
0.708698 0.291302 1
0.0376844 0.962316 1
0.914943 0.0850573 1
0.142259 0.857741 1
0.262804 0.737196 1
0.0462712 0.953729 1
0.135123 0.864878 1
0.0380144 0.961986 1
0.0398975 0.960102 1
0.0974698 0.90253 1
0.037572 0.962428 1
0.061217 0.938783 1
0.0264713 0.973529 1
0.115686 0.884314 1
0.318041 0.681959 1
0.0458581 0.954142 1
0.0290973 0.970903 1
0.159566 0.840434 1
0.656083 0.343917 1
0.11432 0.885681 1
0.093797 0.906203 1
0.0217593 0.978241 1
0.0528625 0.947137 1
0.282118 0.717882 1
0.148985 0.851015 1
0.463281 0.536719 1
0.395789 0.604211 1
0.248177 0.751823 1
0.7363 0.2637 1
0.0283681 0.971632 1
0.0449518 0.955048 1
0.30301 0.69699 1
0.0330254 0.966975 1
0.290539 0.709461 1
0.897053 0.102947 1
0.656772 0.343228 1
0.164208 0.835792 1
0.0303142 0.969686 1
0.0987295 0.90127 1
0.560634 0.439366 1
0.0448684 0.955132 1
0.369719 0.630281 1
0.0819452 0.918055 1
0.0480166 0.951983 1
0.0555404 0.94446 1
0.0510935 0.948907 1
0.0525589 0.947441 1
0.0178462 0.982154 1
0.0436035 0.956396 1
0.875816 0.124184 1
0.0354407 0.964559 1
0.0590563 0.940944 1
0.362079 0.637921 1
0.569426 0.430574 1
0.0630053 0.936995 1
0.291641 0.708359 1
0.2963 0.7037 1
0.0242527 0.975747 1
0.0635616 0.936438 1
0.319349 0.680651 1
0.0307935 0.969206 1
0.117261 0.882739 1
0.0263579 0.973642 1
0.555071 0.444929 1
0.0582498 0.94175 1
0.454746 0.545254 1
0.0216785 0.978321 1
0.141471 0.858529 1
0.0254346 0.974565 1
0.0246085 0.975392 1
0.252655 0.747345 1
0.209446 0.790554 1
0.218792 0.781208 1
0.0243747 0.975625 1
0.12463 0.87537 1
0.355362 0.644638 1
0.051353 0.948647 1
0.0349118 0.965088 1
0.0401924 0.959808 1
0.0302261 0.969774 1
0.0366178 0.963382 1
0.783387 0.216613 1
0.131187 0.868813 1
0.0830423 0.916958 1
0.229206 0.770795 1
0.127217 0.872783 1
0.0450081 0.954992 1
0.0609907 0.939009 1
0.040831 0.959169 1
0.0597539 0.940246 1
0.0875438 0.912456 1
0.0248279 0.975172 1
0.0325422 0.967458 1
0.455078 0.544922 1
0.0351388 0.964861 1
0.163656 0.836344 1
0.0845138 0.915486 1
0.0689557 0.931044 1
0.0167649 0.983235 1
0.0674469 0.932553 1
0.495354 0.504646 1
0.450236 0.549764 1
0.176759 0.823241 1
0.024167 0.975833 1
0.0493461 0.950654 1
0.0404153 0.959585 1
0.055517 0.944483 1
0.0582064 0.941794 1
0.182257 0.817743 1
0.375365 0.624635 1
0.686671 0.313329 1
0.063051 0.936949 1
0.0397564 0.960244 1
0.831803 0.168197 1
0.46278 0.53722 1
0.514671 0.485329 1
0.0376638 0.962336 1
0.0582349 0.941765 1
0.126261 0.873739 1
0.020323 0.979677 1
0.919533 0.0804669 1
0.0585082 0.941492 1
0.172774 0.827226 1
0.14001 0.85999 1
0.103991 0.896009 1
0.0336053 0.966395 1
0.0813569 0.918643 1
0.0255194 0.974481 1
0.0517862 0.948214 1
0.0506885 0.949311 1
0.861653 0.138347 1
0.064013 0.935987 1
0.0511257 0.948874 1
0.271208 0.728792 1
0.171165 0.828835 1
0.0422966 0.957703 1
0.0612283 0.938772 1
0.0343481 0.965652 1
0.0524347 0.947565 1
0.180459 0.819541 1
0.135128 0.864872 1
0.217409 0.782591 1
0.492262 0.507738 1
0.0581026 0.941897 1
0.0747139 0.925286 1
0.0355127 0.964487 1
0.0751628 0.924837 1
0.103563 0.896437 1
0.929054 0.0709456 1
0.185064 0.814936 1
0.2899 0.7101 1
0.0451431 0.954857 1
0.0805953 0.919405 1
0.813475 0.186525 1
0.630409 0.369591 1
0.0207288 0.979271 1
0.320663 0.679337 1
0.0596949 0.940305 1
0.0248015 0.975199 1
0.0406562 0.959344 1
0.0193446 0.980655 1
0.231417 0.768583 1
0.103045 0.896955 1
0.120943 0.879057 1
0.0510563 0.948944 1
0.687056 0.312944 1
0.0787941 0.921206 1
0.0547718 0.945228 1
0.0977046 0.902295 1
0.0482691 0.951731 1
0.124157 0.875843 1
0.0251199 0.97488 1
0.910323 0.089677 1
0.0205121 0.979488 1
0.0248199 0.97518 1
0.498269 0.501731 1
0.173961 0.826039 1
0.0599463 0.940054 1
0.111635 0.888365 1
0.015081 0.984919 1
0.098814 0.901186 1
0.321635 0.678365 1
0.091687 0.908313 1
0.213443 0.786557 1
0.527043 0.472957 1
0.123273 0.876727 1
0.87461 0.12539 1
0.0516542 0.948346 1
0.188973 0.811027 1
0.772789 0.227211 1
0.151981 0.848019 1
0.0507596 0.94924 1
0.704769 0.295231 1
0.133728 0.866272 1
0.277386 0.722614 1
0.223864 0.776136 1
0.366916 0.633084 1
0.137076 0.862924 1
0.222207 0.777793 1
0.267503 0.732497 1
0.0755354 0.924465 1
0.76259 0.23741 1
0.22353 0.77647 1
0.014841 0.985159 1
0.0615805 0.93842 1
0.283632 0.716368 1
0.0302153 0.969785 1
0.780223 0.219777 1
0.113057 0.886943 1
0.0551065 0.944894 1
0.0245744 0.975426 1
0.0230247 0.976975 1
0.0871314 0.912869 1
0.18094 0.81906 1
0.040774 0.959226 1
0.0669093 0.933091 1
0.0805299 0.91947 1
0.320206 0.679794 1
0.0375612 0.962439 1
0.0814645 0.918535 1
0.150441 0.849559 1
0.100178 0.899822 1
0.0323735 0.967627 1
0.509768 0.490232 1
0.174637 0.825363 1
0.107577 0.892423 1
0.0800312 0.919969 1
0.259878 0.740122 1
0.422773 0.577227 1
0.903782 0.096218 1
0.147465 0.852535 1
0.0497747 0.950225 1
0.828922 0.171078 1
0.625449 0.374551 1
0.516884 0.483116 1
0.832538 0.167462 1
0.0200022 0.979998 1
0.354205 0.645795 1
0.2961 0.7039 1
0.0258631 0.974137 1
0.385861 0.614139 1
0.0471651 0.952835 1
0.0221722 0.977828 1
0.0618941 0.938106 1
0.602065 0.397935 1
0.134516 0.865484 1
0.0373726 0.962627 1
0.700241 0.299759 1
0.180003 0.819997 1
0.295413 0.704587 1
0.354398 0.645602 1
0.0196099 0.98039 1
0.034543 0.965457 1
0.56097 0.43903 1
0.0416994 0.958301 1
0.0536282 0.946372 1
0.229035 0.770966 1
0.947958 0.052042 1
0.783815 0.216185 1
0.37154 0.62846 1
0.24386 0.75614 1
0.0373771 0.962623 1
0.0420998 0.9579 1
0.0378875 0.962112 1
0.0659855 0.934014 1
0.6085 0.3915 1
0.218312 0.781688 1
0.0910346 0.908965 1
0.039272 0.960728 1
0.0218974 0.978103 1
0.283693 0.716307 1
0.0240295 0.975971 1
0.0636092 0.936391 1
0.0643003 0.9357 1
0.468352 0.531648 1
0.0234978 0.976502 1
0.158191 0.841809 1
0.814622 0.185378 1
0.957043 0.0429567 1
0.0448287 0.955171 1
0.029471 0.970529 1
0.274226 0.725774 1
0.270408 0.729592 1
0.0261654 0.973835 1
0.0184852 0.981515 1
0.845222 0.154778 1
0.540464 0.459536 1
0.10307 0.89693 1
0.0234716 0.976528 1
0.0723089 0.927691 1
0.0815762 0.918424 1
0.021162 0.978838 1
0.0205024 0.979498 1
0.0818808 0.918119 1
0.452997 0.547003 1
0.116482 0.883518 1
0.0647327 0.935267 1
0.124552 0.875448 1
0.340772 0.659228 1
0.0401587 0.959841 1
0.426839 0.573161 1
0.0609661 0.939034 1
0.0458935 0.954107 1
0.0374725 0.962528 1
0.0331876 0.966812 1
0.0986642 0.901336 1
0.278901 0.721099 1
0.026197 0.973803 1
0.449203 0.550797 1
0.0199026 0.980097 1
0.0439614 0.956039 1
0.0232299 0.97677 1
0.0441627 0.955837 1
0.0320481 0.967952 1
0.130821 0.869179 1
0.0191057 0.980894 1
0.938213 0.0617867 1
0.0465467 0.953453 1
0.0276851 0.972315 1
0.0550139 0.944986 1
0.0632577 0.936742 1
0.0284619 0.971538 1
0.0800776 0.919922 1
0.43898 0.56102 1
0.165718 0.834282 1
0.105704 0.894296 1
0.0372504 0.96275 1
0.207823 0.792177 1
0.829749 0.170251 1
0.135741 0.864259 1
0.0330342 0.966966 1
0.0407542 0.959246 1
0.0216221 0.978378 1
0.326305 0.673695 1
0.776598 0.223402 1
0.0882202 0.91178 1
0.69988 0.30012 1
0.300975 0.699025 1
0.0931586 0.906841 1
0.688986 0.311014 1
0.447434 0.552566 1
0.260954 0.739046 1
0.0280566 0.971943 1
0.278288 0.721712 1
0.0850767 0.914923 1
0.110745 0.889255 1
0.0256014 0.974399 1
0.392359 0.607641 1
0.731216 0.268784 1
0.0647687 0.935231 1
0.0148024 0.985198 1
0.0530167 0.946983 1
0.10174 0.89826 1
0.434873 0.565127 1
0.326618 0.673382 1
0.0608758 0.939124 1
0.681511 0.318489 1
0.11442 0.88558 1
0.108643 0.891357 1
0.639498 0.360502 1
0.343607 0.656392 1
0.153913 0.846087 1
0.0394122 0.960588 1
0.815636 0.184365 1
0.259238 0.740762 1
0.145244 0.854756 1
0.0273364 0.972664 1
0.0180544 0.981946 1
0.0569138 0.943086 1
0.0536108 0.946389 1
0.0210976 0.978902 1
0.0216263 0.978374 1
0.03483 0.96517 1
0.0321409 0.967859 1
0.114201 0.885799 1
0.165805 0.834195 1
0.0371063 0.962894 1
0.0611996 0.9388 1
0.0650021 0.934998 1
0.461408 0.538592 1
0.0851626 0.914837 1
0.0428528 0.957147 1
0.816018 0.183982 1
0.156504 0.843496 1
0.203233 0.796767 1
0.184364 0.815636 1
0.49846 0.50154 1
0.295396 0.704604 1
0.0374295 0.96257 1
0.75613 0.24387 1
0.0287579 0.971242 1
0.15848 0.84152 1
0.341697 0.658303 1
0.121962 0.878038 1
0.256345 0.743655 1
0.421093 0.578907 1
0.0465063 0.953494 1
0.0303028 0.969697 1
0.0373546 0.962645 1
0.187282 0.812718 1
0.0944852 0.905515 1
0.200874 0.799125 1
0.606696 0.393304 1
0.0772702 0.92273 1
0.0797023 0.920298 1
0.0806555 0.919345 1
0.0298841 0.970116 1
0.0780266 0.921973 1
0.338519 0.661481 1
0.910902 0.0890979 1
0.595091 0.404909 1
0.0799475 0.920052 1
0.0722719 0.927728 1
0.0790161 0.920984 1
0.236104 0.763896 1
0.0525779 0.947422 1
0.0289884 0.971012 1
0.0289531 0.971047 1
0.238913 0.761087 1
0.271525 0.728475 1
0.892173 0.107827 1
0.0245596 0.97544 1
0.0951648 0.904835 1
0.585183 0.414817 1
0.452016 0.547984 1
0.111179 0.888821 1
0.934467 0.0655332 1
0.0521922 0.947808 1
0.334196 0.665804 1
0.129717 0.870283 1
0.0206009 0.979399 1
0.224567 0.775433 1
