0.972137 0.027863 0
0.976292 0.0237082 0
0.929815 0.070185 0
0.946584 0.0534158 0
0.394274 0.605726 0
0.973464 0.026536 0
0.935493 0.0645075 0
0.933326 0.0666739 0
0.932899 0.0671011 0
0.764226 0.235774 0
0.937939 0.0620609 0
0.943823 0.0561766 0
0.91117 0.0888303 0
0.734043 0.265957 0
0.908866 0.0911345 0
0.860845 0.139155 0
0.129752 0.870248 0
0.877117 0.122883 0
0.242959 0.757041 0
0.931572 0.0684279 0
0.931127 0.068873 0
0.920769 0.0792314 0
0.972212 0.0277879 0
0.653013 0.346987 0
0.884322 0.115678 0
0.953781 0.0462189 0
0.984989 0.0150107 0
0.924057 0.0759426 0
0.819498 0.180502 0
0.914956 0.0850437 0
0.905082 0.094918 0
0.415155 0.584845 0
0.870962 0.129038 0
0.981619 0.0183806 0
0.453101 0.546899 0
0.956336 0.0436645 0
0.978697 0.0213028 0
0.55137 0.44863 0
0.939748 0.0602522 0
0.968147 0.0318533 0
0.894484 0.105516 0
0.88199 0.11801 0
0.948029 0.0519708 0
0.724098 0.275902 0
0.948995 0.0510047 0
0.968846 0.0311536 0
0.965991 0.0340086 0
0.752458 0.247542 0
0.976735 0.0232646 0
0.876216 0.123784 0
0.836688 0.163312 0
0.946959 0.0530406 0
0.826232 0.173768 0
0.970628 0.0293719 0
0.947993 0.0520068 0
0.969431 0.0305693 0
0.98087 0.0191296 0
0.881526 0.118474 0
0.754363 0.245637 0
0.922115 0.0778853 0
0.0263045 0.973696 0
0.978913 0.0210869 0
0.470377 0.529623 0
0.947212 0.0527881 0
0.521772 0.478228 0
0.969662 0.0303383 0
0.372378 0.627622 0
0.964226 0.0357743 0
0.504524 0.495476 0
0.985221 0.0147795 0
0.976456 0.0235442 0
0.883695 0.116305 0
0.948915 0.0510847 0
0.909221 0.0907789 0
0.20057 0.79943 0
0.918192 0.0818084 0
0.97634 0.0236595 0
0.938511 0.0614891 0
0.969451 0.0305494 0
0.7326 0.2674 0
0.94725 0.0527499 0
0.975507 0.0244931 0
0.978749 0.0212506 0
0.628449 0.371551 0
0.643107 0.356894 0
0.946321 0.0536795 0
0.78752 0.21248 0
0.874497 0.125503 0
0.612215 0.387785 0
0.87938 0.12062 0
0.843566 0.156434 0
0.966424 0.0335764 0
0.985006 0.0149945 0
0.953185 0.0468152 0
0.965975 0.0340247 0
0.954461 0.0455387 0
0.984518 0.015482 0
0.879656 0.120344 0
0.884204 0.115796 0
0.967314 0.0326863 0
0.785849 0.214151 0
0.961308 0.0386916 0
0.98173 0.0182699 0
0.972089 0.0279109 0
0.987087 0.0129127 0
0.570028 0.429972 0
0.9264 0.0736 0
0.895661 0.104339 0
0.951964 0.0480363 0
0.979257 0.0207429 0
0.808448 0.191552 0
0.978074 0.0219257 0
0.135928 0.864072 0
0.940598 0.0594022 0
0.982473 0.0175267 0
0.885698 0.114302 0
0.804435 0.195565 0
0.522178 0.477822 0
0.31901 0.68099 0
0.0470327 0.952967 0
0.867921 0.132079 0
0.782745 0.217255 0
0.926052 0.073948 0
0.981241 0.0187591 0
0.977104 0.0228961 0
0.910522 0.0894785 0
0.859692 0.140308 0
0.94122 0.0587795 0
0.339846 0.660154 0
0.9794 0.0206003 0
0.0170736 0.982926 0
0.74027 0.25973 0
0.941743 0.0582569 0
0.948857 0.0511427 0
0.985701 0.0142992 0
0.9883 0.0116996 0
0.781443 0.218557 0
0.98643 0.0135703 0
0.965275 0.0347249 0
0.911236 0.0887637 0
0.95887 0.0411302 0
0.954951 0.0450488 0
0.929224 0.0707762 0
0.97537 0.0246305 0
0.92467 0.0753301 0
0.959035 0.0409652 0
0.977276 0.0227236 0
0.932848 0.0671523 0
0.922945 0.0770549 0
0.381878 0.618122 0
0.935239 0.0647614 0
0.817334 0.182666 0
0.97446 0.0255403 0
0.677607 0.322393 0
0.565679 0.43432 0
0.84149 0.15851 0
0.935889 0.0641111 0
0.6075 0.3925 0
0.748669 0.251331 0
0.848006 0.151994 0
0.947902 0.0520981 0
0.943408 0.0565919 0
0.981085 0.0189154 0
0.985469 0.0145305 0
0.918075 0.0819255 0
0.851982 0.148018 0
0.828801 0.171199 0
0.976132 0.0238678 0
0.967541 0.0324591 0
0.978527 0.0214726 0
0.955632 0.0443684 0
0.222967 0.777033 0
0.0975934 0.902407 0
0.95343 0.0465697 0
0.956139 0.0438605 0
0.867876 0.132124 0
0.0777396 0.92226 0
0.822879 0.177121 0
0.898419 0.101581 0
0.819027 0.180973 0
0.964093 0.0359067 0
0.978263 0.0217369 0
0.955256 0.0447437 0
0.573309 0.426691 0
0.643674 0.356326 0
0.376022 0.623978 0
0.983977 0.0160233 0
0.0530393 0.946961 0
0.638191 0.361809 0
0.956988 0.0430123 0
0.976342 0.0236584 0
0.943752 0.0562478 0
0.925072 0.0749285 0
0.942931 0.0570687 0
0.979269 0.0207313 0
0.981085 0.0189148 0
0.971671 0.0283292 0
0.688915 0.311085 0
0.967465 0.0325349 0
0.867508 0.132492 0
0.962988 0.0370117 0
0.960538 0.0394623 0
0.812016 0.187984 0
0.975991 0.0240089 0
0.599712 0.400288 0
0.937877 0.0621233 0
0.980904 0.0190959 0
0.952575 0.0474253 0
0.966592 0.0334084 0
0.594432 0.405568 0
0.672973 0.327027 0
0.0903764 0.909624 0
0.948465 0.0515351 0
0.942371 0.0576291 0
0.954821 0.045179 0
0.926797 0.0732034 0
0.123546 0.876454 0
0.974274 0.0257262 0
0.810008 0.189992 0
0.792991 0.207009 0
0.983166 0.0168345 0
0.956402 0.0435982 0
0.987825 0.0121747 0
0.788135 0.211865 0
0.968224 0.0317757 0
0.850318 0.149682 0
0.085787 0.914213 0
0.980708 0.0192921 0
0.615974 0.384026 0
0.899387 0.100613 0
0.252661 0.747339 0
0.861555 0.138445 0
0.827287 0.172713 0
0.979182 0.0208176 0
0.947907 0.0520928 0
0.976331 0.0236685 0
0.971053 0.0289473 0
0.617052 0.382948 0
0.981746 0.0182545 0
0.978511 0.0214894 0
0.220129 0.779871 0
0.793867 0.206133 0
0.450788 0.549212 0
0.98299 0.0170098 0
0.874915 0.125085 0
0.769467 0.230533 0
0.965689 0.0343108 0
0.973133 0.0268674 0
0.809444 0.190556 0
0.59488 0.40512 0
0.412363 0.587637 0
0.979207 0.0207925 0
0.972793 0.0272069 0
0.780021 0.219979 0
0.524351 0.475649 0
0.686495 0.313505 0
0.968833 0.0311671 0
0.214157 0.785843 0
0.187966 0.812034 0
0.921099 0.0789013 0
0.75331 0.24669 0
0.130398 0.869602 0
0.96899 0.0310103 0
0.803474 0.196526 0
0.963136 0.0368637 0
0.925583 0.0744172 0
0.910547 0.0894528 0
0.976035 0.0239648 0
0.855217 0.144783 0
0.981021 0.0189792 0
0.952521 0.0474794 0
0.195081 0.804919 0
0.956816 0.0431837 0
0.679716 0.320284 0
0.978092 0.0219076 0
0.942711 0.0572886 0
0.960385 0.0396154 0
0.958813 0.0411874 0
0.967469 0.0325313 0
0.403665 0.596335 0
0.935605 0.0643945 0
0.667175 0.332825 0
0.97462 0.0253795 0
0.964341 0.0356594 0
0.863156 0.136844 0
0.900509 0.0994912 0
0.981681 0.0183186 0
0.975188 0.0248122 0
0.959608 0.0403921 0
0.854827 0.145173 0
0.187579 0.812421 0
0.976671 0.0233288 0
0.210411 0.789589 0
0.819767 0.180233 0
0.884593 0.115407 0
0.968181 0.0318186 0
0.979817 0.0201828 0
0.894183 0.105818 0
0.964244 0.0357559 0
0.981028 0.0189722 0
0.817083 0.182917 0
0.963887 0.0361129 0
0.958608 0.0413923 0
0.980823 0.0191767 0
0.853959 0.146041 0
0.971016 0.0289842 0
0.488895 0.511105 0
0.961363 0.0386373 0
0.980167 0.0198332 0
0.9712 0.0287998 0
0.962291 0.0377086 0
0.8636 0.1364 0
0.940985 0.0590155 0
0.965471 0.0345286 0
0.802305 0.197695 0
0.948257 0.0517429 0
0.764677 0.235323 0
0.542639 0.457361 0
0.76873 0.23127 0
0.6322 0.3678 0
0.969369 0.0306314 0
0.93457 0.0654296 0
0.864663 0.135337 0
0.972916 0.0270845 0
0.23741 0.76259 0
0.965796 0.0342044 0
0.928314 0.0716864 0
0.966444 0.033556 0
0.975041 0.0249594 0
0.551182 0.448818 0
0.935829 0.0641714 0
0.896395 0.103605 0
0.962643 0.0373568 0
0.977798 0.0222018 0
0.944496 0.0555041 0
0.966237 0.0337633 0
0.82654 0.17346 0
0.966457 0.0335428 0
0.739809 0.260191 0
0.531837 0.468163 0
0.966708 0.0332921 0
0.66821 0.33179 0
0.983594 0.0164061 0
0.985711 0.0142888 0
0.940987 0.059013 0
0.982672 0.0173283 0
0.971098 0.0289017 0
0.620605 0.379395 0
0.850926 0.149074 0
0.751379 0.248621 0
0.917478 0.0825224 0
0.335638 0.664362 0
0.965718 0.0342823 0
0.979495 0.0205049 0
0.975158 0.0248424 0
0.952334 0.0476657 0
0.978344 0.0216562 0
0.957441 0.0425594 0
0.94083 0.0591696 0
0.66062 0.33938 0
0.931963 0.0680369 0
0.956011 0.0439894 0
0.537708 0.462292 0
0.983358 0.0166423 0
0.968604 0.0313964 0
0.741747 0.258253 0
0.98274 0.0172599 0
0.962597 0.0374031 0
0.94414 0.0558602 0
0.959499 0.0405012 0
0.943045 0.0569548 0
0.970545 0.0294553 0
0.845692 0.154308 0
0.236653 0.763347 0
0.945249 0.0547507 0
0.973213 0.026787 0
0.975861 0.0241388 0
0.952424 0.0475756 0
0.5439 0.4561 0
0.81972 0.18028 0
0.962237 0.0377633 0
0.934153 0.0658467 0
0.782992 0.217008 0
0.939544 0.0604562 0
0.973696 0.0263036 0
0.941453 0.0585468 0
0.941149 0.0588509 0
0.980148 0.0198523 0
0.0177212 0.982279 0
0.967002 0.0329975 0
0.112245 0.887755 0
0.82835 0.17165 0
0.88041 0.11959 0
0.982768 0.0172316 0
0.968471 0.0315294 0
0.941058 0.058942 0
0.969872 0.0301285 0
0.96639 0.0336103 0
0.948588 0.0514117 0
0.63906 0.36094 0
0.926552 0.0734484 0
0.896268 0.103731 0
0.9632 0.0368001 0
0.887818 0.112182 0
0.973038 0.0269618 0
0.798762 0.201238 0
0.953219 0.0467815 0
0.86962 0.13038 0
0.721341 0.278659 0
0.970148 0.0298524 0
0.946532 0.0534676 0
0.760992 0.239008 0
0.97188 0.0281204 0
0.624892 0.375108 0
0.687236 0.312764 0
0.0501113 0.949889 0
0.914222 0.0857777 0
0.904607 0.0953928 0
0.971051 0.0289491 0
0.884707 0.115293 0
0.970236 0.0297635 0
0.751907 0.248093 0
0.492558 0.507442 0
0.851526 0.148474 0
0.424893 0.575107 0
0.81168 0.18832 0
0.813941 0.186059 0
0.918795 0.0812049 0
0.6892 0.3108 0
0.961226 0.0387738 0
0.735871 0.264129 0
0.868524 0.131476 0
0.0145748 0.985425 0
0.940559 0.0594406 0
0.952432 0.0475682 0
0.973761 0.0262388 0
0.890592 0.109408 0
0.949318 0.0506825 0
0.902812 0.0971885 0
0.751701 0.248299 0
0.80222 0.19778 0
0.927796 0.0722039 0
0.634051 0.365949 0
0.97 0.0299997 0
0.636014 0.363986 0
0.670015 0.329985 0
0.957443 0.0425575 0
0.919995 0.0800052 0
0.98434 0.0156603 0
0.949256 0.0507442 0
0.974394 0.0256062 0
0.977493 0.0225075 0
0.330897 0.669103 0
0.946826 0.0531737 0
0.971701 0.0282988 0
0.981637 0.0183632 0
0.965983 0.0340171 0
0.984275 0.0157252 0
0.951199 0.0488011 0
0.82993 0.17007 0
0.938486 0.0615141 0
0.965739 0.0342613 0
0.961014 0.0389861 0
0.0375743 0.962426 0
0.979534 0.0204659 0
0.906716 0.0932839 0
0.812313 0.187687 0
0.971343 0.0286572 0
0.760338 0.239662 0
0.976238 0.0237621 0
0.902275 0.0977251 0
0.765727 0.234273 0
0.965152 0.034848 0
0.938787 0.061213 0
0.955735 0.0442653 0
0.973397 0.0266031 0
0.662633 0.337367 0
0.932139 0.0678607 0
0.584378 0.415622 0
0.942138 0.0578618 0
0.947411 0.0525888 0
0.076809 0.923191 0
0.975109 0.0248912 0
0.119063 0.880937 0
0.944026 0.0559743 0
0.203882 0.796118 0
0.953544 0.0464563 0
0.409785 0.590215 0
0.767666 0.232334 0
0.97636 0.0236399 0
0.956362 0.0436384 0
0.915237 0.0847627 0
0.957597 0.0424026 0
0.964367 0.0356333 0
0.933864 0.0661364 0
0.4275 0.5725 0
0.974179 0.0258209 0
0.965488 0.034512 0
0.94867 0.05133 0
0.6849 0.3151 0
0.936402 0.063598 0
0.761277 0.238723 0
0.955452 0.0445475 0
0.983332 0.0166683 0
0.94724 0.0527602 0
0.933217 0.0667832 0
0.986189 0.0138115 0
0.985624 0.0143759 0
0.961459 0.038541 0
0.965247 0.0347531 0
0.959979 0.0400215 0
0.815854 0.184146 0
0.982113 0.017887 0
0.946535 0.0534652 0
0.90361 0.0963897 0
0.967405 0.0325945 0
0.742939 0.257061 0
0.419035 0.580965 0
0.982444 0.0175556 0
0.608013 0.391987 0
0.97483 0.0251696 0
0.167563 0.832437 0
0.878493 0.121507 0
0.96018 0.0398196 0
0.301983 0.698017 0
0.96997 0.0300297 0
0.974717 0.025283 0
0.947456 0.0525437 0
0.963494 0.0365055 0
0.887124 0.112875 0
0.970456 0.0295437 0
0.90419 0.0958098 0
0.695418 0.304582 0
0.980641 0.0193587 0
0.946601 0.0533988 0
0.910716 0.089284 0
0.950869 0.0491307 0
0.965855 0.0341451 0
0.982222 0.0177785 0
0.452328 0.547672 0
0.87909 0.120911 0
0.240326 0.759674 0
0.889577 0.110423 0
0.952152 0.047848 0
0.91939 0.0806104 0
0.95531 0.0446901 0
0.87898 0.12102 0
0.888876 0.111124 0
0.798527 0.201473 0
0.466214 0.533786 0
0.972936 0.0270641 0
0.962172 0.0378275 0
0.0313787 0.968621 0
0.0508732 0.949127 0
0.951227 0.0487727 0
0.970743 0.0292566 0
0.976571 0.0234293 0
0.831959 0.168041 0
0.955558 0.0444424 0
0.942349 0.0576511 0
0.962795 0.0372051 0
0.662408 0.337592 0
0.915028 0.0849718 0
0.963951 0.036049 0
0.92254 0.0774598 0
0.966221 0.0337787 0
0.0540669 0.945933 0
0.979492 0.0205078 0
0.893041 0.106959 0
0.918969 0.0810314 0
0.976989 0.0230112 0
0.96564 0.0343598 0
0.595863 0.404137 0
0.903711 0.0962893 0
0.848914 0.151086 0
0.978669 0.0213312 0
0.966117 0.0338828 0
0.982109 0.0178912 0
0.882118 0.117883 0
0.976845 0.0231554 0
0.689807 0.310193 0
0.978538 0.0214621 0
0.888578 0.111422 0
0.944948 0.0550524 0
0.91893 0.0810701 0
0.92019 0.0798102 0
0.945042 0.0549576 0
0.866538 0.133461 0
0.978799 0.0212013 0
0.253226 0.746774 0
0.407784 0.592216 0
0.911926 0.0880737 0
0.99009 0.00990992 0
0.981854 0.0181459 0
0.829535 0.170465 0
0.902774 0.0972257 0
0.974177 0.0258233 0
0.761643 0.238357 0
0.801907 0.198093 0
0.970674 0.0293256 0
0.985498 0.0145016 0
0.960144 0.0398558 0
0.394399 0.605601 0
0.0685214 0.931479 0
0.975989 0.0240106 0
0.265853 0.734147 0
0.984777 0.0152226 0
0.953195 0.0468051 0
0.969067 0.0309326 0
0.973607 0.0263926 0
0.921225 0.078775 0
0.972215 0.0277852 0
0.818885 0.181115 0
0.239173 0.760827 0
0.810923 0.189077 0
0.322536 0.677464 0
0.7699 0.2301 0
0.962051 0.0379487 0
0.623773 0.376227 0
0.534758 0.465242 0
0.957896 0.0421039 0
0.982954 0.0170461 0
0.724908 0.275092 0
0.932787 0.067213 0
0.0533804 0.94662 0
0.962831 0.0371691 0
0.727465 0.272535 0
0.975786 0.0242141 0
0.100298 0.899702 0
0.965518 0.0344816 0
0.963602 0.0363982 0
0.578889 0.421111 0
0.98053 0.0194697 0
0.745236 0.254764 0
0.758028 0.241972 0
0.309526 0.690474 0
0.968513 0.0314874 0
0.835275 0.164725 0
0.496674 0.503326 0
0.974659 0.0253414 0
0.967744 0.0322562 0
0.835097 0.164903 0
0.842422 0.157578 0
0.826055 0.173945 0
0.985426 0.0145738 0
0.955374 0.0446258 0
0.929879 0.0701205 0
0.61275 0.38725 0
0.98479 0.0152104 0
0.982614 0.0173855 0
0.965774 0.0342262 0
0.961738 0.0382625 0
0.953285 0.0467147 0
0.947375 0.0526252 0
0.952279 0.0477205 0
0.880291 0.119709 0
0.333033 0.666967 0
0.955119 0.0448811 0
0.969992 0.030008 0
0.427362 0.572638 0
0.93933 0.0606701 0
0.945467 0.0545325 0
0.987226 0.0127736 0
0.982418 0.0175821 0
0.893467 0.106533 0
0.507998 0.492002 0
0.0809851 0.919015 0
0.976846 0.0231541 0
0.956615 0.0433846 0
0.973 0.0270003 0
0.923383 0.0766172 0
0.961672 0.0383277 0
0.809742 0.190258 0
0.59559 0.40441 0
0.968199 0.0318014 0
0.929429 0.0705708 0
0.917719 0.0822813 0
0.915597 0.0844029 0
0.868639 0.131361 0
0.515042 0.484958 0
0.703038 0.296962 0
0.499973 0.500027 0
0.877375 0.122625 0
0.586523 0.413477 0
0.912534 0.0874657 0
0.872024 0.127977 0
0.95982 0.04018 0
0.875556 0.124444 0
0.959213 0.0407873 0
0.840012 0.159988 0
0.915881 0.0841193 0
0.693809 0.306191 0
0.960215 0.0397846 0
0.974994 0.0250064 0
0.964077 0.0359235 0
0.826172 0.173828 0
0.983284 0.0167159 0
0.917275 0.0827247 0
0.964336 0.0356641 0
0.895216 0.104784 0
0.811125 0.188876 0
0.983467 0.0165327 0
0.690007 0.309993 0
0.967516 0.0324844 0
0.970145 0.0298549 0
0.803468 0.196532 0
0.949481 0.0505186 0
0.968872 0.0311279 0
0.787038 0.212962 0
0.913413 0.0865866 0
0.916529 0.0834709 0
0.963064 0.0369359 0
0.893576 0.106424 0
0.92064 0.0793597 0
0.932458 0.0675424 0
0.640832 0.359168 0
0.692141 0.307859 0
0.903697 0.0963033 0
0.971311 0.0286888 0
0.849211 0.150789 0
0.841907 0.158093 0
0.972782 0.0272182 0
0.975487 0.024513 0
0.307718 0.692282 0
0.0741583 0.925842 0
0.97667 0.0233305 0
0.985727 0.0142726 0
0.351389 0.648611 0
0.982751 0.0172494 0
0.837364 0.162636 0
0.96718 0.0328198 0
0.894315 0.105685 0
0.918768 0.0812324 0
0.981431 0.0185693 0
0.988686 0.0113138 0
0.855929 0.144071 0
0.815242 0.184758 0
0.821171 0.178829 0
0.976001 0.0239994 0
0.883333 0.116667 0
0.941877 0.0581231 0
0.721395 0.278605 0
0.940422 0.0595779 0
0.782793 0.217207 0
0.819675 0.180325 0
0.817454 0.182546 0
0.318695 0.681305 0
0.967279 0.0327214 0
0.863932 0.136068 0
0.817293 0.182707 0
0.907886 0.0921141 0
0.73647 0.26353 0
0.264274 0.735726 0
0.801326 0.198674 0
0.953966 0.046034 0
0.930782 0.0692177 0
0.871673 0.128327 0
0.973285 0.0267154 0
0.935076 0.0649242 0
0.97619 0.0238101 0
0.829902 0.170098 0
0.936698 0.063302 0
0.952529 0.047471 0
0.945619 0.0543812 0
0.406481 0.593519 0
0.886175 0.113825 0
0.975106 0.024894 0
0.96806 0.0319397 0
0.950725 0.0492749 0
0.961707 0.0382926 0
0.173531 0.826469 0
0.907741 0.0922587 0
0.959109 0.0408913 0
0.959976 0.0400238 0
0.868066 0.131934 0
0.971782 0.0282176 0
0.976555 0.0234454 0
0.965717 0.0342825 0
0.974817 0.0251835 0
0.0605795 0.939421 0
0.683033 0.316967 0
0.901112 0.0988882 0
0.964897 0.0351026 0
0.965725 0.034275 0
0.939063 0.0609367 0
0.664784 0.335216 0
0.51713 0.48287 0
0.974889 0.0251113 0
0.827105 0.172895 0
0.975246 0.0247535 0
0.348152 0.651848 0
0.955533 0.0444671 0
0.641428 0.358572 0
0.960771 0.0392286 0
0.735093 0.264907 0
0.916046 0.0839541 0
0.980491 0.0195086 0
0.894794 0.105206 0
0.78179 0.21821 0
0.978061 0.0219389 0
0.643056 0.356944 0
0.849327 0.150673 0
0.926935 0.0730653 0
0.537114 0.462886 0
0.983028 0.0169716 0
0.943525 0.0564747 0
0.942763 0.0572368 0
0.970679 0.0293213 0
0.887012 0.112988 0
0.98552 0.0144803 0
0.98021 0.0197902 0
0.986248 0.0137522 0
0.914183 0.0858172 0
0.84637 0.15363 0
0.902758 0.0972415 0
0.338828 0.661171 0
0.952019 0.0479807 0
0.961401 0.0385994 0
0.968582 0.0314179 0
0.963249 0.0367509 0
0.963222 0.0367775 0
0.964525 0.0354748 0
0.920547 0.0794532 0
0.548096 0.451904 0
0.954847 0.0451531 0
0.875597 0.124403 0
0.750946 0.249054 0
0.918964 0.0810364 0
0.859369 0.140631 0
0.871021 0.128979 0
0.962266 0.0377343 0
0.949349 0.0506512 0
0.945193 0.0548075 0
0.91636 0.0836405 0
0.916472 0.083528 0
0.851571 0.148429 0
0.966857 0.033143 0
0.983567 0.0164325 0
0.953523 0.0464772 0
0.904426 0.095574 0
0.965509 0.0344912 0
0.812581 0.187419 0
0.963237 0.0367625 0
0.878875 0.121125 0
0.975102 0.0248977 0
0.953444 0.0465561 0
0.91394 0.0860596 0
0.797384 0.202616 0
0.9046 0.0954003 0
0.870931 0.129069 0
0.94288 0.0571198 0
0.211585 0.788415 0
0.959338 0.0406617 0
0.855234 0.144766 0
0.957086 0.0429135 0
0.978849 0.0211507 0
0.984131 0.0158686 0
0.312797 0.687203 0
0.92003 0.0799696 0
0.743476 0.256524 0
0.974806 0.0251935 0
0.910908 0.0890919 0
0.97366 0.0263405 0
0.852022 0.147978 0
0.654039 0.345961 0
0.939748 0.0602525 0
0.952693 0.0473066 0
0.925319 0.0746807 0
0.307249 0.692751 0
0.713092 0.286908 0
0.729796 0.270204 0
0.94423 0.0557695 0
0.967268 0.0327321 0
0.90242 0.0975804 0
0.892962 0.107038 0
0.664989 0.335011 0
0.880079 0.119921 0
0.977751 0.0222494 0
0.840116 0.159884 0
0.964112 0.0358883 0
0.974432 0.0255677 0
0.865563 0.134437 0
0.906189 0.0938109 0
0.65845 0.34155 0
0.664162 0.335838 0
0.971185 0.0288149 0
0.935702 0.0642978 0
0.971097 0.0289027 0
0.832019 0.167981 0
0.588845 0.411155 0
0.966347 0.0336529 0
0.988056 0.0119436 0
0.926702 0.0732983 0
0.60667 0.393329 0
0.91899 0.0810098 0
0.705085 0.294915 0
0.964064 0.0359361 0
0.947864 0.0521365 0
0.968237 0.0317625 0
0.189702 0.810298 0
0.961859 0.038141 0
0.406831 0.593169 0
0.813836 0.186164 0
0.944881 0.0551192 0
0.983359 0.0166407 0
0.973041 0.0269594 0
0.87878 0.12122 0
0.735336 0.264664 0
0.933491 0.0665091 0
0.809654 0.190346 0
0.95834 0.0416603 0
0.969505 0.0304948 0
0.982457 0.0175434 0
0.748182 0.251818 0
0.977802 0.0221981 0
0.978954 0.0210458 0
0.927583 0.0724175 0
0.951144 0.0488558 0
0.982102 0.0178976 0
0.94205 0.0579502 0
0.978054 0.0219465 0
0.944618 0.0553817 0
0.676805 0.323195 0
0.85966 0.14034 0
0.884706 0.115294 0
0.886541 0.113459 0
0.944651 0.0553488 0
0.95315 0.0468501 0
0.979809 0.0201908 0
0.95014 0.0498595 0
0.870759 0.129241 0
0.96799 0.0320098 0
0.774937 0.225063 0
0.968628 0.0313725 0
0.984491 0.0155092 0
0.982751 0.0172493 0
0.932571 0.0674293 0
0.976623 0.0233771 0
0.537117 0.462883 0
0.500246 0.499754 0
0.982739 0.0172606 0
0.954396 0.0456036 0
0.978855 0.0211454 0
0.554246 0.445754 0
0.970742 0.0292576 0
0.887237 0.112763 0
0.978392 0.0216078 0
0.67259 0.32741 0
0.979971 0.020029 0
0.983405 0.0165955 0
0.960433 0.0395672 0
0.826287 0.173713 0
0.964879 0.0351208 0
0.968623 0.0313769 0
0.767546 0.232454 0
0.982352 0.0176482 0
0.97564 0.0243601 0
0.962834 0.0371665 0
0.972559 0.0274407 0
0.833651 0.166349 0
0.74424 0.25576 0
0.976919 0.0230814 0
0.886613 0.113387 0
0.693209 0.306791 0
0.951769 0.0482314 0
0.743061 0.256939 0
0.820463 0.179537 0
0.895562 0.104438 0
0.946696 0.0533039 0
0.901159 0.0988406 0
0.0968803 0.90312 0
0.285509 0.714491 0
0.822564 0.177436 0
0.830899 0.169101 0
0.88819 0.11181 0
0.941782 0.0582183 0
0.883436 0.116564 0
0.980764 0.0192356 0
0.939114 0.0608863 0
0.956984 0.0430157 0
0.961548 0.0384516 0
0.0259333 0.974067 0
0.696053 0.303947 0
0.204319 0.795681 0
0.699272 0.300728 0
0.9784 0.0216003 0
0.977266 0.0227337 0
0.979998 0.0200018 0
0.979939 0.0200613 0
0.706869 0.293131 0
0.923441 0.0765592 0
0.287722 0.712278 0
0.0521695 0.94783 0
0.966546 0.0334545 0
0.866611 0.133389 0
0.533464 0.466536 0
0.977675 0.0223254 0
0.250807 0.749193 0
0.954319 0.0456812 0
0.850566 0.149434 0
0.0133814 0.986619 1
0.142096 0.857904 1
0.678413 0.321587 1
0.0257221 0.974278 1
0.0891962 0.910804 1
0.238552 0.761448 1
0.104254 0.895746 1
0.0285896 0.97141 1
0.475324 0.524676 1
0.198357 0.801643 1
0.0230935 0.976907 1
0.870479 0.129521 1
0.0258357 0.974164 1
0.243987 0.756013 1
0.0199729 0.980027 1
0.13247 0.86753 1
0.253578 0.746422 1
0.0430415 0.956959 1
0.328163 0.671837 1
0.615517 0.384483 1
0.0655078 0.934492 1
0.0219082 0.978092 1
0.105142 0.894858 1
0.21028 0.78972 1
0.0260143 0.973986 1
0.072552 0.927448 1
0.0495826 0.950417 1
0.0301552 0.969845 1
0.0807325 0.919267 1
0.0390567 0.960943 1
0.0552393 0.944761 1
0.0423287 0.957671 1
0.126174 0.873826 1
0.0121464 0.987854 1
0.138299 0.861701 1
0.030707 0.969293 1
0.0589403 0.94106 1
0.0251049 0.974895 1
0.0182347 0.981765 1
0.0860731 0.913927 1
0.132883 0.867117 1
0.27418 0.72582 1
0.0236612 0.976339 1
0.642406 0.357594 1
0.0140004 0.986 1
0.0542519 0.945748 1
0.0160104 0.98399 1
0.634203 0.365797 1
0.458428 0.541572 1
0.905662 0.094338 1
0.0272277 0.972772 1
0.0819072 0.918093 1
0.81071 0.18929 1
0.0143617 0.985638 1
0.409733 0.590267 1
0.509157 0.490843 1
0.0405632 0.959437 1
0.0579006 0.942099 1
0.0995757 0.900424 1
0.190435 0.809565 1
0.337494 0.662506 1
0.197254 0.802746 1
0.0161283 0.983872 1
0.0190589 0.980941 1
0.0434469 0.956553 1
0.605237 0.394763 1
0.0502797 0.94972 1
0.273313 0.726687 1
0.0785701 0.92143 1
0.0227694 0.977231 1
0.0373345 0.962666 1
0.0446801 0.95532 1
0.0579789 0.942021 1
0.459202 0.540798 1
0.906787 0.093213 1
0.131134 0.868866 1
0.0158949 0.984105 1
0.194977 0.805023 1
0.0089922 0.991008 1
0.0190261 0.980974 1
0.0273773 0.972623 1
0.130851 0.869149 1
0.800941 0.199059 1
0.0118774 0.988123 1
0.656925 0.343075 1
0.0914973 0.908503 1
0.0719662 0.928034 1
0.0208468 0.979153 1
0.299244 0.700756 1
0.271316 0.728684 1
0.066178 0.933822 1
0.00913319 0.990867 1
0.182373 0.817627 1
0.205349 0.794651 1
0.0189958 0.981004 1
0.0256175 0.974383 1
0.0100857 0.989914 1
0.771796 0.228204 1
0.083567 0.916433 1
0.380342 0.619658 1
0.0319242 0.968076 1
0.0682263 0.931774 1
0.689948 0.310052 1
0.0324239 0.967576 1
0.0575331 0.942467 1
0.413809 0.586191 1
0.0441416 0.955858 1
0.0605587 0.939441 1
0.080727 0.919273 1
0.144785 0.855215 1
0.0295666 0.970433 1
0.0335136 0.966486 1
0.652244 0.347756 1
0.0385323 0.961468 1
0.358532 0.641468 1
0.020659 0.979341 1
0.0115682 0.988432 1
0.0256131 0.974387 1
0.0425164 0.957484 1
0.0527818 0.947218 1
0.117602 0.882398 1
0.129222 0.870779 1
0.0417672 0.958233 1
0.324546 0.675454 1
0.0241464 0.975854 1
0.23599 0.76401 1
0.963686 0.0363141 1
0.0146227 0.985377 1
0.0139486 0.986051 1
0.0817695 0.918231 1
0.0118464 0.988154 1
0.0497461 0.950254 1
0.0301868 0.969813 1
0.0272755 0.972724 1
0.0452218 0.954778 1
0.0385722 0.961428 1
0.0193418 0.980658 1
0.0143786 0.985621 1
0.0119325 0.988068 1
0.260981 0.739019 1
0.00865248 0.991347 1
0.134942 0.865058 1
0.140742 0.859258 1
0.418066 0.581934 1
0.0462483 0.953752 1
0.0779242 0.922076 1
0.0685245 0.931475 1
0.0181983 0.981802 1
0.194106 0.805894 1
0.805577 0.194423 1
0.0165007 0.983499 1
0.0171032 0.982897 1
0.0146402 0.98536 1
0.0166719 0.983328 1
0.678237 0.321763 1
0.394734 0.605266 1
0.143472 0.856528 1
0.0481291 0.951871 1
0.359288 0.640712 1
0.047826 0.952174 1
0.0661265 0.933873 1
0.0766717 0.923328 1
0.0790341 0.920966 1
0.0394842 0.960516 1
0.0868685 0.913132 1
0.0726043 0.927396 1
0.894114 0.105886 1
0.939488 0.0605116 1
0.0591712 0.940829 1
0.0574033 0.942597 1
0.0117069 0.988293 1
0.0709325 0.929068 1
0.86328 0.13672 1
0.160529 0.839471 1
0.318236 0.681764 1
0.0332825 0.966717 1
0.116918 0.883082 1
0.75911 0.240889 1
0.0190205 0.98098 1
0.26396 0.73604 1
0.048975 0.951025 1
0.831533 0.168467 1
0.0157675 0.984233 1
0.03833 0.96167 1
0.412332 0.587668 1
0.0946196 0.90538 1
0.126097 0.873903 1
0.454212 0.545788 1
0.0340087 0.965991 1
0.275703 0.724297 1
0.0328421 0.967158 1
0.129361 0.870639 1
0.637052 0.362948 1
0.195801 0.804199 1
0.446306 0.553694 1
0.765831 0.234169 1
0.40731 0.59269 1
0.0351886 0.964811 1
0.0228468 0.977153 1
0.196785 0.803215 1
0.0634148 0.936585 1
0.0607624 0.939238 1
0.0212064 0.978794 1
0.0645733 0.935427 1
0.204075 0.795925 1
0.0181288 0.981871 1
0.0136532 0.986347 1
0.418497 0.581503 1
0.34739 0.65261 1
0.044743 0.955257 1
0.022317 0.977683 1
0.0161158 0.983884 1
0.862162 0.137838 1
0.324079 0.675921 1
0.0823848 0.917615 1
0.0146955 0.985305 1
0.625284 0.374716 1
0.101148 0.898852 1
0.0403134 0.959687 1
0.0116567 0.988343 1
0.0701061 0.929894 1
0.0271463 0.972854 1
0.0178662 0.982134 1
0.360275 0.639725 1
0.0111543 0.988846 1
0.307721 0.692279 1
0.022346 0.977654 1
0.50675 0.49325 1
0.0975299 0.90247 1
0.857143 0.142858 1
0.0386396 0.96136 1
0.0783065 0.921694 1
0.364073 0.635927 1
0.0758842 0.924116 1
0.0605911 0.939409 1
0.0267484 0.973252 1
0.107654 0.892346 1
0.413364 0.586636 1
0.124388 0.875612 1
0.0523088 0.947691 1
0.522855 0.477145 1
0.835092 0.164908 1
0.0912516 0.908748 1
0.0767041 0.923296 1
0.254983 0.745017 1
0.410179 0.589821 1
0.286559 0.713441 1
0.0110746 0.988925 1
0.0201471 0.979853 1
0.0119247 0.988075 1
0.0105215 0.989479 1
0.180292 0.819708 1
0.0929574 0.907043 1
0.0213901 0.97861 1
0.388383 0.611617 1
0.291014 0.708986 1
0.0474395 0.952561 1
0.143554 0.856446 1
0.0156724 0.984328 1
0.98198 0.0180196 1
0.0127561 0.987244 1
0.3066 0.6934 1
0.314587 0.685413 1
0.0496399 0.95036 1
0.0378783 0.962122 1
0.0196221 0.980378 1
0.0187753 0.981225 1
0.0125975 0.987402 1
0.773697 0.226303 1
0.115681 0.884319 1
0.0886284 0.911372 1
0.785415 0.214585 1
0.810775 0.189225 1
0.864039 0.135961 1
0.0199935 0.980006 1
0.0304047 0.969595 1
0.0290515 0.970949 1
0.0536139 0.946386 1
0.0310445 0.968956 1
0.0339861 0.966014 1
0.0137317 0.986268 1
0.0186576 0.981342 1
0.268458 0.731542 1
0.0390628 0.960937 1
0.18966 0.81034 1
0.01134 0.98866 1
0.0270041 0.972996 1
0.385935 0.614065 1
0.026817 0.973183 1
0.0518892 0.948111 1
0.0472373 0.952763 1
0.0623307 0.937669 1
0.352066 0.647934 1
0.0335813 0.966419 1
0.093342 0.906658 1
0.296853 0.703147 1
0.0562996 0.9437 1
0.33667 0.66333 1
0.0178146 0.982185 1
0.212721 0.787279 1
0.0392108 0.960789 1
0.39619 0.60381 1
0.0151962 0.984804 1
0.10017 0.89983 1
0.0148274 0.985173 1
0.0552209 0.944779 1
0.232108 0.767892 1
0.0273482 0.972652 1
0.181043 0.818957 1
0.102195 0.897805 1
0.0245834 0.975417 1
0.702759 0.297241 1
0.123548 0.876452 1
0.032956 0.967044 1
0.619169 0.380831 1
0.331752 0.668248 1
0.686129 0.313871 1
0.0201707 0.979829 1
0.820784 0.179216 1
0.0639955 0.936005 1
0.729973 0.270027 1
0.0259142 0.974086 1
0.112577 0.887423 1
0.0186028 0.981397 1
0.702423 0.297577 1
0.134628 0.865372 1
0.435593 0.564407 1
0.0322952 0.967705 1
0.0222138 0.977786 1
0.0429884 0.957012 1
0.0189743 0.981026 1
0.0553531 0.944647 1
0.0212327 0.978767 1
0.751661 0.248339 1
0.276638 0.723362 1
0.0928783 0.907122 1
0.0863218 0.913678 1
0.14161 0.85839 1
0.0138561 0.986144 1
0.0733195 0.92668 1
0.230068 0.769933 1
0.0478152 0.952185 1
0.43032 0.56968 1
0.194121 0.805879 1
0.313135 0.686865 1
0.0282539 0.971746 1
0.0145469 0.985453 1
0.181447 0.818553 1
0.112479 0.887521 1
0.0167379 0.983262 1
0.170433 0.829567 1
0.181866 0.818134 1
0.0322348 0.967765 1
0.587263 0.412737 1
0.77715 0.22285 1
0.114676 0.885324 1
0.0590498 0.94095 1
0.812248 0.187752 1
0.00991084 0.990089 1
0.022933 0.977067 1
0.637339 0.362661 1
0.0957363 0.904264 1
0.631691 0.368309 1
0.0208708 0.979129 1
0.0186474 0.981353 1
0.23863 0.76137 1
0.0304314 0.969569 1
0.246968 0.753032 1
0.344907 0.655093 1
0.0507551 0.949245 1
0.361293 0.638707 1
0.851207 0.148793 1
0.169584 0.830416 1
0.893116 0.106884 1
0.0305659 0.969434 1
0.506328 0.493672 1
0.0842752 0.915725 1
0.802514 0.197486 1
0.652057 0.347943 1
0.0451842 0.954816 1
0.360583 0.639417 1
0.0112731 0.988727 1
0.0699763 0.930024 1
0.0130405 0.98696 1
0.0323487 0.967651 1
0.0731935 0.926807 1
0.0486134 0.951387 1
0.925688 0.0743118 1
0.241632 0.758368 1
0.00914351 0.990857 1
0.0571384 0.942862 1
0.578609 0.421391 1
0.012912 0.987088 1
0.0154559 0.984544 1
0.216681 0.783319 1
0.577401 0.422599 1
0.0120614 0.987939 1
0.165182 0.834818 1
0.390218 0.609782 1
0.0927344 0.907266 1
0.22514 0.774859 1
0.0582799 0.94172 1
0.0141331 0.985867 1
0.0205357 0.979464 1
0.0235396 0.976461 1
0.480273 0.519727 1
0.0233891 0.976611 1
0.227617 0.772383 1
0.145242 0.854758 1
0.092489 0.907511 1
0.112924 0.887076 1
0.492128 0.507872 1
0.700449 0.299551 1
0.539057 0.460943 1
0.518523 0.481477 1
0.4934 0.5066 1
0.0418454 0.958155 1
0.0152684 0.984732 1
0.347416 0.652584 1
0.0273259 0.972674 1
0.0402778 0.959722 1
0.094194 0.905806 1
0.147826 0.852174 1
0.0190144 0.980986 1
0.0719821 0.928018 1
0.0215947 0.978405 1
0.61525 0.38475 1
0.0626845 0.937315 1
0.0188411 0.981159 1
0.0668012 0.933199 1
0.648712 0.351288 1
0.0112785 0.988721 1
0.205134 0.794865 1
0.0132389 0.986761 1
0.0312649 0.968735 1
0.599344 0.400656 1
0.218062 0.781938 1
0.133259 0.866741 1
0.0182523 0.981748 1
0.0283124 0.971688 1
0.931359 0.0686408 1
0.0495095 0.95049 1
0.0466396 0.95336 1
0.629778 0.370222 1
0.152678 0.847322 1
0.577667 0.422333 1
0.0259766 0.974023 1
0.256577 0.743423 1
0.0249655 0.975035 1
0.0231599 0.97684 1
0.0222705 0.977729 1
0.898232 0.101768 1
0.0206016 0.979398 1
0.0238981 0.976102 1
0.357154 0.642846 1
0.0500753 0.949925 1
0.116968 0.883032 1
0.793587 0.206413 1
0.0983306 0.901669 1
0.0226997 0.9773 1
0.0273849 0.972615 1
0.0398823 0.960118 1
0.0142842 0.985716 1
0.275419 0.724581 1
0.615535 0.384465 1
0.0403172 0.959683 1
0.165365 0.834635 1
0.0360655 0.963934 1
0.351029 0.64897 1
0.0119283 0.988072 1
0.354752 0.645248 1
0.0269135 0.973086 1
0.199645 0.800355 1
0.0974659 0.902534 1
0.448006 0.551994 1
0.591408 0.408591 1
0.031132 0.968868 1
0.0114087 0.988591 1
0.0421221 0.957878 1
0.161908 0.838092 1
0.0442122 0.955788 1
0.247636 0.752364 1
0.0319769 0.968023 1
0.537266 0.462734 1
0.0210636 0.978936 1
0.0655429 0.934457 1
0.0237693 0.976231 1
0.0256209 0.974379 1
0.409923 0.590077 1
0.0292864 0.970714 1
0.0124381 0.987562 1
0.0406528 0.959347 1
0.197819 0.802181 1
0.390887 0.609113 1
0.0248141 0.975186 1
0.0463984 0.953602 1
0.800955 0.199045 1
0.9429 0.0570996 1
0.171442 0.828558 1
0.168534 0.831466 1
0.00995552 0.990044 1
0.350398 0.649602 1
0.0255619 0.974438 1
0.0579228 0.942077 1
0.0557967 0.944203 1
0.377683 0.622317 1
0.172508 0.827492 1
0.234764 0.765236 1
0.0344059 0.965594 1
0.0153208 0.984679 1
0.094164 0.905836 1
0.121298 0.878702 1
0.0518413 0.948159 1
0.620127 0.379873 1
0.0496776 0.950322 1
0.0402881 0.959712 1
0.0115069 0.988493 1
0.0297065 0.970294 1
0.0205282 0.979472 1
0.253777 0.746223 1
0.138849 0.861151 1
0.0530284 0.946972 1
0.387187 0.612813 1
0.109337 0.890663 1
0.0533811 0.946619 1
0.0847301 0.91527 1
0.163401 0.836599 1
0.483979 0.516021 1
0.0276443 0.972356 1
0.116032 0.883968 1
0.695241 0.304759 1
0.0129155 0.987084 1
0.0911564 0.908844 1
0.215131 0.784869 1
0.0246776 0.975322 1
0.592357 0.407643 1
0.368424 0.631576 1
0.020097 0.979903 1
0.234425 0.765575 1
0.0337775 0.966223 1
0.0355236 0.964476 1
0.59592 0.40408 1
0.438741 0.561259 1
0.0353358 0.964664 1
0.0261425 0.973858 1
0.0589333 0.941067 1
0.151186 0.848814 1
0.035173 0.964827 1
0.0159613 0.984039 1
0.0943686 0.905631 1
0.0116143 0.988386 1
0.351267 0.648733 1
0.0352013 0.964799 1
0.0188538 0.981146 1
0.0161071 0.983893 1
0.105276 0.894724 1
0.281453 0.718547 1
0.865112 0.134888 1
0.00850915 0.991491 1
0.055537 0.944463 1
0.133918 0.866082 1
0.472776 0.527224 1
0.0277532 0.972247 1
0.0428079 0.957192 1
0.0802822 0.919718 1
0.0183105 0.981689 1
0.0706694 0.929331 1
0.0295849 0.970415 1
0.753133 0.246867 1
0.0793576 0.920642 1
0.91735 0.0826503 1
0.189533 0.810467 1
0.129057 0.870943 1
0.0404676 0.959532 1
0.0983818 0.901618 1
0.0143135 0.985686 1
0.0346158 0.965384 1
0.145204 0.854796 1
0.0264263 0.973574 1
0.030548 0.969452 1
0.0158748 0.984125 1
0.0570258 0.942974 1
0.24117 0.75883 1
0.0376752 0.962325 1
0.0175692 0.982431 1
0.0597063 0.940294 1
0.634282 0.365719 1
0.0640101 0.93599 1
0.0296972 0.970303 1
0.0126685 0.987331 1
0.0180488 0.981951 1
0.117504 0.882496 1
0.171607 0.828393 1
0.330806 0.669194 1
0.491721 0.508279 1
0.128477 0.871523 1
0.586664 0.413336 1
0.0143561 0.985644 1
0.0421694 0.957831 1
0.183846 0.816154 1
0.0216654 0.978335 1
0.41379 0.58621 1
0.905244 0.0947557 1
0.669316 0.330684 1
0.336871 0.663129 1
0.0159695 0.98403 1
0.039281 0.960719 1
0.382925 0.617075 1
0.0203818 0.979618 1
0.307574 0.692426 1
0.0472592 0.952741 1
0.0229429 0.977057 1
0.0397951 0.960205 1
0.033293 0.966707 1
0.027478 0.972522 1
0.0110947 0.988905 1
0.0207762 0.979224 1
0.901165 0.098835 1
0.019559 0.980441 1
0.0282862 0.971714 1
0.44677 0.55323 1
0.387489 0.612511 1
0.0703859 0.929614 1
0.0671173 0.932883 1
0.161305 0.838695 1
0.0221294 0.977871 1
0.0440338 0.955966 1
0.431067 0.568933 1
0.0310331 0.968967 1
0.0387293 0.961271 1
0.0186 0.9814 1
0.749488 0.250512 1
0.0479991 0.952001 1
0.246035 0.753965 1
0.0207926 0.979207 1
0.075778 0.924222 1
0.0108274 0.989173 1
0.0155873 0.984413 1
0.271212 0.728788 1
0.183723 0.816277 1
0.26803 0.73197 1
0.0101837 0.989816 1
0.124599 0.875401 1
0.379342 0.620658 1
0.0296413 0.970359 1
0.0242174 0.975783 1
0.0721534 0.927847 1
0.0231533 0.976847 1
0.0134351 0.986565 1
0.89319 0.10681 1
0.0921922 0.907808 1
0.026044 0.973956 1
0.0879859 0.912014 1
0.0265583 0.973442 1
0.0221588 0.977841 1
0.312902 0.687098 1
0.0226831 0.977317 1
0.0310122 0.968988 1
0.0655396 0.93446 1
0.0163943 0.983606 1
0.0142336 0.985766 1
0.0643267 0.935673 1
0.0264265 0.973574 1
0.744533 0.255467 1
0.0354171 0.964583 1
0.049073 0.950927 1
0.0115534 0.988447 1
0.0470275 0.952972 1
0.353148 0.646852 1
0.172822 0.827178 1
0.0816976 0.918302 1
0.0167399 0.98326 1
0.0240754 0.975925 1
0.0376841 0.962316 1
0.0431827 0.956817 1
0.0232731 0.976727 1
0.0733843 0.926616 1
0.298945 0.701055 1
0.75796 0.24204 1
0.0232047 0.976795 1
0.0264139 0.973586 1
0.699257 0.300743 1
0.317436 0.682564 1
0.442269 0.557731 1
0.0171352 0.982865 1
0.0225512 0.977449 1
0.0520282 0.947972 1
0.0176365 0.982363 1
0.79676 0.20324 1
0.0237598 0.97624 1
0.0909767 0.909023 1
0.0775561 0.922444 1
0.0403763 0.959624 1
0.0279176 0.972082 1
0.0296609 0.970339 1
0.0137485 0.986252 1
0.0377536 0.962246 1
0.0212101 0.97879 1
0.659898 0.340102 1
0.0406044 0.959396 1
0.030914 0.969086 1
0.454569 0.545431 1
0.128992 0.871008 1
0.0526154 0.947385 1
0.051066 0.948934 1
0.0265855 0.973414 1
0.0508771 0.949123 1
0.177071 0.822929 1
0.182058 0.817942 1
0.244784 0.755216 1
0.370216 0.629784 1
0.0403472 0.959653 1
0.0547665 0.945234 1
0.0147854 0.985215 1
0.0672609 0.932739 1
0.0359953 0.964005 1
0.747552 0.252448 1
0.0972248 0.902775 1
0.165888 0.834112 1
0.0264423 0.973558 1
0.0347931 0.965207 1
0.835332 0.164668 1
0.795923 0.204077 1
0.0114828 0.988517 1
0.228447 0.771553 1
0.0387857 0.961214 1
0.0218662 0.978134 1
0.0221443 0.977856 1
0.0133852 0.986615 1
0.0762382 0.923762 1
0.103728 0.896272 1
0.0224679 0.977532 1
0.0316284 0.968372 1
0.62891 0.37109 1
0.0579915 0.942009 1
0.0324723 0.967528 1
0.0418078 0.958192 1
0.0250681 0.974932 1
0.0460368 0.953963 1
0.0155459 0.984454 1
0.933018 0.066982 1
0.00970943 0.990291 1
0.0144848 0.985515 1
0.831568 0.168432 1
0.0805095 0.91949 1
0.0292927 0.970707 1
0.0793595 0.920641 1
0.0153233 0.984677 1
0.0304928 0.969507 1
0.115712 0.884288 1
0.0521497 0.94785 1
0.177342 0.822658 1
0.293004 0.706996 1
0.330366 0.669634 1
0.659346 0.340654 1
0.0160645 0.983935 1
0.0726297 0.92737 1
0.705773 0.294227 1
0.236175 0.763825 1
0.0302498 0.96975 1
0.738502 0.261498 1
0.095374 0.904626 1
0.251204 0.748796 1
0.262987 0.737013 1
0.205413 0.794587 1
0.0449004 0.9551 1
0.111877 0.888124 1
0.084682 0.915318 1
0.0299689 0.970031 1
0.795024 0.204976 1
0.0852456 0.914754 1
0.010578 0.989422 1
0.0369545 0.963046 1
0.271909 0.728091 1
0.0181465 0.981854 1
0.68489 0.31511 1
0.0381682 0.961832 1
0.0201578 0.979842 1
0.0143319 0.985668 1
0.012735 0.987265 1
0.0556323 0.944368 1
0.155674 0.844326 1
0.037644 0.962356 1
0.0462079 0.953792 1
0.0427083 0.957292 1
0.184068 0.815932 1
0.0225434 0.977457 1
0.0293031 0.970697 1
0.236271 0.763729 1
0.0345173 0.965483 1
0.0144041 0.985596 1
0.617762 0.382238 1
0.174906 0.825094 1
0.0298807 0.970119 1
0.0467729 0.953227 1
0.454716 0.545284 1
0.287239 0.712762 1
0.739388 0.260612 1
0.114234 0.885766 1
0.0395621 0.960438 1
0.737828 0.262172 1
0.482359 0.517641 1
0.66839 0.33161 1
0.823801 0.176199 1
0.0109314 0.989069 1
0.133015 0.866985 1
0.582318 0.417682 1
0.011591 0.988409 1
0.606784 0.393216 1
0.0496341 0.950366 1
0.0113379 0.988662 1
0.0859473 0.914053 1
0.387123 0.612877 1
0.0373277 0.962672 1
0.0145804 0.98542 1
0.634832 0.365168 1
0.102888 0.897112 1
0.120192 0.879808 1
0.174576 0.825424 1
0.0120388 0.987961 1
0.0185851 0.981415 1
0.135448 0.864552 1
0.048216 0.951784 1
0.0303223 0.969678 1
0.283279 0.716721 1
0.940508 0.0594923 1
0.636321 0.363679 1
0.198622 0.801378 1
0.266267 0.733733 1
0.0289227 0.971077 1
0.0750491 0.924951 1
0.038492 0.961508 1
0.0805605 0.91944 1
0.193581 0.806419 1
0.0882919 0.911708 1
0.0665709 0.933429 1
0.0264119 0.973588 1
0.0146717 0.985328 1
0.143103 0.856897 1
0.0127793 0.987221 1
0.040191 0.959809 1
0.048406 0.951594 1
0.443039 0.556961 1
0.0148957 0.985104 1
0.0624104 0.93759 1
0.824795 0.175205 1
0.969934 0.0300662 1
0.0259882 0.974012 1
0.0239842 0.976016 1
0.215803 0.784197 1
0.535626 0.464374 1
0.0108752 0.989125 1
0.0190313 0.980969 1
0.695008 0.304992 1
0.411404 0.588596 1
0.0331568 0.966843 1
0.0139898 0.98601 1
0.0413898 0.95861 1
0.0312234 0.968777 1
0.0136361 0.986364 1
0.0136086 0.986391 1
0.0598188 0.940181 1
0.434452 0.565548 1
0.0246372 0.975363 1
0.0464931 0.953507 1
0.204097 0.795903 1
0.474478 0.525522 1
0.0338702 0.96613 1
0.121766 0.878235 1
0.0470902 0.95291 1
0.023821 0.976179 1
0.0181553 0.981845 1
0.0161248 0.983875 1
0.0473216 0.952678 1
0.0910597 0.90894 1
0.0161627 0.983837 1
0.0842768 0.915723 1
0.0123754 0.987625 1
0.0224392 0.977561 1
0.0150469 0.984953 1
0.0279591 0.972041 1
0.0328777 0.967122 1
0.0481135 0.951886 1
0.0136356 0.986364 1
0.94941 0.0505896 1
0.0608537 0.939146 1
0.0233858 0.976614 1
0.0314963 0.968504 1
0.025202 0.974798 1
0.0163536 0.983646 1
0.0587757 0.941224 1
0.556403 0.443597 1
0.176639 0.823361 1
0.0682163 0.931784 1
0.0155791 0.984421 1
0.186289 0.813711 1
0.6351 0.3649 1
0.0450477 0.954952 1
0.0177211 0.982279 1
0.0210814 0.978919 1
0.0288876 0.971112 1
0.127218 0.872782 1
0.488007 0.511993 1
0.0252722 0.974728 1
0.69314 0.30686 1
0.215379 0.784621 1
0.0636411 0.936359 1
0.744134 0.255866 1
0.151885 0.848115 1
0.139948 0.860052 1
0.0144847 0.985515 1
0.361725 0.638275 1
0.0379024 0.962098 1
0.0220677 0.977932 1
0.0139234 0.986077 1
0.115828 0.884172 1
0.44197 0.55803 1
0.041597 0.958403 1
0.00937967 0.99062 1
0.0323967 0.967603 1
0.0377428 0.962257 1
0.328817 0.671183 1
0.473941 0.526059 1
0.0312276 0.968772 1
0.284427 0.715573 1
0.132803 0.867197 1
0.030899 0.969101 1
0.575295 0.424705 1
0.17754 0.82246 1
0.33412 0.66588 1
0.0227209 0.977279 1
0.913304 0.0866956 1
0.134407 0.865593 1
0.149178 0.850821 1
0.0143861 0.985614 1
0.0101478 0.989852 1
0.0307633 0.969237 1
0.0275436 0.972456 1
0.0123482 0.987652 1
0.0145394 0.985461 1
0.0329747 0.967025 1
0.0123272 0.987673 1
0.0266013 0.973399 1
0.238636 0.761364 1
0.020995 0.979005 1
0.0538262 0.946174 1
0.031508 0.968492 1
0.41715 0.58285 1
0.0699479 0.930052 1
0.0314303 0.96857 1
0.586057 0.413943 1
0.051663 0.948337 1
0.173032 0.826968 1
0.0606897 0.93931 1
0.303385 0.696615 1
0.100417 0.899583 1
0.0180426 0.981957 1
0.850066 0.149934 1
0.0486708 0.951329 1
0.0762732 0.923727 1
0.250237 0.749763 1
0.110096 0.889904 1
0.461623 0.538377 1
0.327555 0.672445 1
0.0478652 0.952135 1
0.0181599 0.98184 1
0.0194144 0.980586 1
0.10196 0.89804 1
0.0332719 0.966728 1
0.296064 0.703936 1
0.762806 0.237194 1
0.0566213 0.943379 1
0.134203 0.865797 1
0.0449188 0.955081 1
0.016002 0.983998 1
0.0560796 0.94392 1
0.178012 0.821988 1
0.777571 0.222429 1
0.528367 0.471633 1
0.239514 0.760486 1
0.12808 0.87192 1
0.0685729 0.931427 1
0.182487 0.817513 1
0.0549392 0.945061 1
0.0161272 0.983873 1
0.0307912 0.969209 1
0.0513166 0.948683 1
0.0526453 0.947355 1
0.736738 0.263262 1
0.0135765 0.986424 1
0.0409791 0.959021 1
0.289479 0.710521 1
0.309885 0.690115 1
0.0325757 0.967424 1
0.936659 0.0633411 1
0.0339342 0.966066 1
0.129027 0.870973 1
0.54081 0.45919 1
0.00961082 0.990389 1
0.240769 0.759231 1
