0.980193 0.0198069 0
0.980979 0.019021 0
0.946673 0.0533266 0
0.963623 0.0363771 0
0.459701 0.540299 0
0.982097 0.0179029 0
0.950207 0.0497932 0
0.944065 0.0559351 0
0.944715 0.0552854 0
0.750862 0.249137 0
0.948194 0.0518065 0
0.931632 0.0683683 0
0.930907 0.0690932 0
0.710173 0.289827 0
0.918741 0.0812592 0
0.879581 0.120419 0
0.092101 0.907899 0
0.861339 0.138661 0
0.237362 0.762638 0
0.95126 0.04874 0
0.953864 0.0461356 0
0.948368 0.0516322 0
0.980049 0.0199515 0
0.66394 0.33606 0
0.874358 0.125642 0
0.964624 0.0353758 0
0.990097 0.00990286 0
0.945557 0.0544431 0
0.886668 0.113332 0
0.929367 0.0706331 0
0.913236 0.086764 0
0.43242 0.56758 0
0.890908 0.109092 0
0.988511 0.0114894 0
0.366099 0.633901 0
0.963202 0.036798 0
0.985462 0.0145377 0
0.59083 0.40917 0
0.954803 0.045197 0
0.976781 0.0232193 0
0.91949 0.0805096 0
0.886445 0.113555 0
0.957081 0.0429193 0
0.668331 0.331669 0
0.967407 0.0325934 0
0.979169 0.0208313 0
0.974334 0.0256662 0
0.833385 0.166615 0
0.98474 0.0152597 0
0.902774 0.0972258 0
0.840091 0.159909 0
0.961766 0.038234 0
0.840866 0.159134 0
0.977001 0.0229987 0
0.952871 0.0471289 0
0.979471 0.0205291 0
0.98751 0.0124903 0
0.896567 0.103433 0
0.738065 0.261936 0
0.91767 0.0823296 0
0.0197012 0.980299 0
0.985322 0.0146776 0
0.43141 0.56859 0
0.955757 0.0442428 0
0.551905 0.448095 0
0.978801 0.0211989 0
0.237777 0.762223 0
0.965311 0.0346892 0
0.549767 0.450233 0
0.990549 0.00945107 0
0.985196 0.0148044 0
0.894871 0.105129 0
0.958198 0.041802 0
0.918818 0.081182 0
0.150415 0.849585 0
0.93178 0.0682204 0
0.985043 0.0149573 0
0.959057 0.0409433 0
0.981927 0.0180728 0
0.780056 0.219944 0
0.957341 0.042659 0
0.982622 0.017378 0
0.985419 0.0145805 0
0.65213 0.34787 0
0.556888 0.443113 0
0.956416 0.0435844 0
0.816337 0.183663 0
0.884493 0.115507 0
0.68729 0.31271 0
0.858132 0.141868 0
0.89551 0.10449 0
0.969326 0.0306743 0
0.989501 0.0104988 0
0.968348 0.031652 0
0.975026 0.0249738 0
0.960459 0.0395408 0
0.989959 0.010041 0
0.899174 0.100826 0
0.896059 0.103941 0
0.977608 0.0223915 0
0.816739 0.183261 0
0.973422 0.0265784 0
0.98765 0.0123496 0
0.977508 0.0224917 0
0.991631 0.00836893 0
0.57666 0.42334 0
0.927876 0.0721239 0
0.887931 0.112069 0
0.967931 0.0320687 0
0.985159 0.0148405 0
0.846536 0.153464 0
0.984235 0.0157654 0
0.0957709 0.904229 0
0.956794 0.0432064 0
0.987868 0.0121319 0
0.912976 0.0870237 0
0.755978 0.244022 0
0.572748 0.427252 0
0.263395 0.736605 0
0.0298021 0.970198 0
0.859973 0.140027 0
0.800599 0.199401 0
0.940977 0.0590232 0
0.987747 0.0122528 0
0.985988 0.0140119 0
0.923875 0.0761245 0
0.872308 0.127692 0
0.953596 0.0464039 0
0.239821 0.760179 0
0.986591 0.0134089 0
0.00855239 0.991448 0
0.77172 0.22828 0
0.957342 0.0426576 0
0.959634 0.0403658 0
0.990816 0.00918348 0
0.992505 0.00749445 0
0.762113 0.237887 0
0.991362 0.0086376 0
0.971995 0.0280046 0
0.932993 0.0670065 0
0.97167 0.0283296 0
0.964931 0.0350689 0
0.939076 0.0609237 0
0.980411 0.0195887 0
0.932813 0.0671872 0
0.970686 0.0293144 0
0.983624 0.0163765 0
0.939298 0.0607024 0
0.927338 0.072662 0
0.380564 0.619436 0
0.957891 0.0421085 0
0.862745 0.137255 0
0.980747 0.019253 0
0.695441 0.304559 0
0.556934 0.443066 0
0.763598 0.236402 0
0.954004 0.045996 0
0.575448 0.424552 0
0.752146 0.247854 0
0.865458 0.134542 0
0.96319 0.0368103 0
0.952023 0.0479768 0
0.986696 0.0133043 0
0.989077 0.0109234 0
0.935719 0.064281 0
0.820361 0.179639 0
0.821945 0.178055 0
0.983578 0.0164217 0
0.97694 0.0230603 0
0.985354 0.0146463 0
0.964774 0.0352257 0
0.201133 0.798867 0
0.071498 0.928502 0
0.969242 0.0307583 0
0.961476 0.0385237 0
0.8754 0.1246 0
0.06998 0.93002 0
0.864799 0.135201 0
0.926379 0.0736214 0
0.804282 0.195718 0
0.967135 0.0328647 0
0.983924 0.0160761 0
0.963047 0.036953 0
0.414715 0.585285 0
0.529323 0.470677 0
0.45658 0.54342 0
0.989213 0.0107875 0
0.0291714 0.970829 0
0.698691 0.301309 0
0.964921 0.0350795 0
0.982566 0.0174338 0
0.956579 0.0434211 0
0.934934 0.0650664 0
0.952614 0.0473861 0
0.986085 0.0139146 0
0.988002 0.0119977 0
0.982704 0.0172956 0
0.638271 0.361729 0
0.978877 0.0211226 0
0.863786 0.136214 0
0.967144 0.0328556 0
0.972457 0.027543 0
0.813974 0.186026 0
0.982946 0.0170538 0
0.479438 0.520562 0
0.944028 0.0559718 0
0.987591 0.0124088 0
0.965812 0.0341881 0
0.973063 0.0269366 0
0.528236 0.471764 0
0.712355 0.287645 0
0.0983341 0.901666 0
0.963956 0.0360445 0
0.942503 0.0574969 0
0.966173 0.0338265 0
0.953979 0.0460209 0
0.10245 0.89755 0
0.978399 0.021601 0
0.795885 0.204115 0
0.8107 0.1893 0
0.988815 0.0111851 0
0.967061 0.0329388 0
0.991986 0.0080141 0
0.829571 0.170429 0
0.971512 0.0284875 0
0.858541 0.141459 0
0.0434398 0.95656 0
0.987296 0.0127036 0
0.559164 0.440836 0
0.929235 0.0707651 0
0.278555 0.721445 0
0.858306 0.141694 0
0.82307 0.17693 0
0.985631 0.0143694 0
0.967471 0.0325291 0
0.983548 0.0164524 0
0.977982 0.0220182 0
0.718269 0.281731 0
0.988935 0.0110648 0
0.984862 0.0151381 0
0.185539 0.814461 0
0.822553 0.177447 0
0.419867 0.580133 0
0.988705 0.0112947 0
0.887687 0.112313 0
0.797883 0.202117 0
0.973548 0.0264516 0
0.984018 0.0159821 0
0.825026 0.174974 0
0.570997 0.429003 0
0.395779 0.604221 0
0.985736 0.0142642 0
0.976528 0.0234719 0
0.786506 0.213494 0
0.538419 0.461581 0
0.574437 0.425563 0
0.979927 0.0200727 0
0.168075 0.831925 0
0.15756 0.84244 0
0.92731 0.0726902 0
0.821903 0.178097 0
0.113233 0.886766 0
0.979432 0.0205675 0
0.812451 0.187549 0
0.970009 0.029991 0
0.926295 0.0737054 0
0.897484 0.102516 0
0.98249 0.0175102 0
0.868755 0.131245 0
0.987891 0.0121092 0
0.955106 0.0448936 0
0.154974 0.845026 0
0.969093 0.030907 0
0.681611 0.318389 0
0.986412 0.013588 0
0.950442 0.0495579 0
0.972854 0.0271459 0
0.97308 0.02692 0
0.973855 0.0261447 0
0.218222 0.781778 0
0.950461 0.0495394 0
0.622148 0.377852 0
0.983036 0.0169641 0
0.97464 0.0253597 0
0.873597 0.126403 0
0.914589 0.0854111 0
0.988072 0.0119281 0
0.982143 0.0178572 0
0.973805 0.0261951 0
0.872468 0.127532 0
0.225239 0.774761 0
0.983719 0.0162808 0
0.116549 0.883451 0
0.867316 0.132684 0
0.925556 0.074444 0
0.978142 0.0218575 0
0.986306 0.0136936 0
0.921573 0.0784275 0
0.976101 0.0238992 0
0.987938 0.0120622 0
0.772163 0.227837 0
0.973678 0.0263218 0
0.970314 0.0296858 0
0.986621 0.0133788 0
0.887966 0.112034 0
0.977084 0.0229159 0
0.505558 0.494442 0
0.975321 0.0246786 0
0.985738 0.0142619 0
0.982147 0.017853 0
0.977931 0.022069 0
0.853944 0.146056 0
0.959332 0.0406677 0
0.974486 0.0255142 0
0.863936 0.136064 0
0.961791 0.0382089 0
0.757822 0.242178 0
0.598382 0.401618 0
0.767974 0.232026 0
0.674396 0.325604 0
0.977943 0.0220568 0
0.920019 0.0799806 0
0.916978 0.0830221 0
0.979173 0.0208272 0
0.171331 0.828669 0
0.968249 0.0317507 0
0.94076 0.0592396 0
0.977844 0.0221555 0
0.981833 0.0181673 0
0.454647 0.545353 0
0.958881 0.0411195 0
0.916895 0.0831053 0
0.976531 0.023469 0
0.985119 0.0148811 0
0.954837 0.0451629 0
0.973133 0.0268671 0
0.838361 0.161639 0
0.977615 0.022385 0
0.781973 0.218027 0
0.510053 0.489947 0
0.977231 0.0227688 0
0.663666 0.336334 0
0.988455 0.0115454 0
0.990233 0.00976663 0
0.953352 0.0466484 0
0.987675 0.0123255 0
0.975666 0.0243341 0
0.583084 0.416916 0
0.853756 0.146244 0
0.763824 0.236176 0
0.924891 0.0751088 0
0.315119 0.684881 0
0.973477 0.0265228 0
0.986889 0.0131108 0
0.98274 0.0172601 0
0.955298 0.0447024 0
0.983821 0.0161787 0
0.970509 0.0294906 0
0.970025 0.0299751 0
0.592192 0.407809 0
0.949634 0.0503658 0
0.96889 0.0311097 0
0.506825 0.493175 0
0.988892 0.0111076 0
0.976583 0.0234173 0
0.807766 0.192234 0
0.988779 0.0112209 0
0.975092 0.0249078 0
0.951388 0.0486119 0
0.970594 0.0294057 0
0.94912 0.0508797 0
0.977063 0.0229374 0
0.813208 0.186792 0
0.153005 0.846996 0
0.930913 0.069087 0
0.981013 0.0189873 0
0.984114 0.0158861 0
0.963148 0.0368519 0
0.57508 0.42492 0
0.896183 0.103817 0
0.97463 0.0253697 0
0.942829 0.0571711 0
0.831135 0.168865 0
0.959384 0.0406163 0
0.979472 0.0205282 0
0.953829 0.0461711 0
0.962103 0.0378971 0
0.984698 0.0153018 0
0.0108323 0.989168 0
0.973473 0.0265273 0
0.0994997 0.9005 0
0.859202 0.140798 0
0.914637 0.0853628 0
0.988689 0.0113106 0
0.979766 0.0202343 0
0.953897 0.0461027 0
0.977723 0.0222774 0
0.977971 0.0220285 0
0.961515 0.0384846 0
0.508703 0.491297 0
0.943124 0.0568763 0
0.927059 0.0729414 0
0.970903 0.0290972 0
0.912879 0.0871209 0
0.98162 0.0183798 0
0.776765 0.223235 0
0.967779 0.0322207 0
0.890814 0.109186 0
0.696629 0.303371 0
0.979606 0.0203938 0
0.953176 0.0468237 0
0.761533 0.238467 0
0.978133 0.0218669 0
0.569518 0.430482 0
0.587364 0.412636 0
0.0283946 0.971605 0
0.918534 0.0814663 0
0.897452 0.102548 0
0.980851 0.019149 0
0.887812 0.112188 0
0.979166 0.0208345 0
0.84594 0.15406 0
0.445968 0.554032 0
0.842806 0.157194 0
0.487762 0.512238 0
0.88332 0.11668 0
0.82607 0.17393 0
0.935043 0.0649574 0
0.65748 0.34252 0
0.971607 0.0283925 0
0.77377 0.22623 0
0.899127 0.100873 0
0.00852255 0.991477 0
0.955645 0.0443553 0
0.963891 0.0361092 0
0.981224 0.0187762 0
0.917067 0.0829325 0
0.960137 0.0398627 0
0.925601 0.0743986 0
0.704891 0.295109 0
0.874303 0.125697 0
0.937141 0.0628592 0
0.663122 0.336879 0
0.980576 0.0194242 0
0.587198 0.412802 0
0.700252 0.299748 0
0.971769 0.0282306 0
0.9327 0.0672997 0
0.989751 0.0102489 0
0.959155 0.040845 0
0.981854 0.018146 0
0.984896 0.0151037 0
0.343435 0.656565 0
0.96451 0.0354902 0
0.979513 0.0204873 0
0.988766 0.0112344 0
0.975144 0.0248556 0
0.989882 0.0101181 0
0.962749 0.0372507 0
0.793947 0.206053 0
0.954999 0.045001 0
0.973794 0.0262062 0
0.968996 0.0310042 0
0.0212326 0.978767 0
0.986011 0.0139895 0
0.937839 0.0621611 0
0.680158 0.319842 0
0.976936 0.023064 0
0.757412 0.242588 0
0.983443 0.0165564 0
0.922493 0.0775074 0
0.691445 0.308555 0
0.972423 0.0275767 0
0.948914 0.0510859 0
0.967108 0.0328922 0
0.984207 0.0157928 0
0.63693 0.36307 0
0.946028 0.0539717 0
0.58417 0.41583 0
0.948191 0.0518096 0
0.956711 0.0432891 0
0.0624212 0.937579 0
0.983492 0.0165078 0
0.147968 0.852032 0
0.96626 0.0337401 0
0.212412 0.787588 0
0.965344 0.0346563 0
0.354385 0.645616 0
0.76097 0.23903 0
0.982376 0.0176239 0
0.965956 0.0340444 0
0.916578 0.0834219 0
0.968942 0.0310584 0
0.973724 0.0262759 0
0.95714 0.0428601 0
0.367356 0.632644 0
0.983502 0.0164978 0
0.976905 0.0230945 0
0.958759 0.0412405 0
0.693045 0.306955 0
0.954658 0.0453422 0
0.803372 0.196628 0
0.969245 0.0307545 0
0.989133 0.0108666 0
0.955136 0.0448639 0
0.959396 0.0406043 0
0.990763 0.00923706 0
0.990627 0.00937338 0
0.97391 0.0260902 0
0.977876 0.0221237 0
0.971357 0.0286425 0
0.832067 0.167933 0
0.988157 0.0118434 0
0.962369 0.037631 0
0.909641 0.0903588 0
0.977052 0.0229483 0
0.773267 0.226733 0
0.366588 0.633412 0
0.98887 0.0111302 0
0.557317 0.442683 0
0.982626 0.0173744 0
0.112383 0.887617 0
0.893222 0.106778 0
0.975501 0.0244988 0
0.315801 0.684199 0
0.979506 0.0204938 0
0.980319 0.0196806 0
0.957003 0.0429974 0
0.974787 0.025213 0
0.916114 0.0838861 0
0.980784 0.0192162 0
0.92634 0.0736598 0
0.699127 0.300873 0
0.986701 0.0132986 0
0.960131 0.0398689 0
0.909251 0.0907491 0
0.969285 0.0307152 0
0.97565 0.0243499 0
0.988192 0.0118077 0
0.356736 0.643264 0
0.901586 0.0984143 0
0.262179 0.737821 0
0.877023 0.122977 0
0.952722 0.0472778 0
0.930375 0.0696248 0
0.968093 0.0319066 0
0.913824 0.0861764 0
0.88708 0.11292 0
0.841663 0.158337 0
0.386235 0.613765 0
0.979705 0.0202954 0
0.970421 0.0295795 0
0.020205 0.979795 0
0.0501647 0.949835 0
0.962435 0.037565 0
0.972619 0.0273808 0
0.983997 0.0160033 0
0.876908 0.123092 0
0.96621 0.0337896 0
0.953431 0.0465686 0
0.974202 0.0257977 0
0.593564 0.406436 0
0.917394 0.0826063 0
0.972892 0.0271084 0
0.941519 0.0584808 0
0.974065 0.0259348 0
0.0333467 0.966653 0
0.987452 0.012548 0
0.917844 0.0821556 0
0.934084 0.0659156 0
0.984405 0.0155952 0
0.977989 0.0220107 0
0.690317 0.309683 0
0.90923 0.09077 0
0.88107 0.11893 0
0.984778 0.0152217 0
0.975482 0.0245177 0
0.987015 0.0129854 0
0.884116 0.115884 0
0.98088 0.0191196 0
0.699072 0.300928 0
0.983696 0.016304 0
0.909326 0.0906735 0
0.958072 0.0419276 0
0.922216 0.0777837 0
0.935938 0.0640619 0
0.95604 0.04396 0
0.882419 0.117581 0
0.98575 0.0142498 0
0.182368 0.817632 0
0.45838 0.54162 0
0.934006 0.0659943 0
0.993683 0.00631756 0
0.987489 0.0125113 0
0.842939 0.157061 0
0.92477 0.0752304 0
0.98446 0.01554 0
0.756075 0.243925 0
0.829617 0.170383 0
0.979112 0.0208881 0
0.990624 0.00937645 0
0.969597 0.0304026 0
0.345142 0.654859 0
0.0333635 0.966637 0
0.982483 0.0175169 0
0.216818 0.783182 0
0.990261 0.0097386 0
0.958126 0.0418742 0
0.978089 0.0219114 0
0.983442 0.016558 0
0.928964 0.0710355 0
0.980745 0.0192547 0
0.859227 0.140773 0
0.29599 0.70401 0
0.743089 0.256911 0
0.344598 0.655402 0
0.780964 0.219035 0
0.977364 0.0226362 0
0.618825 0.381175 0
0.574176 0.425824 0
0.967734 0.0322657 0
0.989028 0.0109716 0
0.721952 0.278048 0
0.916421 0.0835786 0
0.0313591 0.968641 0
0.969781 0.0302195 0
0.725292 0.274707 0
0.983541 0.016459 0
0.0793436 0.920656 0
0.97653 0.0234699 0
0.976601 0.0233989 0
0.609341 0.390659 0
0.986721 0.0132793 0
0.682065 0.317935 0
0.818329 0.181671 0
0.28453 0.715469 0
0.979732 0.0202684 0
0.77071 0.22929 0
0.528013 0.471987 0
0.981817 0.0181832 0
0.978141 0.0218591 0
0.835754 0.164246 0
0.874281 0.125719 0
0.827298 0.172702 0
0.990471 0.00952902 0
0.963214 0.0367861 0
0.93885 0.0611506 0
0.498884 0.501116 0
0.990447 0.00955311 0
0.988074 0.0119257 0
0.978781 0.0212189 0
0.976132 0.0238679 0
0.967933 0.0320672 0
0.961674 0.0383263 0
0.956104 0.0438961 0
0.905549 0.0944514 0
0.291676 0.708324 0
0.967204 0.0327964 0
0.979079 0.0209214 0
0.358613 0.641387 0
0.959128 0.0408725 0
0.965904 0.0340963 0
0.991369 0.00863135 0
0.987363 0.0126369 0
0.923262 0.076738 0
0.507941 0.492059 0
0.0430084 0.956992 0
0.984715 0.0152849 0
0.964955 0.0350451 0
0.981294 0.0187064 0
0.925846 0.0741541 0
0.963997 0.0360029 0
0.807045 0.192954 0
0.625864 0.374137 0
0.969847 0.0301529 0
0.942079 0.0579206 0
0.90862 0.0913796 0
0.901731 0.0982693 0
0.925322 0.0746782 0
0.477828 0.522172 0
0.785874 0.214126 0
0.492017 0.507983 0
0.896415 0.103585 0
0.585406 0.414594 0
0.919655 0.0803447 0
0.91632 0.0836798 0
0.970704 0.029296 0
0.870789 0.129211 0
0.973429 0.0265708 0
0.89504 0.10496 0
0.925518 0.0744819 0
0.707064 0.292936 0
0.968154 0.0318457 0
0.982886 0.0171137 0
0.973132 0.0268683 0
0.867352 0.132648 0
0.988432 0.0115682 0
0.933658 0.066342 0
0.976047 0.0239534 0
0.884452 0.115548 0
0.807252 0.192748 0
0.989492 0.0105076 0
0.769045 0.230955 0
0.978057 0.0219435 0
0.978897 0.021103 0
0.823144 0.176856 0
0.960569 0.0394305 0
0.978048 0.0219517 0
0.839286 0.160714 0
0.909719 0.0902809 0
0.923261 0.0767391 0
0.974233 0.0257675 0
0.853987 0.146013 0
0.924732 0.075268 0
0.948712 0.051288 0
0.550574 0.449426 0
0.680246 0.319754 0
0.929987 0.0700125 0
0.980297 0.0197032 0
0.879903 0.120097 0
0.771045 0.228955 0
0.979993 0.020007 0
0.9822 0.0178 0
0.297254 0.702746 0
0.0539684 0.946032 0
0.984743 0.0152569 0
0.990735 0.00926513 0
0.342424 0.657576 0
0.988805 0.0111949 0
0.851701 0.1483 0
0.974287 0.0257135 0
0.897798 0.102202 0
0.922064 0.0779364 0
0.986899 0.013101 0
0.992743 0.00725664 0
0.901779 0.0982215 0
0.732895 0.267105 0
0.788344 0.211656 0
0.983659 0.0163409 0
0.893836 0.106164 0
0.96047 0.0395302 0
0.697696 0.302304 0
0.953059 0.0469413 0
0.812448 0.187552 0
0.855064 0.144936 0
0.838843 0.161157 0
0.252743 0.747257 0
0.9775 0.0225001 0
0.857541 0.142459 0
0.741451 0.258549 0
0.913403 0.0865966 0
0.696274 0.303726 0
0.252035 0.747965 0
0.782601 0.2174 0
0.963541 0.0364589 0
0.940783 0.0592167 0
0.884167 0.115833 0
0.980765 0.0192354 0
0.936285 0.0637146 0
0.984462 0.0155384 0
0.894727 0.105273 0
0.956758 0.0432416 0
0.967103 0.0328969 0
0.956887 0.0431126 0
0.345367 0.654633 0
0.883373 0.116627 0
0.985005 0.0149949 0
0.97775 0.0222503 0
0.952957 0.0470426 0
0.969867 0.0301329 0
0.254092 0.745908 0
0.904039 0.0959614 0
0.967155 0.0328449 0
0.974373 0.0256267 0
0.858524 0.141476 0
0.979589 0.0204107 0
0.983676 0.0163245 0
0.975704 0.0242958 0
0.983395 0.0166045 0
0.0539349 0.946065 0
0.5604 0.4396 0
0.91953 0.08047 0
0.968878 0.0311219 0
0.973404 0.0265963 0
0.958138 0.0418617 0
0.679641 0.320359 0
0.414312 0.585688 0
0.981712 0.0182879 0
0.812075 0.187926 0
0.983444 0.0165559 0
0.334059 0.665941 0
0.957174 0.0428258 0
0.7391 0.2609 0
0.970373 0.029627 0
0.71331 0.28669 0
0.944337 0.0556626 0
0.987821 0.0121795 0
0.909534 0.0904658 0
0.760057 0.239943 0
0.983957 0.0160432 0
0.629094 0.370906 0
0.864112 0.135888 0
0.92777 0.0722297 0
0.513522 0.486478 0
0.988578 0.0114222 0
0.943706 0.0562938 0
0.949336 0.0506638 0
0.975636 0.0243638 0
0.892817 0.107183 0
0.99052 0.00947949 0
0.987194 0.0128055 0
0.990681 0.00931892 0
0.934553 0.0654467 0
0.885358 0.114642 0
0.91141 0.0885901 0
0.281084 0.718916 0
0.969616 0.0303839 0
0.968887 0.0311131 0
0.978498 0.021502 0
0.976776 0.0232244 0
0.975454 0.024546 0
0.977195 0.0228046 0
0.885771 0.114229 0
0.456739 0.543261 0
0.967131 0.0328689 0
0.914733 0.0852673 0
0.753295 0.246706 0
0.938141 0.061859 0
0.86253 0.13747 0
0.904563 0.0954368 0
0.968781 0.031219 0
0.956683 0.0433168 0
0.959152 0.0408477 0
0.933932 0.0660677 0
0.918514 0.0814857 0
0.900147 0.0998531 0
0.972723 0.0272766 0
0.989551 0.010449 0
0.969215 0.0307846 0
0.913757 0.0862428 0
0.97682 0.0231804 0
0.798867 0.201133 0
0.969521 0.0304791 0
0.890113 0.109887 0
0.982746 0.0172539 0
0.960022 0.0399776 0
0.926073 0.0739269 0
0.838192 0.161809 0
0.923261 0.0767386 0
0.841206 0.158794 0
0.959096 0.0409043 0
0.158047 0.841953 0
0.971394 0.0286057 0
0.878175 0.121825 0
0.969612 0.0303879 0
0.985709 0.0142907 0
0.988152 0.0118482 0
0.289046 0.710954 0
0.943312 0.0566883 0
0.696161 0.303839 0
0.981967 0.0180327 0
0.918268 0.0817323 0
0.982683 0.0173166 0
0.865828 0.134172 0
0.609008 0.390992 0
0.964133 0.0358671 0
0.967371 0.0326289 0
0.936499 0.0635007 0
0.359087 0.640913 0
0.773239 0.226761 0
0.68417 0.31583 0
0.953187 0.0468126 0
0.975374 0.0246262 0
0.900432 0.099568 0
0.847588 0.152412 0
0.608335 0.391665 0
0.899193 0.100807 0
0.98471 0.0152904 0
0.873598 0.126402 0
0.971823 0.0281774 0
0.981692 0.0183081 0
0.903022 0.0969776 0
0.929025 0.0709749 0
0.7042 0.2958 0
0.60314 0.39686 0
0.97759 0.0224101 0
0.93963 0.0603699 0
0.980499 0.0195014 0
0.845865 0.154135 0
0.589233 0.410767 0
0.97048 0.0295201 0
0.992452 0.00754812 0
0.949154 0.0508465 0
0.634151 0.365849 0
0.940294 0.059706 0
0.734969 0.265031 0
0.975998 0.024002 0
0.965904 0.0340959 0
0.977739 0.0222613 0
0.152188 0.847812 0
0.972963 0.0270368 0
0.473683 0.526317 0
0.777962 0.222038 0
0.95905 0.0409503 0
0.989401 0.0105992 0
0.97858 0.0214198 0
0.913865 0.0861347 0
0.744157 0.255843 0
0.945631 0.0543691 0
0.712504 0.287496 0
0.973199 0.0268014 0
0.980433 0.0195675 0
0.988539 0.0114615 0
0.754122 0.245878 0
0.983868 0.0161322 0
0.98559 0.0144096 0
0.928415 0.0715851 0
0.961503 0.0384966 0
0.988665 0.0113349 0
0.945072 0.0549278 0
0.984138 0.0158621 0
0.958403 0.041597 0
0.702835 0.297165 0
0.896884 0.103116 0
0.882566 0.117434 0
0.874222 0.125778 0
0.954679 0.0453213 0
0.968895 0.0311049 0
0.986163 0.0138371 0
0.966776 0.033224 0
0.917364 0.0826357 0
0.974617 0.0253832 0
0.804947 0.195053 0
0.97744 0.0225601 0
0.990094 0.00990592 0
0.987909 0.0120908 0
0.94915 0.0508498 0
0.983752 0.0162476 0
0.500167 0.499833 0
0.507675 0.492325 0
0.989325 0.0106752 0
0.956887 0.0431131 0
0.984151 0.0158488 0
0.633778 0.366222 0
0.980937 0.0190634 0
0.870309 0.129691 0
0.984555 0.0154451 0
0.730459 0.269541 0
0.986251 0.0137491 0
0.987952 0.0120477 0
0.966109 0.033891 0
0.831759 0.168241 0
0.972419 0.0275811 0
0.979647 0.0203526 0
0.654318 0.345682 0
0.987993 0.0120067 0
0.984688 0.0153123 0
0.973485 0.026515 0
0.978708 0.0212922 0
0.774849 0.225151 0
0.776146 0.223854 0
0.984507 0.0154926 0
0.887382 0.112618 0
0.703754 0.296246 0
0.972249 0.0277511 0
0.68928 0.31072 0
0.828147 0.171853 0
0.914524 0.0854758 0
0.959921 0.0400791 0
0.942392 0.0576081 0
0.0713458 0.928654 0
0.290135 0.709864 0
0.828102 0.171898 0
0.817948 0.182051 0
0.832819 0.167181 0
0.947278 0.052722 0
0.885671 0.114329 0
0.986913 0.0130868 0
0.955675 0.0443248 0
0.966737 0.0332632 0
0.970146 0.0298543 0
0.0163357 0.983664 0
0.666719 0.333281 0
0.128624 0.871376 0
0.72166 0.27834 0
0.985638 0.0143622 0
0.983461 0.0165386 0
0.985827 0.0141728 0
0.986585 0.0134147 0
0.706392 0.293608 0
0.948249 0.0517511 0
0.23756 0.76244 0
0.0419325 0.958067 0
0.977448 0.0225518 0
0.847057 0.152943 0
0.439374 0.560626 0
0.982815 0.0171851 0
0.237727 0.762273 0
0.966672 0.0333284 0
0.862533 0.137467 0
0.00820276 0.991797 1
0.100304 0.899696 1
0.721337 0.278663 1
0.0172329 0.982767 1
0.0683028 0.931697 1
0.150548 0.849452 1
0.0661575 0.933842 1
0.0210623 0.978938 1
0.472158 0.527842 1
0.130552 0.869448 1
0.0131583 0.986842 1
0.851584 0.148416 1
0.0117714 0.988229 1
0.222354 0.777646 1
0.0106583 0.989342 1
0.114968 0.885032 1
0.218398 0.781602 1
0.0230897 0.97691 1
0.144764 0.855236 1
0.670974 0.329026 1
0.045418 0.954582 1
0.0150672 0.984933 1
0.0417432 0.958257 1
0.111755 0.888245 1
0.0121688 0.987831 1
0.0633683 0.936632 1
0.0364111 0.963589 1
0.0202341 0.979766 1
0.0470715 0.952929 1
0.0248112 0.975189 1
0.0373037 0.962696 1
0.0315631 0.968437 1
0.106439 0.893561 1
0.00733472 0.992665 1
0.106924 0.893076 1
0.0192065 0.980793 1
0.041995 0.958005 1
0.0159019 0.984098 1
0.011022 0.988978 1
0.0597492 0.940251 1
0.0793219 0.920678 1
0.189054 0.810946 1
0.0116026 0.988397 1
0.629934 0.370066 1
0.00961376 0.990386 1
0.0380424 0.961958 1
0.00924391 0.990756 1
0.472346 0.527654 1
0.409446 0.590554 1
0.86343 0.13657 1
0.0154396 0.98456 1
0.0452524 0.954748 1
0.746498 0.253502 1
0.00945263 0.990547 1
0.459756 0.540244 1
0.436709 0.563291 1
0.0311416 0.968858 1
0.028406 0.971594 1
0.0893467 0.910653 1
0.157257 0.842743 1
0.2585 0.7415 1
0.107274 0.892726 1
0.00940708 0.990593 1
0.00987328 0.990127 1
0.0259953 0.974005 1
0.526418 0.473582 1
0.0302999 0.9697 1
0.141016 0.858984 1
0.0540399 0.94596 1
0.0163371 0.983663 1
0.0279762 0.972024 1
0.0304816 0.969518 1
0.0443437 0.955656 1
0.351631 0.648369 1
0.918733 0.0812665 1
0.100224 0.899776 1
0.00983429 0.990166 1
0.134903 0.865097 1
0.0050288 0.994971 1
0.0129239 0.987076 1
0.0155526 0.984447 1
0.0988992 0.901101 1
0.822087 0.177913 1
0.00631149 0.993689 1
0.598758 0.401242 1
0.0742938 0.925706 1
0.046806 0.953194 1
0.0132406 0.986759 1
0.17417 0.82583 1
0.223505 0.776495 1
0.0459455 0.954054 1
0.00520519 0.994795 1
0.110349 0.889651 1
0.119986 0.880014 1
0.0101546 0.989846 1
0.0167421 0.983258 1
0.00482635 0.995174 1
0.786298 0.213702 1
0.0695644 0.930436 1
0.354491 0.645509 1
0.0186546 0.981345 1
0.0471415 0.952859 1
0.686769 0.313231 1
0.0168744 0.983126 1
0.0272708 0.972729 1
0.341225 0.658775 1
0.0333744 0.966626 1
0.0462575 0.953742 1
0.061014 0.938986 1
0.112201 0.887799 1
0.0184804 0.98152 1
0.0192079 0.980792 1
0.631178 0.368822 1
0.0236835 0.976317 1
0.306304 0.693696 1
0.0136526 0.986347 1
0.00656429 0.993436 1
0.0159343 0.984066 1
0.0241528 0.975847 1
0.041193 0.958807 1
0.103584 0.896416 1
0.0421804 0.95782 1
0.025064 0.974936 1
0.286429 0.713571 1
0.0143541 0.985646 1
0.193521 0.80648 1
0.976081 0.0239191 1
0.00870022 0.9913 1
0.00753847 0.992462 1
0.0576152 0.942385 1
0.0063354 0.993665 1
0.0306566 0.969343 1
0.0197234 0.980277 1
0.0208373 0.979163 1
0.0266306 0.973369 1
0.028428 0.971572 1
0.0104768 0.989523 1
0.0076217 0.992378 1
0.00657269 0.993427 1
0.266404 0.733596 1
0.00480484 0.995195 1
0.0885535 0.911447 1
0.0902466 0.909753 1
0.413532 0.586468 1
0.0401356 0.959864 1
0.0378228 0.962177 1
0.0411077 0.958892 1
0.0103388 0.989661 1
0.173021 0.826979 1
0.731166 0.268834 1
0.00926693 0.990733 1
0.00986095 0.990139 1
0.00866756 0.991332 1
0.0100278 0.989972 1
0.675552 0.324448 1
0.371265 0.628735 1
0.112459 0.887541 1
0.0358194 0.964181 1
0.277928 0.722072 1
0.0338402 0.96616 1
0.047648 0.952352 1
0.0529878 0.947012 1
0.0475891 0.952411 1
0.0216357 0.978364 1
0.0553645 0.944636 1
0.0420469 0.957953 1
0.933595 0.0664053 1
0.923865 0.0761345 1
0.0337144 0.966286 1
0.038063 0.961937 1
0.00665513 0.993345 1
0.0438223 0.956178 1
0.839063 0.160937 1
0.113627 0.886373 1
0.283563 0.716437 1
0.0272604 0.97274 1
0.0943299 0.90567 1
0.821905 0.178095 1
0.0107354 0.989265 1
0.2076 0.7924 1
0.0353872 0.964613 1
0.841549 0.158451 1
0.00753474 0.992465 1
0.0196269 0.980373 1
0.382551 0.617449 1
0.0689537 0.931046 1
0.0556572 0.944343 1
0.380489 0.619511 1
0.0223578 0.977642 1
0.310344 0.689656 1
0.0162706 0.983729 1
0.152428 0.847572 1
0.596385 0.403615 1
0.141989 0.858011 1
0.433113 0.566887 1
0.746699 0.253301 1
0.257651 0.742349 1
0.0248103 0.97519 1
0.0160268 0.983973 1
0.157177 0.842823 1
0.0499313 0.950069 1
0.0561729 0.943827 1
0.0136637 0.986336 1
0.0456968 0.954303 1
0.156236 0.843764 1
0.00902298 0.990977 1
0.0066619 0.993338 1
0.426681 0.573319 1
0.18203 0.81797 1
0.0258923 0.974108 1
0.0130385 0.986961 1
0.00750965 0.99249 1
0.847061 0.152939 1
0.275269 0.724731 1
0.042148 0.957852 1
0.00871836 0.991282 1
0.547632 0.452368 1
0.074552 0.925448 1
0.035028 0.964972 1
0.00643213 0.993568 1
0.0435941 0.956406 1
0.0157966 0.984203 1
0.00947935 0.990521 1
0.369279 0.630721 1
0.00646563 0.993534 1
0.29507 0.70493 1
0.013624 0.986376 1
0.507115 0.492885 1
0.0522452 0.947755 1
0.802015 0.197985 1
0.0240281 0.975972 1
0.0543871 0.945613 1
0.247669 0.752331 1
0.0486277 0.951372 1
0.0404086 0.959591 1
0.0181737 0.981826 1
0.0652549 0.934745 1
0.268796 0.731204 1
0.120528 0.879472 1
0.0269568 0.973043 1
0.438874 0.561126 1
0.816996 0.183004 1
0.0857242 0.914276 1
0.0639621 0.936038 1
0.0908459 0.909154 1
0.29128 0.70872 1
0.239053 0.760947 1
0.00637219 0.993628 1
0.0122207 0.987779 1
0.00695641 0.993044 1
0.0055818 0.994418 1
0.151884 0.848116 1
0.0896197 0.91038 1
0.0161207 0.983879 1
0.339884 0.660116 1
0.258474 0.741526 1
0.026964 0.973036 1
0.106482 0.893518 1
0.00882967 0.99117 1
0.987797 0.0122026 1
0.00758362 0.992416 1
0.190669 0.809331 1
0.17187 0.82813 1
0.0383643 0.961636 1
0.0238404 0.97616 1
0.01184 0.98816 1
0.0103776 0.989622 1
0.00712691 0.992873 1
0.801924 0.198076 1
0.127245 0.872755 1
0.0578017 0.942198 1
0.772711 0.227289 1
0.806878 0.193122 1
0.905624 0.0943757 1
0.0116139 0.988386 1
0.0186811 0.981319 1
0.0169916 0.983008 1
0.039073 0.960927 1
0.0149417 0.985058 1
0.0201328 0.979867 1
0.00774681 0.992253 1
0.010708 0.989292 1
0.146024 0.853976 1
0.0231608 0.976839 1
0.102927 0.897074 1
0.00603711 0.993963 1
0.0190918 0.980908 1
0.306101 0.693899 1
0.0130311 0.986969 1
0.0251299 0.97487 1
0.0371413 0.962859 1
0.0405433 0.959457 1
0.380437 0.619563 1
0.0169581 0.983042 1
0.0372212 0.962779 1
0.228282 0.771718 1
0.0290695 0.97093 1
0.301525 0.698475 1
0.0106173 0.989383 1
0.178875 0.821125 1
0.0227941 0.977206 1
0.393844 0.606156 1
0.00893083 0.991069 1
0.0643857 0.935614 1
0.0101277 0.989872 1
0.0399701 0.96003 1
0.201722 0.798278 1
0.0149581 0.985042 1
0.110832 0.889168 1
0.0441833 0.955817 1
0.0154815 0.984518 1
0.653443 0.346557 1
0.079514 0.920486 1
0.0145391 0.985461 1
0.513695 0.486305 1
0.32891 0.67109 1
0.718078 0.281922 1
0.0134949 0.986505 1
0.839406 0.160594 1
0.0455825 0.954417 1
0.698503 0.301497 1
0.0156339 0.984366 1
0.0897115 0.910288 1
0.0134214 0.986579 1
0.63396 0.36604 1
0.100123 0.899877 1
0.425235 0.574765 1
0.0219477 0.978052 1
0.00958361 0.990416 1
0.0245378 0.975462 1
0.0108851 0.989115 1
0.0334303 0.96657 1
0.0133094 0.986691 1
0.752052 0.247948 1
0.246643 0.753357 1
0.0677264 0.932274 1
0.0537934 0.946207 1
0.117936 0.882064 1
0.00795167 0.992048 1
0.0636723 0.936328 1
0.188874 0.811126 1
0.0264795 0.973521 1
0.384241 0.615759 1
0.155548 0.844452 1
0.32998 0.67002 1
0.0170808 0.982919 1
0.00984397 0.990156 1
0.163583 0.836417 1
0.0609614 0.939039 1
0.00986148 0.990139 1
0.150051 0.849949 1
0.119373 0.880627 1
0.020988 0.979012 1
0.605064 0.394936 1
0.749337 0.250662 1
0.0794635 0.920536 1
0.0343591 0.965641 1
0.886703 0.113297 1
0.00553292 0.994467 1
0.0130601 0.98694 1
0.515743 0.484257 1
0.0633657 0.936634 1
0.622039 0.377961 1
0.0141212 0.985879 1
0.0108393 0.989161 1
0.156822 0.843178 1
0.0147422 0.985258 1
0.1861 0.8139 1
0.266732 0.733268 1
0.0502698 0.94973 1
0.313164 0.686836 1
0.867134 0.132866 1
0.114986 0.885014 1
0.904622 0.0953784 1
0.0207884 0.979212 1
0.458546 0.541454 1
0.0515745 0.948425 1
0.750686 0.249314 1
0.651064 0.348936 1
0.0252618 0.974738 1
0.330585 0.669415 1
0.00594126 0.994059 1
0.0295879 0.970412 1
0.0076896 0.99231 1
0.0191178 0.980882 1
0.0512187 0.948781 1
0.0421417 0.957858 1
0.928377 0.071623 1
0.179455 0.820545 1
0.00526051 0.994739 1
0.0324958 0.967504 1
0.539886 0.460114 1
0.006999 0.993001 1
0.0087867 0.991213 1
0.182742 0.817258 1
0.342874 0.657126 1
0.00665959 0.99334 1
0.103859 0.896141 1
0.481307 0.518693 1
0.0755232 0.924477 1
0.16259 0.83741 1
0.0411862 0.958814 1
0.00772392 0.992276 1
0.0123169 0.987683 1
0.0129167 0.987083 1
0.389323 0.610677 1
0.0138987 0.986101 1
0.192384 0.807616 1
0.129057 0.870943 1
0.0517536 0.948246 1
0.0977984 0.902202 1
0.475455 0.524544 1
0.659662 0.340338 1
0.505635 0.494365 1
0.510426 0.489574 1
0.470533 0.529467 1
0.0284355 0.971565 1
0.00871486 0.991285 1
0.30005 0.69995 1
0.0159535 0.984047 1
0.0275849 0.972415 1
0.0609419 0.939058 1
0.0915698 0.90843 1
0.0129993 0.987001 1
0.0480143 0.951986 1
0.011652 0.988348 1
0.662713 0.337287 1
0.0376512 0.962349 1
0.0107694 0.989231 1
0.0504003 0.9496 1
0.560501 0.439499 1
0.00624797 0.993752 1
0.191589 0.808411 1
0.00742736 0.992573 1
0.019384 0.980616 1
0.504185 0.495815 1
0.162643 0.837357 1
0.0742566 0.925744 1
0.00944681 0.990553 1
0.0178977 0.982102 1
0.940779 0.0592214 1
0.025189 0.974811 1
0.0328904 0.96711 1
0.690034 0.309966 1
0.147607 0.852393 1
0.594943 0.405057 1
0.0152387 0.984761 1
0.207366 0.792634 1
0.0145132 0.985487 1
0.0128265 0.987173 1
0.0135187 0.986481 1
0.924919 0.0750809 1
0.0123064 0.987694 1
0.0153617 0.984638 1
0.306524 0.693476 1
0.029483 0.970517 1
0.0807203 0.91928 1
0.817913 0.182087 1
0.089466 0.910534 1
0.013437 0.986563 1
0.017366 0.982634 1
0.0284314 0.971569 1
0.00923138 0.990769 1
0.276366 0.723634 1
0.488269 0.511731 1
0.0250532 0.974947 1
0.14118 0.85882 1
0.0213893 0.978611 1
0.325673 0.674327 1
0.0065637 0.993436 1
0.275777 0.724223 1
0.0178954 0.982105 1
0.161818 0.838182 1
0.0760822 0.923918 1
0.368055 0.631945 1
0.538204 0.461796 1
0.0171376 0.982862 1
0.00632451 0.993675 1
0.0242278 0.975772 1
0.0878815 0.912118 1
0.030902 0.969098 1
0.210305 0.789695 1
0.020052 0.979948 1
0.476476 0.523524 1
0.0113638 0.988636 1
0.0377676 0.962232 1
0.0108539 0.989146 1
0.0161535 0.983847 1
0.36536 0.63464 1
0.0137558 0.986244 1
0.00712088 0.992879 1
0.0252504 0.97475 1
0.180831 0.819169 1
0.334684 0.665316 1
0.0101267 0.989873 1
0.0240015 0.975998 1
0.794238 0.205762 1
0.931006 0.0689939 1
0.0960644 0.903936 1
0.184915 0.815085 1
0.00598405 0.994016 1
0.279025 0.720975 1
0.0139946 0.986005 1
0.0311748 0.968825 1
0.0323951 0.967605 1
0.218898 0.781102 1
0.145314 0.854686 1
0.228794 0.771206 1
0.0217466 0.978253 1
0.00943231 0.990568 1
0.0674181 0.932582 1
0.100718 0.899282 1
0.0363841 0.963616 1
0.591793 0.408207 1
0.0359827 0.964017 1
0.0206368 0.979363 1
0.0062092 0.993791 1
0.0169146 0.983085 1
0.0109311 0.989069 1
0.303659 0.696341 1
0.119365 0.880635 1
0.0357228 0.964277 1
0.379799 0.620201 1
0.0788659 0.921134 1
0.0284305 0.97157 1
0.0530102 0.94699 1
0.114646 0.885354 1
0.467186 0.532814 1
0.0180934 0.981907 1
0.0860673 0.913933 1
0.763374 0.236626 1
0.00698506 0.993015 1
0.0483035 0.951697 1
0.203537 0.796463 1
0.0144686 0.985531 1
0.554434 0.445566 1
0.278401 0.721599 1
0.00981574 0.990184 1
0.142189 0.857811 1
0.0218099 0.97819 1
0.0268758 0.973124 1
0.444998 0.555002 1
0.334267 0.665733 1
0.0211387 0.978861 1
0.0166606 0.983339 1
0.0379697 0.96203 1
0.0492473 0.950753 1
0.0210171 0.978983 1
0.00886914 0.991131 1
0.0409701 0.95903 1
0.00620328 0.993797 1
0.234149 0.765851 1
0.0232595 0.976741 1
0.0115585 0.988441 1
0.00910675 0.990893 1
0.0760407 0.923959 1
0.162319 0.837681 1
0.806552 0.193448 1
0.00438969 0.99561 1
0.0309975 0.969002 1
0.0745937 0.925406 1
0.45815 0.54185 1
0.0168792 0.983121 1
0.0279081 0.972092 1
0.0723172 0.927683 1
0.011544 0.988456 1
0.0330704 0.96693 1
0.0169739 0.983026 1
0.794708 0.205292 1
0.0357085 0.964292 1
0.922129 0.0778706 1
0.134478 0.865521 1
0.0997225 0.900277 1
0.027789 0.972211 1
0.0821567 0.917843 1
0.00680791 0.993192 1
0.0167173 0.983283 1
0.104443 0.895557 1
0.0154415 0.984559 1
0.0182764 0.981724 1
0.0102971 0.989703 1
0.0306177 0.969382 1
0.264403 0.735597 1
0.0258507 0.974149 1
0.010446 0.989554 1
0.037217 0.962783 1
0.585148 0.414852 1
0.0479873 0.952013 1
0.0142454 0.985755 1
0.00763639 0.992364 1
0.00959405 0.990406 1
0.0796086 0.920391 1
0.140606 0.859394 1
0.255098 0.744902 1
0.425858 0.574142 1
0.0745078 0.925492 1
0.49736 0.50264 1
0.00823893 0.991761 1
0.0171612 0.982839 1
0.131712 0.868288 1
0.0153717 0.984628 1
0.394336 0.605664 1
0.909963 0.090037 1
0.538272 0.461728 1
0.190739 0.809261 1
0.00981902 0.990181 1
0.0173134 0.982687 1
0.227669 0.772331 1
0.0121284 0.987872 1
0.181471 0.818529 1
0.0251671 0.974833 1
0.014396 0.985604 1
0.0235363 0.976464 1
0.020003 0.979997 1
0.0157205 0.984279 1
0.00641824 0.993582 1
0.0110712 0.988929 1
0.921971 0.0780294 1
0.0118359 0.988164 1
0.0194558 0.980544 1
0.408133 0.591867 1
0.365395 0.634605 1
0.070467 0.929533 1
0.036396 0.963604 1
0.131488 0.868512 1
0.0132557 0.986744 1
0.0291156 0.970885 1
0.320421 0.679579 1
0.0180735 0.981927 1
0.018975 0.981025 1
0.0110324 0.988968 1
0.70877 0.29123 1
0.0289223 0.971078 1
0.19199 0.80801 1
0.00945647 0.990544 1
0.0535002 0.9465 1
0.00598449 0.994015 1
0.00832793 0.991672 1
0.278111 0.721889 1
0.128354 0.871645 1
0.211256 0.788744 1
0.00516445 0.994836 1
0.104063 0.895937 1
0.366344 0.633656 1
0.020975 0.979025 1
0.0153005 0.9847 1
0.035278 0.964722 1
0.0130785 0.986921 1
0.006601 0.993399 1
0.908373 0.0916273 1
0.0816794 0.918321 1
0.0139197 0.98608 1
0.0522114 0.947789 1
0.0152686 0.984731 1
0.0138013 0.986199 1
0.211649 0.788351 1
0.0140585 0.985941 1
0.0168261 0.983174 1
0.0556586 0.944341 1
0.00931433 0.990686 1
0.00832905 0.991671 1
0.0337364 0.966264 1
0.0172696 0.98273 1
0.753191 0.246809 1
0.016974 0.983026 1
0.029733 0.970267 1
0.005557 0.994443 1
0.0290309 0.970969 1
0.350678 0.649322 1
0.154728 0.845272 1
0.0593978 0.940602 1
0.00888729 0.991113 1
0.0137771 0.986223 1
0.023829 0.976171 1
0.026778 0.973222 1
0.0137414 0.986259 1
0.0489311 0.951069 1
0.267529 0.732471 1
0.667929 0.332071 1
0.014443 0.985557 1
0.0157927 0.984207 1
0.642268 0.357732 1
0.274136 0.725864 1
0.430591 0.569409 1
0.0108673 0.989133 1
0.0132286 0.986771 1
0.0343244 0.965676 1
0.0105825 0.989417 1
0.777891 0.222109 1
0.0155752 0.984425 1
0.0569545 0.943046 1
0.0524613 0.947539 1
0.0275806 0.972419 1
0.0177227 0.982277 1
0.0210529 0.978947 1
0.00800564 0.991994 1
0.0197171 0.980283 1
0.0118858 0.988114 1
0.667619 0.332381 1
0.0288935 0.971106 1
0.0186552 0.981345 1
0.325772 0.674228 1
0.110357 0.889643 1
0.0418976 0.958103 1
0.0358622 0.964138 1
0.0156048 0.984395 1
0.0345578 0.965442 1
0.160481 0.839519 1
0.142925 0.857075 1
0.231781 0.768219 1
0.217002 0.782998 1
0.0266769 0.973323 1
0.03431 0.96569 1
0.00862551 0.991374 1
0.0597646 0.940235 1
0.0220069 0.977993 1
0.708036 0.291964 1
0.0854466 0.914553 1
0.138845 0.861155 1
0.0173837 0.982616 1
0.0214848 0.978515 1
0.855937 0.144063 1
0.816194 0.183806 1
0.00652277 0.993477 1
0.167384 0.832616 1
0.0257402 0.97426 1
0.011114 0.988886 1
0.0135545 0.986445 1
0.00689393 0.993106 1
0.0476195 0.952381 1
0.0837588 0.916241 1
0.0113264 0.988674 1
0.0214282 0.978572 1
0.660975 0.339025 1
0.0532527 0.946747 1
0.0187883 0.981212 1
0.0265567 0.973443 1
0.0173603 0.98264 1
0.0195095 0.980491 1
0.00880495 0.991195 1
0.943958 0.0560424 1
0.00521014 0.99479 1
0.00989849 0.990101 1
0.842794 0.157206 1
0.0543778 0.945622 1
0.0164704 0.98353 1
0.0541819 0.945818 1
0.00693285 0.993067 1
0.0194645 0.980535 1
0.0553458 0.944654 1
0.0458397 0.95416 1
0.17615 0.82385 1
0.191828 0.808172 1
0.265549 0.734451 1
0.605359 0.394641 1
0.00903767 0.990962 1
0.0448461 0.955154 1
0.720395 0.279605 1
0.250202 0.749798 1
0.0143095 0.98569 1
0.774128 0.225872 1
0.0699957 0.930004 1
0.177674 0.822326 1
0.172406 0.827594 1
0.130206 0.869794 1
0.0228741 0.977126 1
0.074744 0.925256 1
0.0513809 0.948619 1
0.0170743 0.982926 1
0.726921 0.273079 1
0.0650178 0.934982 1
0.00634063 0.993659 1
0.0251857 0.974814 1
0.167349 0.832651 1
0.0107083 0.989292 1
0.697781 0.302219 1
0.0253966 0.974603 1
0.0119784 0.988022 1
0.00836625 0.991634 1
0.00619522 0.993805 1
0.0351968 0.964803 1
0.132035 0.867965 1
0.0184575 0.981543 1
0.0350313 0.964969 1
0.0282614 0.971739 1
0.16438 0.83562 1
0.013288 0.986712 1
0.0179782 0.982022 1
0.254931 0.745069 1
0.0195378 0.980462 1
0.00711891 0.992881 1
0.623382 0.376618 1
0.103617 0.896383 1
0.0180879 0.981912 1
0.0314896 0.96851 1
0.428307 0.571693 1
0.190284 0.809716 1
0.74099 0.25901 1
0.101704 0.898296 1
0.0281963 0.971804 1
0.752337 0.247663 1
0.358021 0.641979 1
0.678599 0.321401 1
0.835654 0.164346 1
0.00629985 0.9937 1
0.0806528 0.919347 1
0.400418 0.599582 1
0.00609401 0.993906 1
0.708221 0.291779 1
0.0295542 0.970446 1
0.00654092 0.993459 1
0.0831545 0.916846 1
0.365041 0.634959 1
0.02239 0.97761 1
0.00783903 0.992161 1
0.669638 0.330362 1
0.0829773 0.917023 1
0.0754286 0.924571 1
0.121098 0.878902 1
0.00566601 0.994334 1
0.0116589 0.988341 1
0.10299 0.89701 1
0.0255082 0.974492 1
0.0194525 0.980547 1
0.315409 0.684591 1
0.959096 0.0409044 1
0.570691 0.429309 1
0.170713 0.829287 1
0.344149 0.655851 1
0.0187735 0.981226 1
0.0531648 0.946835 1
0.026216 0.973784 1
0.0713945 0.928605 1
0.134447 0.865553 1
0.0515092 0.948491 1
0.0419272 0.958073 1
0.0126962 0.987304 1
0.00853516 0.991465 1
0.140198 0.859802 1
0.00719092 0.992809 1
0.0262363 0.973764 1
0.0260505 0.97395 1
0.33113 0.66887 1
0.00994473 0.990055 1
0.0356379 0.964362 1
0.841497 0.158503 1
0.97801 0.0219896 1
0.0168718 0.983128 1
0.0151476 0.984852 1
0.106973 0.893027 1
0.456362 0.543638 1
0.00563116 0.994369 1
0.0105849 0.989415 1
0.723771 0.276229 1
0.446336 0.553664 1
0.0203945 0.979606 1
0.00835062 0.991649 1
0.0264983 0.973502 1
0.0188583 0.981142 1
0.00851141 0.991489 1
0.00736077 0.992639 1
0.0518368 0.948163 1
0.40536 0.59464 1
0.0125822 0.987418 1
0.0293405 0.970659 1
0.151575 0.848425 1
0.51826 0.48174 1
0.0302805 0.96972 1
0.076443 0.923557 1
0.0316782 0.968322 1
0.0133035 0.986697 1
0.00937396 0.990626 1
0.00928515 0.990715 1
0.0314125 0.968588 1
0.0532588 0.946741 1
0.00911289 0.990887 1
0.0448514 0.955149 1
0.0070033 0.992997 1
0.0112926 0.988707 1
0.0092179 0.990782 1
0.0188642 0.981136 1
0.0180833 0.981917 1
0.0301948 0.969805 1
0.0085726 0.991427 1
0.959571 0.0404289 1
0.0536828 0.946317 1
0.0112045 0.988796 1
0.0175846 0.982415 1
0.0129715 0.987028 1
0.0104702 0.98953 1
0.0399601 0.96004 1
0.468713 0.531287 1
0.10437 0.89563 1
0.0522486 0.947751 1
0.00864354 0.991356 1
0.17498 0.82502 1
0.610453 0.389547 1
0.0245751 0.975425 1
0.00947778 0.990522 1
0.0123311 0.987669 1
0.0159654 0.984035 1
0.102133 0.897867 1
0.414224 0.585776 1
0.013542 0.986458 1
0.662646 0.337354 1
0.187022 0.812978 1
0.0512086 0.948791 1
0.684262 0.315738 1
0.0641418 0.935858 1
0.082981 0.917019 1
0.00806218 0.991938 1
0.240002 0.759998 1
0.022865 0.977135 1
0.0119473 0.988053 1
0.00813359 0.991866 1
0.0816951 0.918305 1
0.412681 0.587319 1
0.0275838 0.972416 1
0.00541833 0.994582 1
0.0214534 0.978547 1
0.0252005 0.9748 1
0.340414 0.659586 1
0.498155 0.501845 1
0.0209408 0.979059 1
0.252302 0.747698 1
0.114459 0.885541 1
0.0149743 0.985026 1
0.651955 0.348045 1
0.113568 0.886432 1
0.248855 0.751145 1
0.0156047 0.984395 1
0.921222 0.0787779 1
0.0988636 0.901136 1
0.0854971 0.914503 1
0.00846819 0.991532 1
0.00585358 0.994146 1
0.0202751 0.979725 1
0.0159463 0.984054 1
0.00624513 0.993755 1
0.00860601 0.991394 1
0.0209622 0.979038 1
0.00623424 0.993766 1
0.015803 0.984197 1
0.181378 0.818622 1
0.0134201 0.98658 1
0.0286872 0.971313 1
0.0205633 0.979437 1
0.301994 0.698006 1
0.0329939 0.967006 1
0.0222604 0.97774 1
0.594081 0.405919 1
0.0358842 0.964116 1
0.0946424 0.905358 1
0.047594 0.952406 1
0.332116 0.667884 1
0.0519282 0.948072 1
0.0104619 0.989538 1
0.855847 0.144153 1
0.0253776 0.974622 1
0.0687921 0.931208 1
0.151443 0.848557 1
0.0811198 0.91888 1
0.375105 0.624895 1
0.205344 0.794656 1
0.0334707 0.966529 1
0.0110323 0.988968 1
0.0117249 0.988275 1
0.0909484 0.909052 1
0.0199575 0.980042 1
0.167341 0.832659 1
0.729393 0.270607 1
0.0357254 0.964275 1
0.0935192 0.906481 1
0.0328314 0.967169 1
0.00947668 0.990523 1
0.0415588 0.958441 1
0.133271 0.866729 1
0.797483 0.202517 1
0.455547 0.544453 1
0.0852983 0.914702 1
0.0419569 0.958043 1
0.041647 0.958353 1
0.183549 0.816451 1
0.0422104 0.95779 1
0.00893801 0.991062 1
0.0287496 0.97125 1
0.034227 0.965773 1
0.0277962 0.972204 1
0.724423 0.275577 1
0.00882463 0.991175 1
0.026381 0.973619 1
0.212252 0.787748 1
0.259415 0.740585 1
0.0184273 0.981573 1
0.946457 0.0535433 1
0.0231653 0.976835 1
0.0775846 0.922415 1
0.452871 0.547129 1
0.0055012 0.994499 1
0.101827 0.898173 1
