0.980423 0.0195765 0
0.980305 0.0196952 0
0.948304 0.0516962 0
0.958948 0.0410521 0
0.471247 0.528753 0
0.980371 0.0196285 0
0.949802 0.0501983 0
0.945506 0.0544941 0
0.944349 0.0556512 0
0.762603 0.237397 0
0.94945 0.0505503 0
0.93911 0.0608903 0
0.935744 0.064256 0
0.740148 0.259852 0
0.91975 0.0802498 0
0.884533 0.115467 0
0.103543 0.896457 0
0.871043 0.128957 0
0.253948 0.746052 0
0.943825 0.0561754 0
0.95279 0.0472098 0
0.945106 0.054894 0
0.976753 0.0232472 0
0.684139 0.315861 0
0.87745 0.12255 0
0.964745 0.035255 0
0.988673 0.0113274 0
0.944224 0.0557761 0
0.862795 0.137205 0
0.928081 0.071919 0
0.91253 0.0874701 0
0.41557 0.58443 0
0.889201 0.110799 0
0.987048 0.0129517 0
0.404819 0.595181 0
0.961771 0.0382289 0
0.984147 0.0158534 0
0.600525 0.399475 0
0.94922 0.0507797 0
0.975764 0.024236 0
0.907295 0.0927052 0
0.883263 0.116737 0
0.955054 0.0449458 0
0.73122 0.26878 0
0.962391 0.037609 0
0.975885 0.0241147 0
0.973667 0.0263328 0
0.825653 0.174347 0
0.982563 0.0174368 0
0.903836 0.0961639 0
0.823 0.177 0
0.960003 0.0399968 0
0.841815 0.158185 0
0.974861 0.0251387 0
0.953709 0.0462907 0
0.977712 0.0222884 0
0.985848 0.0141524 0
0.896048 0.103952 0
0.759268 0.240732 0
0.932563 0.0674371 0
0.0239439 0.976056 0
0.984734 0.0152661 0
0.483578 0.516422 0
0.963143 0.0368575 0
0.571593 0.428407 0
0.978411 0.0215888 0
0.271477 0.728523 0
0.964155 0.0358451 0
0.535722 0.464278 0
0.989283 0.0107172 0
0.983257 0.0167431 0
0.894736 0.105264 0
0.956884 0.043116 0
0.911983 0.0880167 0
0.16403 0.83597 0
0.930669 0.0693312 0
0.98217 0.0178302 0
0.955612 0.0443883 0
0.979072 0.0209278 0
0.743522 0.256478 0
0.956891 0.0431094 0
0.981884 0.0181161 0
0.983417 0.0165827 0
0.649444 0.350556 0
0.569966 0.430034 0
0.958509 0.0414905 0
0.821884 0.178116 0
0.877439 0.122561 0
0.659599 0.340402 0
0.864021 0.135979 0
0.889521 0.110479 0
0.968406 0.0315935 0
0.988879 0.011121 0
0.967399 0.0326006 0
0.972529 0.0274706 0
0.960164 0.0398357 0
0.988254 0.0117463 0
0.902472 0.0975282 0
0.882869 0.117131 0
0.974079 0.0259209 0
0.843064 0.156936 0
0.972538 0.0274615 0
0.986474 0.0135258 0
0.976415 0.0235847 0
0.990579 0.00942138 0
0.54598 0.45402 0
0.926958 0.0730421 0
0.881387 0.118613 0
0.961877 0.0381228 0
0.983994 0.0160062 0
0.848308 0.151692 0
0.983299 0.016701 0
0.102938 0.897062 0
0.951806 0.0481942 0
0.986286 0.0137139 0
0.902975 0.0970254 0
0.770389 0.229611 0
0.585716 0.414284 0
0.309168 0.690832 0
0.0366527 0.963347 0
0.860877 0.139123 0
0.832748 0.167252 0
0.93705 0.0629501 0
0.985807 0.0141928 0
0.984067 0.0159331 0
0.917323 0.0826772 0
0.876377 0.123623 0
0.951148 0.0488523 0
0.263879 0.736121 0
0.985293 0.0147071 0
0.0113552 0.988645 0
0.772627 0.227373 0
0.958154 0.0418461 0
0.956441 0.0435589 0
0.98979 0.0102101 0
0.991347 0.00865252 0
0.787708 0.212292 0
0.990352 0.00964764 0
0.96871 0.0312901 0
0.926565 0.0734348 0
0.969176 0.0308244 0
0.966083 0.0339168 0
0.934877 0.0651228 0
0.980583 0.019417 0
0.928979 0.0710209 0
0.967082 0.0329178 0
0.982084 0.0179158 0
0.946118 0.053882 0
0.928897 0.0711033 0
0.409736 0.590264 0
0.952228 0.0477718 0
0.852114 0.147886 0
0.980219 0.0197807 0
0.705677 0.294323 0
0.576856 0.423144 0
0.812748 0.187252 0
0.953567 0.0464333 0
0.632871 0.367129 0
0.760927 0.239073 0
0.861878 0.138122 0
0.963174 0.0368265 0
0.952433 0.0475672 0
0.98497 0.0150304 0
0.989046 0.0109536 0
0.936365 0.0636354 0
0.837127 0.162873 0
0.83395 0.16605 0
0.98159 0.0184098 0
0.974002 0.0259976 0
0.984069 0.0159315 0
0.962616 0.0373836 0
0.254267 0.745733 0
0.0819127 0.918087 0
0.967793 0.0322072 0
0.961735 0.0382654 0
0.876967 0.123033 0
0.0806191 0.919381 0
0.862024 0.137976 0
0.926714 0.0732861 0
0.821686 0.178314 0
0.968135 0.0318645 0
0.983236 0.0167644 0
0.961492 0.0385082 0
0.521367 0.478633 0
0.56882 0.43118 0
0.459563 0.540437 0
0.987699 0.0123013 0
0.0405698 0.95943 0
0.704904 0.295096 0
0.964387 0.0356132 0
0.980615 0.019385 0
0.956279 0.0437214 0
0.936841 0.063159 0
0.956209 0.0437908 0
0.984297 0.0157029 0
0.986409 0.0135907 0
0.979455 0.0205451 0
0.637276 0.362724 0
0.97554 0.0244598 0
0.862605 0.137395 0
0.968673 0.0313274 0
0.968887 0.0311128 0
0.81789 0.18211 0
0.982279 0.017721 0
0.548622 0.451378 0
0.941248 0.0587522 0
0.98595 0.0140499 0
0.961991 0.0380093 0
0.973251 0.0267487 0
0.521514 0.478486 0
0.733339 0.266661 0
0.116949 0.883051 0
0.959646 0.0403542 0
0.945888 0.0541115 0
0.96469 0.0353104 0
0.951929 0.0480708 0
0.116162 0.883838 0
0.980695 0.019305 0
0.78186 0.21814 0
0.814923 0.185077 0
0.987409 0.012591 0
0.964121 0.0358795 0
0.990898 0.00910177 0
0.819921 0.180079 0
0.973984 0.0260159 0
0.858513 0.141487 0
0.0643039 0.935696 0
0.986321 0.0136786 0
0.590118 0.409882 0
0.917043 0.0829575 0
0.286305 0.713695 0
0.861767 0.138233 0
0.82087 0.17913 0
0.983842 0.0161582 0
0.966427 0.0335732 0
0.982295 0.0177047 0
0.976243 0.0237567 0
0.735405 0.264595 0
0.986944 0.0130562 0
0.98294 0.0170597 0
0.194233 0.805767 0
0.830553 0.169447 0
0.44029 0.55971 0
0.987049 0.012951 0
0.89195 0.10805 0
0.828508 0.171492 0
0.970765 0.0292351 0
0.982474 0.0175258 0
0.828773 0.171227 0
0.57165 0.42835 0
0.437604 0.562396 0
0.983882 0.0161177 0
0.977772 0.0222277 0
0.780446 0.219554 0
0.56192 0.43808 0
0.63606 0.36394 0
0.977825 0.0221755 0
0.189217 0.810783 0
0.170485 0.829515 0
0.922134 0.0778664 0
0.823175 0.176825 0
0.123821 0.876179 0
0.978579 0.021421 0
0.774535 0.225465 0
0.968786 0.0312142 0
0.924413 0.0755874 0
0.901143 0.0988569 0
0.980231 0.0197685 0
0.867259 0.132741 0
0.985854 0.0141464 0
0.954791 0.0452088 0
0.175129 0.824871 0
0.965385 0.0346152 0
0.709719 0.290281 0
0.984599 0.0154012 0
0.94841 0.0515903 0
0.970096 0.0299042 0
0.969195 0.0308047 0
0.97302 0.0269798 0
0.295253 0.704747 0
0.950948 0.0490523 0
0.650657 0.349343 0
0.981178 0.0188218 0
0.970074 0.029926 0
0.886672 0.113328 0
0.91329 0.0867096 0
0.986736 0.0132637 0
0.979906 0.0200938 0
0.969247 0.0307533 0
0.879227 0.120773 0
0.226127 0.773873 0
0.982875 0.017125 0
0.131133 0.868867 0
0.857923 0.142077 0
0.915379 0.0846208 0
0.975292 0.0247084 0
0.984891 0.0151088 0
0.904627 0.0953734 0
0.97199 0.0280104 0
0.985986 0.0140141 0
0.80753 0.19247 0
0.972849 0.0271506 0
0.967003 0.0329973 0
0.984979 0.0150209 0
0.877338 0.122662 0
0.978157 0.0218431 0
0.520161 0.479839 0
0.97134 0.0286605 0
0.984725 0.0152747 0
0.979385 0.0206154 0
0.972032 0.0279684 0
0.86442 0.13558 0
0.959234 0.0407664 0
0.972366 0.0276341 0
0.838976 0.161024 0
0.957112 0.0428881 0
0.782977 0.217023 0
0.58601 0.41399 0
0.772604 0.227396 0
0.7053 0.2947 0
0.977696 0.0223039 0
0.928093 0.0719068 0
0.925219 0.0747806 0
0.977637 0.0223631 0
0.191188 0.808812 0
0.969009 0.0309907 0
0.938547 0.0614533 0
0.975686 0.0243135 0
0.981187 0.0188133 0
0.485508 0.514492 0
0.955756 0.0442437 0
0.918574 0.0814261 0
0.975374 0.0246262 0
0.983373 0.0166269 0
0.95247 0.0475299 0
0.971158 0.0288422 0
0.830446 0.169554 0
0.972373 0.0276272 0
0.766596 0.233404 0
0.630479 0.369521 0
0.975264 0.0247356 0
0.671897 0.328102 0
0.98722 0.0127805 0
0.989365 0.010635 0
0.949134 0.0508661 0
0.986596 0.0134037 0
0.977696 0.0223043 0
0.588651 0.411349 0
0.839191 0.160809 0
0.770536 0.229464 0
0.928876 0.0711242 0
0.351369 0.648631 0
0.971102 0.0288982 0
0.985663 0.0143372 0
0.982353 0.0176474 0
0.958338 0.0416616 0
0.981845 0.0181555 0
0.967456 0.0325442 0
0.968984 0.0310162 0
0.647714 0.352286 0
0.946875 0.0531254 0
0.964203 0.0357968 0
0.539434 0.460566 0
0.987664 0.0123362 0
0.976128 0.0238724 0
0.814309 0.185691 0
0.987987 0.0120135 0
0.970461 0.0295389 0
0.952583 0.0474173 0
0.968272 0.0317277 0
0.94663 0.0533699 0
0.976221 0.0237793 0
0.821675 0.178325 0
0.179268 0.820732 0
0.937367 0.062633 0
0.97833 0.0216698 0
0.982418 0.0175819 0
0.958448 0.0415518 0
0.551388 0.448612 0
0.906061 0.0939392 0
0.971645 0.028355 0
0.94099 0.0590104 0
0.806546 0.193454 0
0.956673 0.0433273 0
0.977042 0.0229582 0
0.953502 0.046498 0
0.957739 0.0422614 0
0.983281 0.0167189 0
0.0133702 0.98663 0
0.971249 0.0287508 0
0.103409 0.896591 0
0.85036 0.14964 0
0.926071 0.0739291 0
0.987272 0.0127278 0
0.977804 0.0221964 0
0.953078 0.0469221 0
0.975795 0.0242048 0
0.973673 0.0263267 0
0.95513 0.0448704 0
0.588606 0.411394 0
0.938175 0.0618247 0
0.928787 0.0712126 0
0.968221 0.0317787 0
0.90437 0.0956295 0
0.979858 0.0201417 0
0.777757 0.222243 0
0.963016 0.0369838 0
0.884513 0.115487 0
0.746957 0.253043 0
0.977418 0.0225818 0
0.95173 0.0482698 0
0.763186 0.236814 0
0.978129 0.0218708 0
0.608785 0.391215 0
0.631051 0.368949 0
0.035275 0.964725 0
0.913949 0.0860511 0
0.900234 0.0997664 0
0.978765 0.021235 0
0.896798 0.103202 0
0.97606 0.0239396 0
0.830178 0.169822 0
0.462486 0.537514 0
0.850953 0.149047 0
0.487176 0.512824 0
0.882065 0.117935 0
0.862089 0.137911 0
0.935745 0.0642553 0
0.677715 0.322285 0
0.969697 0.0303028 0
0.787914 0.212086 0
0.899088 0.100912 0
0.0104231 0.989577 0
0.950582 0.0494176 0
0.961863 0.0381372 0
0.978776 0.0212245 0
0.913408 0.0865922 0
0.956735 0.0432655 0
0.920865 0.0791346 0
0.728923 0.271077 0
0.847241 0.152759 0
0.933661 0.0663392 0
0.686253 0.313747 0
0.978987 0.0210135 0
0.624653 0.375347 0
0.747629 0.252371 0
0.968464 0.0315358 0
0.935279 0.0647207 0
0.988635 0.0113652 0
0.954936 0.0450642 0
0.981129 0.0188708 0
0.982892 0.0171076 0
0.331753 0.668247 0
0.961409 0.0385907 0
0.976144 0.0238564 0
0.987444 0.0125565 0
0.974684 0.025316 0
0.988467 0.0115329 0
0.963855 0.0361449 0
0.804289 0.195711 0
0.952638 0.0473624 0
0.975258 0.0247422 0
0.968601 0.0313993 0
0.0250977 0.974902 0
0.984346 0.0156538 0
0.927036 0.0729637 0
0.712043 0.287957 0
0.97544 0.0245601 0
0.766228 0.233772 0
0.982479 0.0175213 0
0.925966 0.0740337 0
0.747235 0.252765 0
0.970534 0.0294662 0
0.949203 0.0507973 0
0.962698 0.0373017 0
0.98083 0.0191702 0
0.659626 0.340374 0
0.943125 0.0568751 0
0.598262 0.401738 0
0.948587 0.0514133 0
0.956806 0.0431943 0
0.0704863 0.929514 0
0.980702 0.0192981 0
0.162979 0.837021 0
0.963692 0.0363081 0
0.213748 0.786252 0
0.967929 0.0320709 0
0.376925 0.623075 0
0.742692 0.257308 0
0.98095 0.0190501 0
0.964031 0.035969 0
0.91204 0.0879599 0
0.968535 0.0314652 0
0.97171 0.0282899 0
0.954696 0.0453038 0
0.453189 0.546811 0
0.982442 0.0175584 0
0.974752 0.0252479 0
0.96157 0.0384304 0
0.707922 0.292078 0
0.946934 0.0530657 0
0.769794 0.230206 0
0.964431 0.0355685 0
0.987912 0.0120884 0
0.952951 0.0470488 0
0.955 0.0450002 0
0.989902 0.0100977 0
0.989286 0.0107136 0
0.970262 0.0297376 0
0.975491 0.0245086 0
0.970046 0.0299537 0
0.818582 0.181418 0
0.987051 0.0129491 0
0.959539 0.0404605 0
0.914341 0.085659 0
0.973441 0.0265591 0
0.770165 0.229835 0
0.412997 0.587003 0
0.987202 0.0127978 0
0.577174 0.422826 0
0.98215 0.0178498 0
0.147039 0.852961 0
0.887781 0.112219 0
0.973788 0.026212 0
0.333551 0.666449 0
0.977224 0.0227765 0
0.98058 0.0194201 0
0.952007 0.0479926 0
0.971817 0.0281834 0
0.906729 0.0932713 0
0.976397 0.0236032 0
0.92487 0.0751299 0
0.74648 0.25352 0
0.985019 0.0149813 0
0.953263 0.0467371 0
0.908504 0.0914959 0
0.963773 0.0362267 0
0.974091 0.0259089 0
0.986276 0.0137244 0
0.391784 0.608216 0
0.906226 0.0937743 0
0.288029 0.711971 0
0.88377 0.11623 0
0.952578 0.0474215 0
0.932501 0.0674993 0
0.9668 0.0331999 0
0.914662 0.0853384 0
0.897471 0.102529 0
0.832729 0.167271 0
0.428912 0.571088 0
0.97776 0.0222395 0
0.968602 0.0313984 0
0.0221931 0.977807 0
0.0556005 0.9444 0
0.960671 0.0393294 0
0.972539 0.0274606 0
0.982227 0.0177731 0
0.87604 0.12396 0
0.96476 0.0352401 0
0.949787 0.0502127 0
0.971498 0.0285016 0
0.638772 0.361228 0
0.908923 0.0910773 0
0.97029 0.0297101 0
0.94246 0.0575404 0
0.971843 0.0281571 0
0.0435155 0.956484 0
0.985686 0.0143145 0
0.921313 0.0786871 0
0.927985 0.072015 0
0.984062 0.0159378 0
0.974965 0.0250354 0
0.696438 0.303562 0
0.907717 0.0922825 0
0.896939 0.103061 0
0.983393 0.0166071 0
0.972976 0.0270245 0
0.98635 0.0136504 0
0.898893 0.101107 0
0.982271 0.017729 0
0.698549 0.301451 0
0.983028 0.0169716 0
0.910502 0.0894977 0
0.955337 0.0446634 0
0.919462 0.0805383 0
0.934019 0.0659808 0
0.951558 0.048442 0
0.890325 0.109675 0
0.983647 0.0163528 0
0.195166 0.804834 0
0.476738 0.523262 0
0.928492 0.071508 0
0.992748 0.00725193 0
0.985718 0.0142821 0
0.844631 0.155369 0
0.938334 0.0616656 0
0.982415 0.0175849 0
0.76476 0.23524 0
0.843988 0.156012 0
0.977622 0.0223779 0
0.989077 0.0109225 0
0.967024 0.0329765 0
0.399237 0.600763 0
0.0383592 0.961641 0
0.980429 0.019571 0
0.238827 0.761173 0
0.988722 0.0112778 0
0.958705 0.0412944 0
0.974232 0.0257683 0
0.981555 0.0184446 0
0.926666 0.0733343 0
0.977146 0.0228544 0
0.865204 0.134796 0
0.2977 0.702299 0
0.776364 0.223636 0
0.347939 0.652061 0
0.800352 0.199648 0
0.973332 0.0266678 0
0.701835 0.298165 0
0.593545 0.406455 0
0.966614 0.0333855 0
0.987236 0.0127637 0
0.749483 0.250517 0
0.920812 0.079188 0
0.0419047 0.958095 0
0.967263 0.0327365 0
0.73231 0.26769 0
0.982029 0.0179705 0
0.086487 0.913513 0
0.972344 0.0276559 0
0.974741 0.025259 0
0.614816 0.385184 0
0.98513 0.0148697 0
0.70438 0.29562 0
0.812445 0.187555 0
0.296786 0.703214 0
0.977191 0.0228094 0
0.790015 0.209985 0
0.542689 0.457311 0
0.981813 0.0181874 0
0.975518 0.024482 0
0.845006 0.154994 0
0.884703 0.115297 0
0.84982 0.15018 0
0.989224 0.0107755 0
0.959589 0.0404113 0
0.936996 0.0630037 0
0.54392 0.45608 0
0.989311 0.0106894 0
0.986718 0.013282 0
0.974222 0.0257779 0
0.974366 0.0256342 0
0.96863 0.0313698 0
0.957523 0.0424767 0
0.959976 0.0400235 0
0.902004 0.0979959 0
0.322992 0.677008 0
0.963313 0.0366868 0
0.980063 0.0199367 0
0.406617 0.593383 0
0.95633 0.0436701 0
0.9617 0.0383002 0
0.990482 0.0095179 0
0.986638 0.0133619 0
0.91675 0.0832503 0
0.543335 0.456665 0
0.0529714 0.947029 0
0.98218 0.0178196 0
0.964106 0.0358942 0
0.978701 0.0212989 0
0.922323 0.0776775 0
0.963556 0.0364438 0
0.835082 0.164918 0
0.636262 0.363738 0
0.969428 0.0305718 0
0.939375 0.0606255 0
0.915288 0.0847121 0
0.909346 0.090654 0
0.917339 0.0826611 0
0.484645 0.515355 0
0.787391 0.212609 0
0.491142 0.508858 0
0.883665 0.116335 0
0.608442 0.391558 0
0.918869 0.0811312 0
0.89227 0.10773 0
0.969187 0.0308135 0
0.873102 0.126898 0
0.971223 0.0287766 0
0.894401 0.105599 0
0.929525 0.0704747 0
0.709739 0.290261 0
0.965236 0.0347645 0
0.98047 0.0195298 0
0.968872 0.0311279 0
0.86966 0.13034 0
0.98755 0.0124501 0
0.925345 0.0746549 0
0.973838 0.0261616 0
0.896128 0.103872 0
0.828601 0.171399 0
0.988117 0.0118828 0
0.762579 0.237421 0
0.975236 0.0247641 0
0.976553 0.0234472 0
0.823878 0.176122 0
0.959771 0.0402294 0
0.976241 0.0237587 0
0.829614 0.170386 0
0.905221 0.0947793 0
0.929958 0.0700417 0
0.970784 0.0292155 0
0.882465 0.117535 0
0.922132 0.0778682 0
0.950672 0.0493277 0
0.580956 0.419044 0
0.686324 0.313676 0
0.927463 0.0725373 0
0.976877 0.0231225 0
0.862693 0.137307 0
0.811578 0.188422 0
0.978381 0.0216186 0
0.980025 0.0199746 0
0.324134 0.675867 0
0.0607279 0.939272 0
0.983937 0.0160631 0
0.989324 0.0106763 0
0.355534 0.644466 0
0.987342 0.0126575 0
0.856133 0.143867 0
0.971638 0.0283624 0
0.899415 0.100585 0
0.929885 0.0701149 0
0.985674 0.014326 0
0.991808 0.00819185 0
0.915439 0.0845606 0
0.782182 0.217818 0
0.803493 0.196507 0
0.982133 0.0178675 0
0.884014 0.115986 0
0.960651 0.039349 0
0.696995 0.303005 0
0.951715 0.0482854 0
0.818995 0.181005 0
0.858756 0.141244 0
0.832908 0.167092 0
0.29218 0.70782 0
0.976588 0.023412 0
0.853268 0.146732 0
0.772885 0.227115 0
0.906135 0.0938653 0
0.692468 0.307532 0
0.272043 0.727956 0
0.795505 0.204495 0
0.960962 0.0390381 0
0.934871 0.0651293 0
0.887222 0.112778 0
0.979625 0.0203747 0
0.932133 0.0678672 0
0.982035 0.0179652 0
0.893071 0.106929 0
0.954958 0.0450418 0
0.962817 0.0371834 0
0.950509 0.0494907 0
0.402508 0.597491 0
0.872809 0.127191 0
0.983449 0.0165507 0
0.975748 0.0242517 0
0.954745 0.0452552 0
0.967195 0.0328053 0
0.25653 0.743469 0
0.903656 0.0963444 0
0.96827 0.0317299 0
0.971154 0.0288456 0
0.855778 0.144222 0
0.978332 0.0216679 0
0.98259 0.0174095 0
0.973588 0.0264119 0
0.981167 0.0188325 0
0.0591558 0.940844 0
0.634675 0.365325 0
0.914493 0.0855072 0
0.968451 0.0315485 0
0.970539 0.0294611 0
0.952044 0.0479562 0
0.70169 0.29831 0
0.441127 0.558873 0
0.97934 0.0206601 0
0.831103 0.168897 0
0.981477 0.0185231 0
0.358471 0.641529 0
0.958249 0.0417508 0
0.740608 0.259392 0
0.968528 0.031472 0
0.706275 0.293725 0
0.936088 0.0639118 0
0.986672 0.0133278 0
0.902077 0.0979232 0
0.765918 0.234082 0
0.983208 0.016792 0
0.649334 0.350666 0
0.856116 0.143884 0
0.924439 0.0755611 0
0.535391 0.464609 0
0.987091 0.0129085 0
0.944887 0.0551133 0
0.950413 0.0495872 0
0.974359 0.0256408 0
0.901196 0.0988043 0
0.989247 0.010753 0
0.985335 0.0146653 0
0.989495 0.0105047 0
0.925569 0.074431 0
0.877297 0.122702 0
0.906051 0.0939492 0
0.308536 0.691464 0
0.972536 0.0274643 0
0.968032 0.0319681 0
0.976424 0.0235761 0
0.973814 0.0261864 0
0.972123 0.0278773 0
0.976541 0.0234592 0
0.896134 0.103866 0
0.484238 0.515762 0
0.963333 0.036667 0
0.918751 0.0812489 0
0.74991 0.25009 0
0.939136 0.060864 0
0.852835 0.147165 0
0.903714 0.0962864 0
0.96885 0.0311499 0
0.955072 0.0449284 0
0.958999 0.0410011 0
0.939018 0.0609819 0
0.916181 0.0838193 0
0.892049 0.107951 0
0.970834 0.0291665 0
0.987747 0.0122526 0
0.967571 0.0324294 0
0.916301 0.083699 0
0.975849 0.0241512 0
0.808718 0.191282 0
0.968979 0.031021 0
0.894843 0.105157 0
0.981156 0.0188442 0
0.960275 0.039725 0
0.921692 0.0783085 0
0.828058 0.171942 0
0.923544 0.0764559 0
0.840994 0.159006 0
0.954889 0.0451109 0
0.175399 0.824601 0
0.969239 0.0307615 0
0.87915 0.12085 0
0.967871 0.0321285 0
0.984057 0.0159435 0
0.98811 0.01189 0
0.285828 0.714172 0
0.934891 0.0651095 0
0.72475 0.27525 0
0.980976 0.0190237 0
0.909385 0.0906151 0
0.979532 0.0204684 0
0.873252 0.126748 0
0.65357 0.34643 0
0.964019 0.0359814 0
0.96496 0.0350399 0
0.930499 0.0695006 0
0.364086 0.635914 0
0.790834 0.209166 0
0.745944 0.254056 0
0.95071 0.0492898 0
0.97275 0.0272503 0
0.906491 0.0935088 0
0.854737 0.145263 0
0.655246 0.344754 0
0.899811 0.100189 0
0.983065 0.0169351 0
0.885819 0.114181 0
0.971214 0.0287856 0
0.979034 0.0209664 0
0.896703 0.103297 0
0.930798 0.0692025 0
0.722657 0.277343 0
0.606242 0.393758 0
0.975383 0.0246168 0
0.942856 0.0571443 0
0.976779 0.0232213 0
0.840733 0.159267 0
0.613976 0.386024 0
0.968793 0.0312072 0
0.991372 0.00862753 0
0.942894 0.0571064 0
0.661649 0.338351 0
0.933529 0.0664712 0
0.722205 0.277795 0
0.972181 0.0278185 0
0.961418 0.0385822 0
0.975101 0.0248989 0
0.180175 0.819825 0
0.972797 0.0272029 0
0.469315 0.530685 0
0.767606 0.232394 0
0.956864 0.0431358 0
0.987916 0.0120837 0
0.978504 0.0214963 0
0.9047 0.0953003 0
0.731628 0.268372 0
0.941166 0.0588338 0
0.73799 0.26201 0
0.970535 0.0294646 0
0.978934 0.0210659 0
0.987069 0.0129314 0
0.735931 0.264069 0
0.982645 0.0173548 0
0.983542 0.0164578 0
0.9279 0.0720996 0
0.961396 0.0386042 0
0.987447 0.0125534 0
0.940682 0.0593183 0
0.982686 0.0173138 0
0.952516 0.0474843 0
0.711025 0.288975 0
0.892877 0.107123 0
0.87809 0.12191 0
0.875276 0.124724 0
0.953134 0.0468665 0
0.967466 0.0325338 0
0.985189 0.0148106 0
0.961142 0.0388582 0
0.917162 0.0828381 0
0.972517 0.0274834 0
0.811764 0.188236 0
0.975308 0.0246924 0
0.98845 0.0115499 0
0.986917 0.0130833 0
0.941214 0.0587862 0
0.980934 0.0190663 0
0.547298 0.452702 0
0.526012 0.473988 0
0.987909 0.0120908 0
0.955251 0.0447495 0
0.983468 0.0165318 0
0.640638 0.359362 0
0.978694 0.0213063 0
0.892221 0.107779 0
0.983531 0.0164692 0
0.724687 0.275313 0
0.984765 0.0152352 0
0.987648 0.0123519 0
0.965181 0.0348188 0
0.82623 0.17377 0
0.969738 0.0302621 0
0.976959 0.0230406 0
0.68366 0.31634 0
0.986658 0.0133423 0
0.9831 0.0168998 0
0.970503 0.0294973 0
0.977049 0.0229513 0
0.805886 0.194114 0
0.781277 0.218723 0
0.981882 0.0181181 0
0.887821 0.112179 0
0.72158 0.27842 0
0.968449 0.0315509 0
0.732995 0.267005 0
0.844041 0.155959 0
0.900962 0.0990378 0
0.956513 0.0434866 0
0.938285 0.0617152 0
0.0880491 0.911951 0
0.300884 0.699116 0
0.845908 0.154092 0
0.834794 0.165206 0
0.840413 0.159587 0
0.945848 0.0541516 0
0.886249 0.113751 0
0.985992 0.0140082 0
0.950227 0.0497727 0
0.964457 0.0355432 0
0.969197 0.0308031 0
0.0182338 0.981766 0
0.686086 0.313914 0
0.150241 0.849759 0
0.72477 0.27523 0
0.984327 0.0156726 0
0.983569 0.0164313 0
0.984872 0.0151283 0
0.984672 0.015328 0
0.720605 0.279395 0
0.944632 0.0553683 0
0.27169 0.72831 0
0.0459821 0.954018 0
0.974977 0.0250231 0
0.866436 0.133564 0
0.482303 0.517697 0
0.981749 0.0182512 0
0.241493 0.758507 0
0.963633 0.0363667 0
0.859433 0.140567 0
0.00963576 0.990364 1
0.105501 0.894499 1
0.73232 0.26768 1
0.0206251 0.979375 1
0.068742 0.931258 1
0.161194 0.838806 1
0.0774264 0.922574 1
0.0241247 0.975875 1
0.516939 0.483061 1
0.154877 0.845123 1
0.0159748 0.984025 1
0.852953 0.147047 1
0.0155104 0.98449 1
0.235422 0.764578 1
0.0135929 0.986407 1
0.128338 0.871662 1
0.285699 0.714301 1
0.0303703 0.96963 1
0.167004 0.832996 1
0.674895 0.325105 1
0.0564637 0.943536 1
0.0183861 0.981614 1
0.0526479 0.947352 1
0.151042 0.848958 1
0.0158214 0.984179 1
0.0756372 0.924363 1
0.041419 0.958581 1
0.0235755 0.976425 1
0.0572911 0.942709 1
0.030174 0.969826 1
0.0468725 0.953128 1
0.0367571 0.963243 1
0.125353 0.874647 1
0.00864084 0.991359 1
0.138051 0.861949 1
0.0251025 0.974898 1
0.0489826 0.951017 1
0.0183644 0.981636 1
0.0130653 0.986935 1
0.067742 0.932258 1
0.0893511 0.910649 1
0.220219 0.779781 1
0.0147756 0.985224 1
0.646089 0.353911 1
0.0116851 0.988315 1
0.0439847 0.956015 1
0.0109914 0.989009 1
0.559245 0.440755 1
0.448095 0.551905 1
0.893677 0.106323 1
0.0193173 0.980683 1
0.052762 0.947238 1
0.770023 0.229977 1
0.0110979 0.988902 1
0.511429 0.488571 1
0.452274 0.547726 1
0.0345488 0.965451 1
0.0387314 0.961269 1
0.105455 0.894545 1
0.172306 0.827694 1
0.285515 0.714485 1
0.139559 0.860441 1
0.0114235 0.988576 1
0.0124457 0.987554 1
0.0300838 0.969916 1
0.574392 0.425608 1
0.0350318 0.964968 1
0.15469 0.845309 1
0.0751908 0.924809 1
0.0217555 0.978244 1
0.0309781 0.969022 1
0.0380967 0.961903 1
0.0518167 0.948183 1
0.409546 0.590454 1
0.915959 0.0840408 1
0.12889 0.87111 1
0.013478 0.986522 1
0.147698 0.852302 1
0.00614457 0.993855 1
0.0149328 0.985067 1
0.0205546 0.979445 1
0.124609 0.875391 1
0.821568 0.178432 1
0.00819325 0.991807 1
0.634927 0.365073 1
0.087116 0.912884 1
0.056362 0.943638 1
0.0159801 0.98402 1
0.219027 0.780973 1
0.260975 0.739025 1
0.0604687 0.939531 1
0.00638307 0.993617 1
0.147511 0.852489 1
0.145669 0.854331 1
0.0117961 0.988204 1
0.0232065 0.976794 1
0.0061482 0.993852 1
0.781824 0.218176 1
0.0783317 0.921668 1
0.398098 0.601902 1
0.0235659 0.976434 1
0.0605549 0.939445 1
0.665132 0.334868 1
0.0212964 0.978704 1
0.039333 0.960667 1
0.351289 0.648711 1
0.0381688 0.961831 1
0.0502742 0.949726 1
0.071537 0.928463 1
0.124041 0.875959 1
0.022621 0.977379 1
0.0232346 0.976765 1
0.640072 0.359928 1
0.0288576 0.971142 1
0.353293 0.646707 1
0.0162249 0.983775 1
0.00802476 0.991975 1
0.019201 0.980799 1
0.0319411 0.968059 1
0.0474544 0.952546 1
0.112226 0.887774 1
0.0596149 0.940385 1
0.0318286 0.968171 1
0.303692 0.696308 1
0.0170213 0.982979 1
0.194097 0.805903 1
0.973624 0.0263763 1
0.0106854 0.989315 1
0.00930401 0.990696 1
0.0655617 0.934438 1
0.00758529 0.992415 1
0.0369671 0.963033 1
0.0230969 0.976903 1
0.0240406 0.975959 1
0.0336273 0.966373 1
0.034099 0.965901 1
0.0127968 0.987203 1
0.00924985 0.99075 1
0.00794654 0.992054 1
0.284516 0.715484 1
0.00590512 0.994095 1
0.113722 0.886278 1
0.104543 0.895457 1
0.436354 0.563646 1
0.0465571 0.953443 1
0.0473708 0.952629 1
0.0499647 0.950035 1
0.0125904 0.98741 1
0.215262 0.784738 1
0.753474 0.246526 1
0.0116664 0.988334 1
0.0120794 0.987921 1
0.0108651 0.989135 1
0.0116196 0.98838 1
0.672963 0.327037 1
0.385502 0.614498 1
0.130637 0.869363 1
0.0426186 0.957381 1
0.3314 0.6686 1
0.0391882 0.960812 1
0.0535279 0.946472 1
0.0639198 0.93608 1
0.0592661 0.940734 1
0.026186 0.973814 1
0.0669293 0.933071 1
0.051968 0.948032 1
0.93158 0.0684205 1
0.940631 0.0593694 1
0.0478057 0.952194 1
0.0505099 0.94949 1
0.00808643 0.991914 1
0.053695 0.946305 1
0.85646 0.14354 1
0.143755 0.856245 1
0.313985 0.686015 1
0.0326333 0.967367 1
0.11559 0.88441 1
0.823201 0.176799 1
0.0132295 0.986771 1
0.239124 0.760876 1
0.0417486 0.958251 1
0.853867 0.146133 1
0.00932885 0.990671 1
0.0224759 0.977524 1
0.435499 0.564501 1
0.0824467 0.917553 1
0.0690191 0.930981 1
0.43587 0.56413 1
0.0271746 0.972825 1
0.294816 0.705184 1
0.0193954 0.980605 1
0.16204 0.83796 1
0.645656 0.354344 1
0.159405 0.840595 1
0.451323 0.548677 1
0.767828 0.232172 1
0.278895 0.721105 1
0.0293643 0.970636 1
0.0188492 0.981151 1
0.193269 0.806731 1
0.0541796 0.94582 1
0.0668537 0.933146 1
0.0160153 0.983985 1
0.0610315 0.938968 1
0.153471 0.846529 1
0.0115314 0.988469 1
0.00882979 0.99117 1
0.448455 0.551545 1
0.21608 0.78392 1
0.0305954 0.969405 1
0.0160453 0.983955 1
0.00958667 0.990413 1
0.871082 0.128918 1
0.281377 0.718623 1
0.0516489 0.948351 1
0.0107574 0.989243 1
0.585947 0.414053 1
0.097397 0.902603 1
0.0392641 0.960736 1
0.00793293 0.992067 1
0.0516698 0.94833 1
0.0188729 0.981127 1
0.011804 0.988196 1
0.405618 0.594382 1
0.00771818 0.992282 1
0.348572 0.651429 1
0.0158918 0.984108 1
0.55199 0.44801 1
0.0672344 0.932766 1
0.845152 0.154848 1
0.0270505 0.97295 1
0.0649631 0.935037 1
0.309573 0.690427 1
0.0595252 0.940475 1
0.0494617 0.950538 1
0.0222298 0.97777 1
0.0956764 0.904324 1
0.316836 0.683164 1
0.14232 0.857681 1
0.0319293 0.968071 1
0.522566 0.477434 1
0.822221 0.177779 1
0.0987666 0.901233 1
0.0815612 0.918439 1
0.125361 0.87464 1
0.314269 0.685731 1
0.270216 0.729784 1
0.00788455 0.992115 1
0.0151204 0.98488 1
0.00836944 0.99163 1
0.00687959 0.99312 1
0.166946 0.833054 1
0.114798 0.885202 1
0.017681 0.982319 1
0.385181 0.614819 1
0.273087 0.726913 1
0.0333367 0.966663 1
0.123624 0.876376 1
0.0108401 0.98916 1
0.986035 0.0139646 1
0.00910967 0.99089 1
0.204157 0.795843 1
0.205928 0.794072 1
0.0409714 0.959029 1
0.0287306 0.971269 1
0.0144221 0.985578 1
0.0121577 0.987842 1
0.00859266 0.991407 1
0.79562 0.20438 1
0.132192 0.867808 1
0.0685987 0.931401 1
0.79395 0.20605 1
0.82023 0.17977 1
0.890161 0.109839 1
0.0137528 0.986247 1
0.0233189 0.976681 1
0.0205948 0.979405 1
0.043321 0.956679 1
0.0190344 0.980966 1
0.0240601 0.97594 1
0.00937636 0.990624 1
0.0124118 0.987588 1
0.174874 0.825126 1
0.0285786 0.971421 1
0.135474 0.864526 1
0.00756192 0.992438 1
0.0221212 0.977879 1
0.308811 0.691189 1
0.0159346 0.984065 1
0.0361981 0.963802 1
0.0414544 0.958546 1
0.0524087 0.947591 1
0.371481 0.628519 1
0.0210459 0.978954 1
0.0474508 0.952549 1
0.237334 0.762666 1
0.0372263 0.962774 1
0.315386 0.684614 1
0.0129582 0.987042 1
0.189699 0.810301 1
0.0278917 0.972108 1
0.439231 0.560769 1
0.0105249 0.989475 1
0.0783189 0.921681 1
0.0131067 0.986893 1
0.0452998 0.9547 1
0.235232 0.764768 1
0.01856 0.98144 1
0.133224 0.866776 1
0.0528186 0.947181 1
0.0196283 0.980372 1
0.678847 0.321153 1
0.0948814 0.905119 1
0.0182771 0.981723 1
0.580097 0.419903 1
0.33332 0.66668 1
0.75054 0.24946 1
0.0168951 0.983105 1
0.855373 0.144627 1
0.0519011 0.948099 1
0.705231 0.294769 1
0.018255 0.981745 1
0.0976233 0.902377 1
0.0155439 0.984456 1
0.658196 0.341804 1
0.109931 0.890068 1
0.464833 0.535167 1
0.0266025 0.973397 1
0.0124459 0.987554 1
0.0301822 0.969818 1
0.0127975 0.987202 1
0.0392703 0.96073 1
0.0163377 0.983662 1
0.75411 0.24589 1
0.260588 0.739412 1
0.077838 0.922162 1
0.0571106 0.942889 1
0.146997 0.853003 1
0.00957784 0.990422 1
0.0731033 0.926897 1
0.20789 0.79211 1
0.0306633 0.969337 1
0.404903 0.595097 1
0.172701 0.827298 1
0.334314 0.665686 1
0.0204313 0.979569 1
0.0111057 0.988894 1
0.168229 0.831771 1
0.0771905 0.92281 1
0.011885 0.988115 1
0.154964 0.845036 1
0.128552 0.871448 1
0.0281877 0.971812 1
0.633064 0.366936 1
0.775273 0.224727 1
0.0970905 0.90291 1
0.0450096 0.95499 1
0.882197 0.117803 1
0.00702752 0.992972 1
0.0157847 0.984215 1
0.544446 0.455554 1
0.081958 0.918042 1
0.603561 0.396439 1
0.0171238 0.982876 1
0.0126444 0.987356 1
0.165596 0.834404 1
0.019349 0.980651 1
0.204105 0.795895 1
0.286596 0.713404 1
0.0600623 0.939938 1
0.363525 0.636475 1
0.855305 0.144695 1
0.143237 0.856763 1
0.910073 0.0899271 1
0.0221681 0.977832 1
0.45592 0.54408 1
0.0589208 0.941079 1
0.781009 0.218991 1
0.662967 0.337033 1
0.0312778 0.968722 1
0.37534 0.62466 1
0.00732168 0.992678 1
0.0371102 0.96289 1
0.00945441 0.990546 1
0.0228655 0.977135 1
0.0658725 0.934127 1
0.0468596 0.95314 1
0.923119 0.0768814 1
0.206459 0.793541 1
0.00632586 0.993674 1
0.04032 0.95968 1
0.545944 0.454056 1
0.00858823 0.991412 1
0.0110527 0.988947 1
0.211494 0.788506 1
0.415901 0.584099 1
0.00769238 0.992308 1
0.123147 0.876853 1
0.510633 0.489367 1
0.0825553 0.917445 1
0.180195 0.819805 1
0.0471876 0.952812 1
0.00959919 0.990401 1
0.0148198 0.98518 1
0.0165031 0.983497 1
0.46343 0.53657 1
0.0165893 0.983411 1
0.239826 0.760174 1
0.144753 0.855247 1
0.0602285 0.939771 1
0.103756 0.896244 1
0.478867 0.521133 1
0.690903 0.309097 1
0.550961 0.449039 1
0.522127 0.477873 1
0.508837 0.491163 1
0.0359492 0.964051 1
0.0106318 0.989368 1
0.368648 0.631352 1
0.0201138 0.979886 1
0.0340068 0.965993 1
0.0685976 0.931402 1
0.11383 0.88617 1
0.0160527 0.983947 1
0.058792 0.941208 1
0.0148543 0.985146 1
0.682803 0.317197 1
0.0490421 0.950958 1
0.0132172 0.986783 1
0.0629579 0.937042 1
0.577675 0.422325 1
0.00762043 0.99238 1
0.228761 0.771239 1
0.00889363 0.991106 1
0.0244594 0.975541 1
0.589283 0.410717 1
0.179185 0.820815 1
0.0905903 0.90941 1
0.0119498 0.98805 1
0.0206532 0.979347 1
0.938963 0.0610374 1
0.0316852 0.968315 1
0.0411757 0.958824 1
0.711722 0.288278 1
0.176668 0.823332 1
0.576689 0.423311 1
0.0186639 0.981336 1
0.270016 0.729984 1
0.0175035 0.982497 1
0.0160954 0.983905 1
0.0157099 0.98429 1
0.91267 0.08733 1
0.0150342 0.984966 1
0.0191974 0.980803 1
0.320773 0.679227 1
0.0354663 0.964534 1
0.0948856 0.905114 1
0.837582 0.162418 1
0.103912 0.896088 1
0.0154501 0.98455 1
0.0203434 0.979657 1
0.0324652 0.967535 1
0.0115833 0.988417 1
0.28111 0.71889 1
0.520998 0.479002 1
0.0296946 0.970305 1
0.157617 0.842383 1
0.0256521 0.974348 1
0.392687 0.607313 1
0.00816641 0.991834 1
0.293473 0.706527 1
0.0224433 0.977557 1
0.172339 0.827661 1
0.101419 0.898581 1
0.380855 0.619145 1
0.573734 0.426266 1
0.021448 0.978552 1
0.00760643 0.992394 1
0.0291555 0.970845 1
0.103885 0.896115 1
0.0365733 0.963427 1
0.226187 0.773813 1
0.0252732 0.974727 1
0.482779 0.517221 1
0.0137472 0.986253 1
0.0480515 0.951949 1
0.0135189 0.986481 1
0.0203375 0.979662 1
0.405122 0.594878 1
0.0196517 0.980348 1
0.00866361 0.991336 1
0.0316424 0.968358 1
0.195757 0.804243 1
0.388743 0.611257 1
0.0131578 0.986842 1
0.0280675 0.971933 1
0.816399 0.183601 1
0.95432 0.0456801 1
0.108864 0.891136 1
0.191473 0.808527 1
0.0073026 0.992697 1
0.315426 0.684574 1
0.0181074 0.981893 1
0.0406221 0.959378 1
0.0402001 0.9598 1
0.275949 0.724051 1
0.1595 0.8405 1
0.239009 0.760991 1
0.0286075 0.971392 1
0.011382 0.988618 1
0.076877 0.923123 1
0.11471 0.88529 1
0.0431791 0.956821 1
0.569918 0.430082 1
0.0402634 0.959737 1
0.0254024 0.974598 1
0.00783239 0.992168 1
0.0212693 0.978731 1
0.0135296 0.98647 1
0.338707 0.661293 1
0.143467 0.856533 1
0.0432888 0.956711 1
0.416823 0.583178 1
0.0854576 0.914542 1
0.033201 0.966799 1
0.0643205 0.935679 1
0.137606 0.862394 1
0.483955 0.516045 1
0.0255208 0.974479 1
0.0979946 0.902005 1
0.778082 0.221918 1
0.0086139 0.991386 1
0.0601661 0.939834 1
0.244354 0.755646 1
0.0168403 0.98316 1
0.601721 0.398279 1
0.30093 0.69907 1
0.0122224 0.987778 1
0.206103 0.793897 1
0.0281904 0.97181 1
0.0327739 0.967226 1
0.475326 0.524674 1
0.372281 0.627719 1
0.0260778 0.973922 1
0.0225334 0.977467 1
0.0428523 0.957148 1
0.0674603 0.93254 1
0.0248072 0.975193 1
0.0106849 0.989315 1
0.0560089 0.943991 1
0.00759243 0.992408 1
0.27145 0.72855 1
0.0281639 0.971836 1
0.0141973 0.985803 1
0.0109726 0.989027 1
0.0821989 0.917801 1
0.191444 0.808556 1
0.828477 0.171523 1
0.00542456 0.994575 1
0.0410229 0.958977 1
0.0908739 0.909126 1
0.540163 0.459837 1
0.0191413 0.980859 1
0.0349816 0.965018 1
0.0831624 0.916838 1
0.0141412 0.985859 1
0.044916 0.955084 1
0.0222992 0.977701 1
0.804592 0.195408 1
0.0437764 0.956224 1
0.923012 0.0769877 1
0.144323 0.855677 1
0.120739 0.879261 1
0.0337576 0.966242 1
0.0971711 0.902829 1
0.00867178 0.991328 1
0.0206536 0.979346 1
0.125184 0.874816 1
0.0183547 0.981645 1
0.0249498 0.97505 1
0.0119003 0.9881 1
0.0414828 0.958517 1
0.272576 0.727424 1
0.0304469 0.969553 1
0.0124043 0.987596 1
0.050554 0.949446 1
0.615375 0.384625 1
0.0577862 0.942214 1
0.0187899 0.98121 1
0.00908301 0.990917 1
0.0123496 0.98765 1
0.101484 0.898516 1
0.178675 0.821325 1
0.322031 0.677969 1
0.477428 0.522572 1
0.0935911 0.906409 1
0.505149 0.494851 1
0.00988074 0.990119 1
0.0216202 0.97838 1
0.15285 0.84715 1
0.0180435 0.981956 1
0.408463 0.591537 1
0.920033 0.0799669 1
0.606548 0.393451 1
0.231102 0.768898 1
0.0125109 0.987489 1
0.0231814 0.976819 1
0.282393 0.717607 1
0.014688 0.985312 1
0.240284 0.759716 1
0.0314919 0.968508 1
0.0171714 0.982829 1
0.0292678 0.970732 1
0.0234354 0.976565 1
0.0189439 0.981056 1
0.00794461 0.992055 1
0.0133769 0.986623 1
0.920611 0.0793892 1
0.0141815 0.985819 1
0.0229357 0.977064 1
0.433161 0.566839 1
0.405763 0.594237 1
0.0780806 0.921919 1
0.0437996 0.9562 1
0.150547 0.849453 1
0.0153893 0.984611 1
0.0373157 0.962684 1
0.350309 0.649691 1
0.020327 0.979673 1
0.023531 0.976469 1
0.0128291 0.987171 1
0.710698 0.289302 1
0.0358106 0.964189 1
0.210751 0.789249 1
0.0113008 0.988699 1
0.0672333 0.932767 1
0.0073688 0.992631 1
0.0103023 0.989698 1
0.264399 0.735601 1
0.145955 0.854045 1
0.242284 0.757716 1
0.00652963 0.99347 1
0.120905 0.879095 1
0.379126 0.620874 1
0.0244975 0.975502 1
0.0185652 0.981435 1
0.0436447 0.956355 1
0.0158859 0.984114 1
0.00842788 0.991572 1
0.914634 0.0853658 1
0.0902847 0.909715 1
0.0168054 0.983195 1
0.0618792 0.938121 1
0.018366 0.981634 1
0.0163932 0.983607 1
0.238391 0.761609 1
0.0169083 0.983092 1
0.0215693 0.978431 1
0.0700806 0.929919 1
0.0111348 0.988865 1
0.0103274 0.989673 1
0.0449702 0.95503 1
0.019668 0.980332 1
0.748851 0.251149 1
0.0218916 0.978108 1
0.0382049 0.961795 1
0.00708632 0.992914 1
0.036789 0.963211 1
0.380297 0.619703 1
0.161305 0.838695 1
0.069379 0.930621 1
0.0105492 0.989451 1
0.0183875 0.981613 1
0.0273005 0.972699 1
0.0305325 0.969468 1
0.0161567 0.983843 1
0.0625214 0.937479 1
0.337005 0.662995 1
0.730334 0.269666 1
0.0185205 0.981479 1
0.0197736 0.980226 1
0.710174 0.289826 1
0.325761 0.674239 1
0.4291 0.5709 1
0.013759 0.986241 1
0.0169561 0.983044 1
0.0400204 0.95998 1
0.0126069 0.987393 1
0.806212 0.193788 1
0.020035 0.979965 1
0.0627916 0.937208 1
0.0632885 0.936711 1
0.0349131 0.965087 1
0.0204053 0.979595 1
0.0263222 0.973678 1
0.00961876 0.990381 1
0.0236224 0.976378 1
0.0144034 0.985596 1
0.66912 0.33088 1
0.0338673 0.966133 1
0.0221483 0.977852 1
0.331126 0.668874 1
0.127798 0.872202 1
0.0456432 0.954357 1
0.045381 0.954619 1
0.020546 0.979454 1
0.0381977 0.961802 1
0.169487 0.830513 1
0.150969 0.84903 1
0.244152 0.755848 1
0.283393 0.716607 1
0.0304215 0.969579 1
0.04418 0.95582 1
0.0110764 0.988924 1
0.0681045 0.931895 1
0.0250528 0.974947 1
0.738635 0.261365 1
0.101271 0.898729 1
0.162147 0.837853 1
0.0202935 0.979707 1
0.0301586 0.969841 1
0.855653 0.144347 1
0.835665 0.164335 1
0.00783304 0.992167 1
0.185878 0.814122 1
0.0297085 0.970291 1
0.0131179 0.986882 1
0.0166024 0.983398 1
0.00856606 0.991434 1
0.0698228 0.930177 1
0.104803 0.895197 1
0.014546 0.985454 1
0.0252623 0.974738 1
0.665632 0.334368 1
0.0590077 0.940992 1
0.0229883 0.977012 1
0.0327218 0.967278 1
0.020896 0.979104 1
0.0252272 0.974773 1
0.0109239 0.989076 1
0.947487 0.052513 1
0.0064441 0.993556 1
0.0116363 0.988364 1
0.858079 0.141921 1
0.0634846 0.936515 1
0.0202317 0.979768 1
0.0623542 0.937646 1
0.00869713 0.991303 1
0.0239529 0.976047 1
0.0730433 0.926957 1
0.0519438 0.948056 1
0.179718 0.820282 1
0.215482 0.784518 1
0.270261 0.729739 1
0.633981 0.366019 1
0.0113418 0.988658 1
0.0591774 0.940823 1
0.71193 0.28807 1
0.259787 0.740213 1
0.0177474 0.982253 1
0.760375 0.239624 1
0.0802442 0.919756 1
0.202502 0.797498 1
0.202872 0.797128 1
0.165165 0.834835 1
0.0337164 0.966284 1
0.0905901 0.90941 1
0.0653423 0.934658 1
0.021554 0.978446 1
0.739207 0.260793 1
0.0823533 0.917647 1
0.00752875 0.992471 1
0.0342909 0.965709 1
0.218546 0.781454 1
0.0124928 0.987507 1
0.729062 0.270938 1
0.0316293 0.968371 1
0.0151308 0.984869 1
0.00972698 0.990273 1
0.00782686 0.992173 1
0.0412808 0.958719 1
0.148128 0.851872 1
0.023078 0.976922 1
0.0395129 0.960487 1
0.0341762 0.965824 1
0.177499 0.822501 1
0.0164534 0.983547 1
0.0229951 0.977005 1
0.271402 0.728598 1
0.0245836 0.975416 1
0.00895947 0.991041 1
0.646726 0.353274 1
0.118306 0.881694 1
0.0221044 0.977896 1
0.0348195 0.96518 1
0.463832 0.536168 1
0.219738 0.780262 1
0.731263 0.268737 1
0.116337 0.883663 1
0.0357332 0.964267 1
0.806628 0.193372 1
0.43461 0.56539 1
0.70171 0.29829 1
0.849089 0.150911 1
0.00763915 0.992361 1
0.102827 0.897173 1
0.460319 0.539681 1
0.00756672 0.992433 1
0.716176 0.283824 1
0.0366817 0.963318 1
0.00828393 0.991716 1
0.0887598 0.91124 1
0.392195 0.607805 1
0.027715 0.972285 1
0.0100932 0.989907 1
0.686551 0.313449 1
0.100745 0.899255 1
0.0933132 0.906687 1
0.154592 0.845408 1
0.00714092 0.992859 1
0.0137964 0.986204 1
0.12009 0.87991 1
0.0345648 0.965435 1
0.0239732 0.976027 1
0.352209 0.647791 1
0.952415 0.047585 1
0.626581 0.373419 1
0.182867 0.817133 1
0.384692 0.615308 1
0.022446 0.977554 1
0.061085 0.938915 1
0.0297512 0.970249 1
0.0809225 0.919078 1
0.174462 0.825538 1
0.066071 0.933929 1
0.0534164 0.946584 1
0.0167968 0.983203 1
0.0103827 0.989617 1
0.154666 0.845334 1
0.0086907 0.991309 1
0.0366033 0.963397 1
0.0328064 0.967194 1
0.36638 0.63362 1
0.0114881 0.988512 1
0.044103 0.955897 1
0.85919 0.14081 1
0.976923 0.0230768 1
0.0206714 0.979329 1
0.0174481 0.982552 1
0.142232 0.857768 1
0.470768 0.529232 1
0.00723666 0.992763 1
0.0123878 0.987612 1
0.689578 0.310422 1
0.449583 0.550417 1
0.0248512 0.975149 1
0.0101073 0.989893 1
0.0294856 0.970514 1
0.0231782 0.976822 1
0.0100363 0.989964 1
0.00871189 0.991288 1
0.0574561 0.942544 1
0.445909 0.554091 1
0.0155634 0.984437 1
0.0340517 0.965948 1
0.168226 0.831774 1
0.515761 0.484239 1
0.0319685 0.968031 1
0.0925013 0.907499 1
0.036149 0.963851 1
0.016177 0.983823 1
0.0114909 0.988509 1
0.0114125 0.988587 1
0.0388259 0.961174 1
0.0656365 0.934363 1
0.0116724 0.988328 1
0.0729906 0.927009 1
0.00847248 0.991527 1
0.0143294 0.985671 1
0.0116749 0.988325 1
0.0223404 0.97766 1
0.0212725 0.978728 1
0.0385095 0.961491 1
0.00985041 0.99015 1
0.961567 0.0384325 1
0.0633109 0.936689 1
0.0148649 0.985135 1
0.0210063 0.978994 1
0.015763 0.984237 1
0.0125335 0.987467 1
0.0455127 0.954487 1
0.527125 0.472875 1
0.12102 0.87898 1
0.0622621 0.937738 1
0.0108445 0.989155 1
0.179857 0.820143 1
0.638031 0.361968 1
0.0312094 0.968791 1
0.0117222 0.988278 1
0.0152669 0.984733 1
0.0182133 0.981787 1
0.113867 0.886133 1
0.463551 0.536449 1
0.0169108 0.983089 1
0.669798 0.330202 1
0.200728 0.799272 1
0.0605078 0.939492 1
0.701535 0.298465 1
0.0885637 0.911436 1
0.116817 0.883183 1
0.009702 0.990298 1
0.27027 0.72973 1
0.0321295 0.96787 1
0.0147857 0.985214 1
0.0102081 0.989792 1
0.0974539 0.902546 1
0.486767 0.513233 1
0.0309173 0.969083 1
0.00632769 0.993672 1
0.0263817 0.973618 1
0.0309658 0.969034 1
0.346408 0.653592 1
0.509516 0.490484 1
0.0257668 0.974233 1
0.261457 0.738543 1
0.125603 0.874397 1
0.0193002 0.9807 1
0.658059 0.341941 1
0.138156 0.861844 1
0.27588 0.72412 1
0.0184895 0.981511 1
0.915203 0.0847968 1
0.111805 0.888195 1
0.101649 0.898351 1
0.0100654 0.989935 1
0.00716157 0.992838 1
0.0261457 0.973854 1
0.0200444 0.979956 1
0.00767978 0.99232 1
0.0102483 0.989752 1
0.024381 0.975619 1
0.00801346 0.991987 1
0.0198379 0.980162 1
0.193229 0.806771 1
0.0165226 0.983477 1
0.0336817 0.966318 1
0.0259102 0.97409 1
0.328531 0.671469 1
0.0411202 0.95888 1
0.025478 0.974522 1
0.57217 0.42783 1
0.042411 0.957589 1
0.117568 0.882432 1
0.0545594 0.945441 1
0.392254 0.607746 1
0.0666775 0.933322 1
0.0124381 0.987562 1
0.845124 0.154877 1
0.029952 0.970048 1
0.0760672 0.923933 1
0.180796 0.819203 1
0.0921104 0.90789 1
0.41552 0.58448 1
0.304337 0.695663 1
0.0367846 0.963215 1
0.0126606 0.987339 1
0.0149598 0.98504 1
0.105417 0.894583 1
0.0260157 0.973984 1
0.230355 0.769645 1
0.722413 0.277588 1
0.0414527 0.958547 1
0.100148 0.899852 1
0.0403201 0.95968 1
0.0118055 0.988194 1
0.0533417 0.946658 1
0.150462 0.849538 1
0.791178 0.208822 1
0.481316 0.518684 1
0.114067 0.885933 1
0.0533945 0.946606 1
0.0599686 0.940031 1
0.19495 0.80505 1
0.0490448 0.950955 1
0.0109582 0.989042 1
0.0348474 0.965153 1
0.038735 0.961265 1
0.0364189 0.963581 1
0.720357 0.279643 1
0.0107997 0.9892 1
0.0320691 0.967931 1
0.245905 0.754095 1
0.271054 0.728946 1
0.0228484 0.977152 1
0.942093 0.057907 1
0.0273202 0.97268 1
0.100298 0.899702 1
0.452963 0.547037 1
0.00704791 0.992952 1
0.136712 0.863288 1
