0.980762 0.0192384 0
0.980208 0.0197918 0
0.948024 0.0519762 0
0.962727 0.037273 0
0.520965 0.479035 0
0.982118 0.0178816 0
0.950179 0.0498208 0
0.945119 0.0548813 0
0.944676 0.0553239 0
0.760382 0.239618 0
0.949236 0.0507639 0
0.923581 0.0764191 0
0.933628 0.0663721 0
0.724693 0.275307 0
0.924049 0.0759509 0
0.891342 0.108658 0
0.103516 0.896484 0
0.854243 0.145757 0
0.269955 0.730045 0
0.949776 0.0502236 0
0.957511 0.0424893 0
0.95284 0.0471596 0
0.979253 0.0207474 0
0.70811 0.29189 0
0.869646 0.130354 0
0.964633 0.0353672 0
0.989939 0.0100613 0
0.949702 0.0502983 0
0.892537 0.107463 0
0.933693 0.0663074 0
0.90656 0.0934403 0
0.445468 0.554532 0
0.88823 0.11177 0
0.988667 0.0113333 0
0.35795 0.64205 0
0.962314 0.0376855 0
0.985247 0.0147525 0
0.627224 0.372776 0
0.951047 0.0489527 0
0.976315 0.023685 0
0.912946 0.0870538 0
0.896233 0.103767 0
0.957301 0.0426989 0
0.700164 0.299836 0
0.966618 0.0333824 0
0.977783 0.0222168 0
0.974554 0.0254455 0
0.852983 0.147017 0
0.984379 0.0156206 0
0.907985 0.0920145 0
0.835693 0.164307 0
0.962465 0.0375354 0
0.838532 0.161468 0
0.976531 0.023469 0
0.952396 0.0476042 0
0.97898 0.02102 0
0.987275 0.0127248 0
0.89901 0.10099 0
0.731594 0.268406 0
0.923244 0.0767561 0
0.0220337 0.977966 0
0.985167 0.0148326 0
0.484848 0.515152 0
0.962538 0.0374623 0
0.586372 0.413628 0
0.979389 0.0206109 0
0.262611 0.737389 0
0.963529 0.0364712 0
0.584834 0.415166 0
0.990467 0.00953245 0
0.985436 0.014564 0
0.891287 0.108713 0
0.959478 0.040522 0
0.914829 0.0851711 0
0.17024 0.82976 0
0.931044 0.0689563 0
0.984547 0.0154533 0
0.959206 0.0407938 0
0.982402 0.0175982 0
0.778588 0.221412 0
0.957052 0.0429478 0
0.982474 0.0175262 0
0.984929 0.015071 0
0.678463 0.321537 0
0.561406 0.438593 0
0.958461 0.0415393 0
0.829637 0.170363 0
0.876637 0.123363 0
0.715169 0.284831 0
0.863855 0.136145 0
0.909608 0.0903921 0
0.968995 0.0310052 0
0.989633 0.0103674 0
0.969875 0.0301253 0
0.974165 0.0258346 0
0.958423 0.041577 0
0.98988 0.0101201 0
0.904285 0.0957148 0
0.892705 0.107295 0
0.977484 0.0225158 0
0.843926 0.156075 0
0.973585 0.0264148 0
0.987746 0.0122542 0
0.977381 0.0226187 0
0.991614 0.008386 0
0.582618 0.417382 0
0.924198 0.0758021 0
0.884523 0.115477 0
0.965788 0.0342121 0
0.98457 0.0154296 0
0.859042 0.140958 0
0.984142 0.0158584 0
0.10167 0.89833 0
0.955453 0.0445469 0
0.987739 0.0122613 0
0.911784 0.0882156 0
0.728133 0.271867 0
0.603349 0.396651 0
0.306322 0.693678 0
0.0343114 0.965689 0
0.854707 0.145293 0
0.830176 0.169824 0
0.942285 0.0577149 0
0.987462 0.0125378 0
0.985743 0.0142573 0
0.916249 0.083751 0
0.880273 0.119727 0
0.954745 0.045255 0
0.26742 0.73258 0
0.986501 0.0134987 0
0.00899109 0.991009 0
0.792888 0.207112 0
0.959805 0.0401952 0
0.95763 0.0423697 0
0.990871 0.00912928 0
0.992489 0.00751099 0
0.785556 0.214444 0
0.991456 0.00854395 0
0.970502 0.0294984 0
0.932401 0.067599 0
0.971577 0.0284231 0
0.965576 0.0344241 0
0.933665 0.0663345 0
0.98054 0.0194603 0
0.926509 0.0734909 0
0.970935 0.029065 0
0.983133 0.0168674 0
0.942704 0.0572955 0
0.925092 0.0749084 0
0.421379 0.578621 0
0.958727 0.0412732 0
0.869621 0.130379 0
0.980398 0.0196016 0
0.724631 0.275369 0
0.582284 0.417716 0
0.781586 0.218414 0
0.955712 0.0442877 0
0.61112 0.38888 0
0.769995 0.230005 0
0.867065 0.132935 0
0.965135 0.0348647 0
0.951849 0.0481513 0
0.986374 0.0136262 0
0.989361 0.0106393 0
0.940155 0.0598448 0
0.815776 0.184224 0
0.822512 0.177488 0
0.983314 0.0166859 0
0.976196 0.0238042 0
0.985578 0.0144218 0
0.962394 0.0376057 0
0.23134 0.76866 0
0.0827775 0.917222 0
0.970769 0.0292311 0
0.960464 0.0395357 0
0.875499 0.124501 0
0.084213 0.915787 0
0.874048 0.125952 0
0.931209 0.0687912 0
0.799833 0.200167 0
0.964525 0.0354746 0
0.983941 0.0160594 0
0.962803 0.0371971 0
0.41366 0.58634 0
0.53308 0.46692 0
0.507707 0.492293 0
0.989045 0.0109546 0
0.0345616 0.965438 0
0.727038 0.272962 0
0.964836 0.0351637 0
0.98196 0.0180396 0
0.958183 0.041817 0
0.940252 0.059748 0
0.952432 0.0475684 0
0.985733 0.0142672 0
0.987912 0.0120875 0
0.982286 0.0177136 0
0.619899 0.380101 0
0.978661 0.0213388 0
0.859552 0.140448 0
0.965756 0.0342438 0
0.971943 0.0280574 0
0.814035 0.185965 0
0.982984 0.0170159 0
0.528966 0.471034 0
0.938623 0.0613768 0
0.987602 0.0123984 0
0.963555 0.0364455 0
0.973021 0.0269789 0
0.529275 0.470725 0
0.741012 0.258988 0
0.121149 0.878851 0
0.963778 0.0362218 0
0.94049 0.0595104 0
0.96531 0.0346905 0
0.958505 0.0414947 0
0.1197 0.8803 0
0.979358 0.0206421 0
0.792748 0.207252 0
0.813307 0.186693 0
0.988726 0.011274 0
0.966055 0.033945 0
0.991952 0.00804759 0
0.834352 0.165648 0
0.971844 0.0281563 0
0.857136 0.142864 0
0.0492502 0.95075 0
0.98752 0.0124799 0
0.570215 0.429786 0
0.931181 0.0688191 0
0.322568 0.677432 0
0.859139 0.140861 0
0.826843 0.173157 0
0.985376 0.014624 0
0.970363 0.029637 0
0.983529 0.0164706 0
0.976443 0.0235575 0
0.760977 0.239023 0
0.988774 0.0112255 0
0.984587 0.0154134 0
0.204772 0.795228 0
0.833583 0.166417 0
0.427209 0.572791 0
0.9884 0.0116004 0
0.897191 0.102809 0
0.821652 0.178348 0
0.972509 0.0274914 0
0.984711 0.0152891 0
0.846644 0.153356 0
0.596272 0.403728 0
0.449732 0.550268 0
0.985453 0.0145466 0
0.977274 0.0227259 0
0.778327 0.221673 0
0.567216 0.432784 0
0.611435 0.388565 0
0.980533 0.0194672 0
0.190691 0.809309 0
0.183902 0.816098 0
0.922869 0.0771315 0
0.853565 0.146435 0
0.12987 0.87013 0
0.98008 0.0199198 0
0.805935 0.194065 0
0.968411 0.0315889 0
0.918718 0.0812815 0
0.900997 0.0990027 0
0.982069 0.0179307 0
0.871837 0.128163 0
0.987491 0.0125086 0
0.955083 0.0449166 0
0.184987 0.815013 0
0.969092 0.0309081 0
0.701267 0.298733 0
0.986582 0.0134178 0
0.947263 0.0527372 0
0.972482 0.0275175 0
0.973182 0.0268184 0
0.974135 0.0258647 0
0.226766 0.773234 0
0.95226 0.0477396 0
0.668499 0.331501 0
0.983072 0.0169276 0
0.972494 0.0275056 0
0.882757 0.117242 0
0.918563 0.0814367 0
0.9881 0.0118996 0
0.981151 0.0188491 0
0.972675 0.0273247 0
0.875536 0.124464 0
0.26013 0.73987 0
0.983822 0.0161784 0
0.126931 0.873069 0
0.872043 0.127957 0
0.929344 0.0706564 0
0.97707 0.0229297 0
0.985967 0.0140328 0
0.919658 0.080342 0
0.975881 0.0241187 0
0.987741 0.0122589 0
0.793893 0.206107 0
0.974413 0.0255869 0
0.969824 0.0301757 0
0.98625 0.0137498 0
0.887902 0.112098 0
0.977872 0.0221276 0
0.550759 0.449241 0
0.975587 0.0244133 0
0.985569 0.0144307 0
0.982021 0.0179787 0
0.97783 0.02217 0
0.853662 0.146338 0
0.963326 0.0366743 0
0.974198 0.0258017 0
0.872447 0.127553 0
0.960699 0.0393013 0
0.771971 0.228029 0
0.611566 0.388434 0
0.787203 0.212797 0
0.719856 0.280144 0
0.978152 0.0218476 0
0.916957 0.0830428 0
0.930939 0.0690614 0
0.977858 0.0221416 0
0.195755 0.804245 0
0.966931 0.0330692 0
0.940345 0.0596548 0
0.978768 0.0212318 0
0.981561 0.0184387 0
0.488113 0.511887 0
0.961582 0.0384179 0
0.925092 0.074908 0
0.977713 0.0222866 0
0.984541 0.0154589 0
0.953407 0.0465928 0
0.971296 0.0287043 0
0.840897 0.159103 0
0.976685 0.0233148 0
0.800356 0.199644 0
0.590521 0.409479 0
0.976873 0.0231268 0
0.672858 0.327142 0
0.988074 0.0119262 0
0.990303 0.00969738 0
0.951395 0.0486049 0
0.987403 0.0125968 0
0.97654 0.0234599 0
0.590077 0.409923 0
0.844821 0.155179 0
0.773341 0.226659 0
0.931856 0.0681442 0
0.343288 0.656712 0
0.972688 0.0273117 0
0.987103 0.0128968 0
0.98336 0.0166398 0
0.953741 0.0462588 0
0.983009 0.0169916 0
0.970711 0.0292893 0
0.974471 0.0255287 0
0.621364 0.378636 0
0.950627 0.0493729 0
0.966747 0.0332527 0
0.517903 0.482097 0
0.988961 0.0110387 0
0.976215 0.0237851 0
0.831531 0.168469 0
0.988983 0.0110168 0
0.973734 0.0262657 0
0.95405 0.0459497 0
0.970603 0.0293966 0
0.948499 0.0515005 0
0.975742 0.0242582 0
0.796591 0.203409 0
0.154224 0.845776 0
0.93786 0.0621404 0
0.979656 0.0203439 0
0.983946 0.016054 0
0.960008 0.039992 0
0.589492 0.410508 0
0.914736 0.0852643 0
0.974175 0.0258249 0
0.941847 0.0581527 0
0.827512 0.172488 0
0.960302 0.0396984 0
0.978707 0.0212935 0
0.95635 0.0436502 0
0.962668 0.0373316 0
0.984105 0.0158946 0
0.0112968 0.988703 0
0.973517 0.0264833 0
0.12126 0.87874 0
0.866742 0.133258 0
0.924091 0.0759093 0
0.988574 0.0114256 0
0.980061 0.0199388 0
0.95466 0.0453402 0
0.978086 0.0219139 0
0.977125 0.0228746 0
0.957719 0.0422806 0
0.54843 0.451569 0
0.940776 0.059224 0
0.931291 0.0687086 0
0.968105 0.0318947 0
0.910643 0.0893573 0
0.981883 0.0181169 0
0.790498 0.209502 0
0.965675 0.0343254 0
0.89946 0.10054 0
0.71829 0.28171 0
0.979238 0.0207617 0
0.950266 0.0497344 0
0.761869 0.238131 0
0.977826 0.0221736 0
0.589943 0.410057 0
0.588397 0.411603 0
0.0304425 0.969557 0
0.916629 0.0833708 0
0.900917 0.0990825 0
0.981106 0.0188936 0
0.893564 0.106436 0
0.97831 0.0216899 0
0.868708 0.131292 0
0.47854 0.52146 0
0.842235 0.157765 0
0.533345 0.466655 0
0.897574 0.102426 0
0.853462 0.146538 0
0.936027 0.0639728 0
0.685404 0.314596 0
0.971868 0.0281319 0
0.803292 0.196708 0
0.906274 0.0937259 0
0.00890601 0.991094 0
0.955857 0.0441429 0
0.963135 0.0368648 0
0.981267 0.0187327 0
0.920116 0.0798843 0
0.958261 0.0417393 0
0.9293 0.0706999 0
0.706061 0.293939 0
0.875358 0.124642 0
0.934996 0.0650044 0
0.71175 0.28825 0
0.980914 0.0190858 0
0.610056 0.389944 0
0.741072 0.258928 0
0.972811 0.0271886 0
0.935761 0.0642387 0
0.989704 0.010296 0
0.95629 0.0437104 0
0.981993 0.0180072 0
0.9847 0.0152996 0
0.380711 0.619289 0
0.9642 0.0357995 0
0.978442 0.0215583 0
0.989023 0.0109765 0
0.975697 0.0243029 0
0.989836 0.010164 0
0.964209 0.0357909 0
0.814433 0.185567 0
0.956156 0.043844 0
0.974268 0.025732 0
0.970745 0.0292546 0
0.0237017 0.976298 0
0.985675 0.0143253 0
0.935424 0.0645763 0
0.705515 0.294485 0
0.97557 0.0244295 0
0.7928 0.2072 0
0.983149 0.0168506 0
0.928708 0.0712918 0
0.711619 0.288381 0
0.972654 0.0273457 0
0.948948 0.0510523 0
0.966121 0.0338794 0
0.984027 0.0159727 0
0.660317 0.339683 0
0.945247 0.0547528 0
0.627918 0.372082 0
0.945256 0.0547437 0
0.955633 0.0443673 0
0.0705932 0.929407 0
0.982855 0.0171451 0
0.184497 0.815503 0
0.968698 0.0313024 0
0.235379 0.764621 0
0.967852 0.0321481 0
0.369615 0.630385 0
0.747086 0.252914 0
0.981785 0.0182154 0
0.96482 0.0351798 0
0.913788 0.0862121 0
0.969307 0.0306931 0
0.973672 0.0263285 0
0.960081 0.0399191 0
0.419719 0.580281 0
0.983716 0.0162839 0
0.976614 0.023386 0
0.96145 0.03855 0
0.705387 0.294613 0
0.955862 0.0441384 0
0.806114 0.193886 0
0.968472 0.0315277 0
0.989082 0.0109176 0
0.953504 0.0464958 0
0.961794 0.0382058 0
0.990809 0.00919118 0
0.990554 0.00944631 0
0.973118 0.0268824 0
0.978141 0.0218588 0
0.970699 0.0293013 0
0.831465 0.168535 0
0.988278 0.011722 0
0.963979 0.036021 0
0.909507 0.0904934 0
0.975952 0.0240479 0
0.783923 0.216077 0
0.388524 0.611476 0
0.98872 0.0112804 0
0.570272 0.429728 0
0.983118 0.0168821 0
0.135344 0.864656 0
0.894688 0.105312 0
0.977215 0.0227847 0
0.36133 0.63867 0
0.978765 0.0212345 0
0.980535 0.0194647 0
0.953692 0.0463082 0
0.97462 0.0253796 0
0.912372 0.0876279 0
0.979733 0.0202668 0
0.929919 0.0700807 0
0.731005 0.268995 0
0.986689 0.0133114 0
0.957713 0.0422872 0
0.908014 0.0919859 0
0.969217 0.0307832 0
0.976309 0.0236908 0
0.987801 0.0121989 0
0.36499 0.63501 0
0.90734 0.0926602 0
0.298206 0.701793 0
0.877616 0.122384 0
0.951223 0.0487767 0
0.934122 0.0658776 0
0.968647 0.0313533 0
0.921898 0.0781023 0
0.89271 0.10729 0
0.855006 0.144994 0
0.402637 0.597363 0
0.978965 0.0210347 0
0.96917 0.0308302 0
0.0220227 0.977977 0
0.0627025 0.937297 0
0.960976 0.0390236 0
0.971069 0.0289308 0
0.983745 0.0162551 0
0.891279 0.108721 0
0.965453 0.0345467 0
0.950976 0.0490236 0
0.974094 0.0259061 0
0.598702 0.401298 0
0.920829 0.0791707 0
0.97148 0.0285203 0
0.943582 0.056418 0
0.972982 0.0270179 0
0.0373209 0.962679 0
0.987268 0.0127319 0
0.925607 0.0743932 0
0.935147 0.0648526 0
0.98509 0.0149095 0
0.978032 0.0219675 0
0.733319 0.266681 0
0.904289 0.0957114 0
0.897753 0.102247 0
0.984293 0.0157069 0
0.974069 0.0259313 0
0.986873 0.0131267 0
0.888766 0.111234 0
0.980639 0.0193606 0
0.708795 0.291205 0
0.983579 0.0164205 0
0.913388 0.0866116 0
0.956945 0.0430548 0
0.922297 0.0777025 0
0.936633 0.0633673 0
0.955515 0.0444848 0
0.883638 0.116362 0
0.985314 0.0146858 0
0.196123 0.803877 0
0.506969 0.493031 0
0.93423 0.0657699 0
0.993726 0.00627409 0
0.987121 0.0128794 0
0.852522 0.147478 0
0.93724 0.0627596 0
0.984896 0.0151038 0
0.769439 0.230561 0
0.854553 0.145447 0
0.979394 0.0206058 0
0.990569 0.00943116 0
0.96847 0.03153 0
0.382585 0.617415 0
0.0360641 0.963936 0
0.98173 0.0182703 0
0.262265 0.737735 0
0.99011 0.00988956 0
0.95865 0.0413504 0
0.976906 0.0230943 0
0.98382 0.0161798 0
0.925121 0.0748788 0
0.979505 0.0204953 0
0.871326 0.128674 0
0.338972 0.661028 0
0.735589 0.264411 0
0.395414 0.604586 0
0.816028 0.183972 0
0.977225 0.0227747 0
0.680553 0.319447 0
0.613961 0.386039 0
0.96817 0.0318296 0
0.988737 0.0112634 0
0.73433 0.26567 0
0.91654 0.0834597 0
0.0354186 0.964581 0
0.970337 0.0296626 0
0.734559 0.265441 0
0.983276 0.0167242 0
0.0945058 0.905494 0
0.975462 0.024538 0
0.977747 0.0222532 0
0.650609 0.349391 0
0.986433 0.0135666 0
0.699519 0.300481 0
0.833527 0.166473 0
0.303049 0.696951 0
0.980012 0.0199876 0
0.758805 0.241195 0
0.569991 0.430009 0
0.982257 0.0177431 0
0.977804 0.0221964 0
0.847255 0.152745 0
0.893275 0.106725 0
0.839424 0.160576 0
0.990521 0.00947928 0
0.959754 0.040246 0
0.942102 0.0578981 0
0.507346 0.492654 0
0.9906 0.00939962 0
0.987904 0.0120961 0
0.978474 0.0215262 0
0.977421 0.0225786 0
0.969704 0.030296 0
0.961146 0.0388542 0
0.957033 0.0429665 0
0.908407 0.091593 0
0.325582 0.674418 0
0.966089 0.0339111 0
0.98019 0.0198103 0
0.389107 0.610893 0
0.960687 0.0393129 0
0.966813 0.0331867 0
0.991309 0.00869152 0
0.987166 0.0128344 0
0.927584 0.0724155 0
0.535157 0.464843 0
0.0500504 0.94995 0
0.984061 0.0159391 0
0.963943 0.0360565 0
0.980317 0.0196831 0
0.925455 0.0745447 0
0.962709 0.0372913 0
0.827951 0.172049 0
0.653886 0.346114 0
0.969161 0.0308393 0
0.940749 0.059251 0
0.900906 0.0990936 0
0.898737 0.101263 0
0.934484 0.0655156 0
0.498134 0.501866 0
0.815493 0.184507 0
0.518343 0.481657 0
0.883714 0.116286 0
0.613862 0.386138 0
0.913495 0.0865049 0
0.911845 0.0881551 0
0.971172 0.0288284 0
0.866212 0.133788 0
0.97375 0.0262498 0
0.90977 0.0902302 0
0.929178 0.0708215 0
0.715239 0.284761 0
0.967553 0.0324474 0
0.982722 0.0172776 0
0.9714 0.0286001 0
0.880129 0.119871 0
0.988391 0.011609 0
0.926621 0.0733792 0
0.97687 0.02313 0
0.887308 0.112692 0
0.820439 0.179561 0
0.989542 0.0104578 0
0.794535 0.205465 0
0.977836 0.022164 0
0.978245 0.0217551 0
0.832076 0.167924 0
0.960758 0.0392419 0
0.977897 0.0221026 0
0.847448 0.152552 0
0.902321 0.0976785 0
0.925887 0.0741127 0
0.973299 0.0267014 0
0.861054 0.138946 0
0.919931 0.0800687 0
0.951618 0.0483816 0
0.575715 0.424285 0
0.695304 0.304696 0
0.937005 0.0629952 0
0.979173 0.0208267 0
0.86982 0.13018 0
0.795238 0.204762 0
0.97938 0.02062 0
0.981601 0.018399 0
0.345326 0.654674 0
0.0608334 0.939167 0
0.985548 0.0144519 0
0.990626 0.00937447 0
0.363633 0.636367 0
0.988621 0.0113789 0
0.856616 0.143384 0
0.97238 0.0276197 0
0.903269 0.0967306 0
0.923354 0.0766458 0
0.986623 0.0133765 0
0.992854 0.00714626 0
0.91535 0.0846503 0
0.75436 0.24564 0
0.787771 0.21223 0
0.983842 0.0161584 0
0.893346 0.106654 0
0.96248 0.0375196 0
0.702355 0.297645 0
0.951396 0.0486042 0
0.82478 0.17522 0
0.875148 0.124852 0
0.838304 0.161696 0
0.286724 0.713276 0
0.978114 0.0218858 0
0.85235 0.14765 0
0.754202 0.245798 0
0.908527 0.0914728 0
0.675875 0.324125 0
0.285611 0.714389 0
0.787855 0.212145 0
0.962712 0.0372879 0
0.939635 0.0603646 0
0.887161 0.112839 0
0.980043 0.0199568 0
0.936502 0.0634982 0
0.984264 0.0157359 0
0.90772 0.0922803 0
0.960641 0.0393591 0
0.965071 0.0349291 0
0.952308 0.047692 0
0.379308 0.620692 0
0.87545 0.12455 0
0.985322 0.0146782 0
0.97767 0.0223296 0
0.95118 0.0488202 0
0.968224 0.0317759 0
0.301599 0.698401 0
0.898607 0.101393 0
0.968454 0.0315461 0
0.974781 0.0252193 0
0.852451 0.147549 0
0.9798 0.0201999 0
0.983821 0.0161788 0
0.975135 0.0248652 0
0.983062 0.016938 0
0.064072 0.935928 0
0.556399 0.443601 0
0.918891 0.0811091 0
0.96882 0.0311799 0
0.972302 0.0276977 0
0.957855 0.0421449 0
0.705751 0.294249 0
0.432713 0.567287 0
0.98092 0.0190801 0
0.818945 0.181055 0
0.983095 0.0169049 0
0.385275 0.614725 0
0.956766 0.0432339 0
0.773354 0.226646 0
0.969035 0.0309654 0
0.697357 0.302643 0
0.946055 0.0539446 0
0.988208 0.011792 0
0.913446 0.0865543 0
0.760391 0.239609 0
0.983602 0.016398 0
0.633286 0.366714 0
0.849834 0.150166 0
0.920628 0.0793718 0
0.543741 0.456259 0
0.988328 0.0116724 0
0.943333 0.0566673 0
0.952513 0.0474872 0
0.975164 0.0248364 0
0.895 0.105 0
0.990503 0.00949731 0
0.98689 0.0131101 0
0.99063 0.0093702 0
0.930035 0.0699646 0
0.896405 0.103595 0
0.90079 0.0992101 0
0.300269 0.699731 0
0.973677 0.0263235 0
0.969249 0.0307505 0
0.978026 0.0219738 0
0.977162 0.0228376 0
0.975 0.0250001 0
0.978916 0.0210837 0
0.890767 0.109233 0
0.450523 0.549477 0
0.966413 0.0335872 0
0.927549 0.0724513 0
0.769174 0.230826 0
0.939779 0.0602208 0
0.847371 0.152629 0
0.913913 0.0860871 0
0.967642 0.0323583 0
0.952939 0.047061 0
0.959197 0.0408034 0
0.941996 0.0580044 0
0.909681 0.0903193 0
0.906187 0.0938127 0
0.971731 0.0282692 0
0.989319 0.0106813 0
0.970089 0.029911 0
0.917658 0.0823417 0
0.977406 0.0225938 0
0.793214 0.206786 0
0.969353 0.0306473 0
0.897189 0.10281 0
0.982142 0.0178584 0
0.958752 0.0412479 0
0.928456 0.0715444 0
0.851063 0.148937 0
0.928835 0.0711646 0
0.833827 0.166173 0
0.958393 0.0416066 0
0.175441 0.824559 0
0.971667 0.0283333 0
0.885994 0.114006 0
0.970445 0.0295545 0
0.985375 0.014625 0
0.988373 0.0116265 0
0.298984 0.701016 0
0.943382 0.0566183 0
0.717309 0.282691 0
0.982223 0.0177771 0
0.912406 0.0875936 0
0.981851 0.0181487 0
0.87632 0.12368 0
0.637152 0.362848 0
0.96778 0.0322197 0
0.968727 0.0312728 0
0.929912 0.070088 0
0.407402 0.592598 0
0.796439 0.203561 0
0.706407 0.293593 0
0.951536 0.0484638 0
0.973616 0.0263844 0
0.902029 0.0979707 0
0.840202 0.159798 0
0.613756 0.386244 0
0.90365 0.0963505 0
0.984274 0.0157262 0
0.884585 0.115415 0
0.97162 0.0283805 0
0.980826 0.0191736 0
0.91353 0.0864702 0
0.934803 0.0651972 0
0.7371 0.2629 0
0.617388 0.382612 0
0.97617 0.0238302 0
0.938281 0.0617187 0
0.979861 0.0201387 0
0.850706 0.149294 0
0.614568 0.385432 0
0.968727 0.0312727 0
0.992482 0.00751753 0
0.949185 0.0508155 0
0.673134 0.326866 0
0.938765 0.0612355 0
0.73384 0.26616 0
0.974882 0.0251183 0
0.965299 0.0347008 0
0.978095 0.021905 0
0.176912 0.823088 0
0.974579 0.0254207 0
0.509767 0.490233 0
0.781992 0.218008 0
0.959933 0.0400671 0
0.98927 0.0107296 0
0.978926 0.0210741 0
0.919459 0.0805409 0
0.742278 0.257722 0
0.942096 0.0579043 0
0.707119 0.29288 0
0.973873 0.0261267 0
0.981194 0.0188065 0
0.988638 0.0113617 0
0.750919 0.249081 0
0.983877 0.0161226 0
0.984954 0.0150458 0
0.924785 0.0752148 0
0.960472 0.0395284 0
0.988878 0.0111218 0
0.944124 0.0558757 0
0.983896 0.0161037 0
0.954971 0.0450286 0
0.72322 0.27678 0
0.904628 0.0953725 0
0.873567 0.126433 0
0.870028 0.129972 0
0.953065 0.0469355 0
0.970221 0.0297791 0
0.986213 0.0137872 0
0.964894 0.0351058 0
0.928652 0.071348 0
0.974843 0.0251573 0
0.815667 0.184333 0
0.97709 0.0229097 0
0.989976 0.0100241 0
0.987807 0.012193 0
0.948935 0.051065 0
0.983121 0.016879 0
0.538533 0.461467 0
0.551034 0.448966 0
0.989489 0.0105111 0
0.954512 0.0454881 0
0.984139 0.015861 0
0.676765 0.323235 0
0.98135 0.01865 0
0.876258 0.123742 0
0.984243 0.0157566 0
0.735084 0.264916 0
0.985855 0.014145 0
0.988279 0.0117213 0
0.96739 0.0326099 0
0.835666 0.164334 0
0.970824 0.0291756 0
0.978933 0.0210672 0
0.685793 0.314207 0
0.987719 0.0122808 0
0.984884 0.0151158 0
0.973375 0.0266246 0
0.977904 0.0220957 0
0.797222 0.202778 0
0.795475 0.204525 0
0.983754 0.0162459 0
0.884105 0.115895 0
0.721048 0.278952 0
0.973089 0.0269113 0
0.70008 0.29992 0
0.851581 0.148419 0
0.914831 0.085169 0
0.95698 0.0430204 0
0.94791 0.0520899 0
0.0812388 0.918761 0
0.335827 0.664173 0
0.839669 0.160331 0
0.839609 0.160391 0
0.831769 0.168231 0
0.946314 0.0536862 0
0.888453 0.111547 0
0.987013 0.0129872 0
0.954386 0.0456141 0
0.966489 0.0335108 0
0.969873 0.030127 0
0.0178341 0.982166 0
0.678618 0.321382 0
0.138584 0.861416 0
0.724786 0.275214 0
0.98583 0.0141697 0
0.983521 0.016479 0
0.985785 0.014215 0
0.98622 0.0137804 0
0.744315 0.255685 0
0.950563 0.0494371 0
0.262189 0.73781 0
0.0473956 0.952604 0
0.977252 0.0227476 0
0.840991 0.159009 0
0.451359 0.548641 0
0.982532 0.0174677 0
0.268214 0.731786 0
0.966382 0.0336183 0
0.864818 0.135182 0
0.00859309 0.991407 1
0.111759 0.888241 1
0.749307 0.250693 1
0.0190861 0.980914 1
0.0718253 0.928175 1
0.154535 0.845465 1
0.0666766 0.933323 1
0.0234769 0.976523 1
0.534992 0.465008 1
0.138681 0.861319 1
0.0142275 0.985772 1
0.854329 0.145671 1
0.012273 0.987727 1
0.246598 0.753402 1
0.0112438 0.988756 1
0.132985 0.867015 1
0.24855 0.75145 1
0.0260793 0.973921 1
0.162172 0.837828 1
0.71017 0.28983 1
0.0505248 0.949475 1
0.0166919 0.983308 1
0.0454899 0.95451 1
0.120992 0.879008 1
0.0123998 0.9876 1
0.0737254 0.926275 1
0.0418892 0.958111 1
0.0214684 0.978532 1
0.0515167 0.948483 1
0.0280879 0.971912 1
0.0398405 0.960159 1
0.0377083 0.962292 1
0.1261 0.8739 1
0.00766492 0.992335 1
0.126354 0.873646 1
0.0213392 0.978661 1
0.0482444 0.951756 1
0.0170148 0.982985 1
0.0116771 0.988323 1
0.068172 0.931828 1
0.0859877 0.914012 1
0.197451 0.802549 1
0.0122086 0.987791 1
0.633803 0.366197 1
0.0104559 0.989544 1
0.0435466 0.956453 1
0.00967387 0.990326 1
0.497406 0.502594 1
0.444064 0.555936 1
0.870455 0.129545 1
0.0160812 0.983919 1
0.0477992 0.952201 1
0.772819 0.227181 1
0.0101995 0.989801 1
0.512618 0.487382 1
0.465069 0.534931 1
0.0334206 0.966579 1
0.0305153 0.969485 1
0.101399 0.898601 1
0.169785 0.830215 1
0.258895 0.741105 1
0.1198 0.8802 1
0.0100471 0.989953 1
0.0101641 0.989836 1
0.0285449 0.971455 1
0.549984 0.450016 1
0.0334068 0.966593 1
0.153835 0.846165 1
0.0645078 0.935492 1
0.019254 0.980746 1
0.0326512 0.967349 1
0.0342614 0.965739 1
0.0506966 0.949303 1
0.371664 0.628336 1
0.921065 0.0789352 1
0.112119 0.887881 1
0.0107847 0.989215 1
0.129969 0.870031 1
0.00511855 0.994882 1
0.0140304 0.98597 1
0.0164572 0.983543 1
0.118474 0.881526 1
0.831354 0.168646 1
0.0064848 0.993515 1
0.602922 0.397078 1
0.0902013 0.909799 1
0.0489168 0.951083 1
0.0138177 0.986182 1
0.180198 0.819802 1
0.233089 0.766911 1
0.0524397 0.94756 1
0.00535747 0.994642 1
0.116923 0.883077 1
0.128001 0.871999 1
0.0102714 0.989729 1
0.0197199 0.98028 1
0.00484124 0.995159 1
0.791642 0.208358 1
0.0796231 0.920377 1
0.388043 0.611957 1
0.0198902 0.98011 1
0.0551082 0.944892 1
0.693626 0.306374 1
0.0177659 0.982234 1
0.0310652 0.968935 1
0.376966 0.623034 1
0.0366594 0.963341 1
0.0524149 0.947585 1
0.0692676 0.930732 1
0.125756 0.874244 1
0.0200164 0.979984 1
0.0206218 0.979378 1
0.641346 0.358654 1
0.0261289 0.973871 1
0.330527 0.669473 1
0.015006 0.984994 1
0.00684928 0.993151 1
0.0170443 0.982956 1
0.0264684 0.973532 1
0.0472214 0.952779 1
0.115469 0.884531 1
0.046559 0.953441 1
0.027686 0.972314 1
0.319089 0.680911 1
0.0154564 0.984544 1
0.202694 0.797306 1
0.976128 0.0238716 1
0.00913061 0.990869 1
0.00779274 0.992207 1
0.0648726 0.935127 1
0.00653407 0.993466 1
0.0324395 0.96756 1
0.0214974 0.978503 1
0.0234328 0.976567 1
0.0294678 0.970532 1
0.0324878 0.967512 1
0.0104305 0.98957 1
0.00779563 0.992204 1
0.00672622 0.993274 1
0.298227 0.701773 1
0.00487865 0.995121 1
0.0961273 0.903873 1
0.0946529 0.905347 1
0.460958 0.539042 1
0.0471285 0.952872 1
0.0420326 0.957967 1
0.0431588 0.956841 1
0.0108007 0.989199 1
0.195782 0.804218 1
0.726103 0.273897 1
0.009403 0.990597 1
0.0103133 0.989687 1
0.00909397 0.990906 1
0.0105918 0.989408 1
0.655132 0.344868 1
0.396874 0.603126 1
0.123679 0.876321 1
0.0394808 0.960519 1
0.298741 0.701259 1
0.0386094 0.961391 1
0.0542652 0.945735 1
0.0578212 0.942179 1
0.0523246 0.947675 1
0.0223397 0.97766 1
0.0616014 0.938399 1
0.046604 0.953396 1
0.94067 0.0593295 1
0.931014 0.0689856 1
0.0364861 0.963514 1
0.043111 0.956889 1
0.00685008 0.99315 1
0.0474822 0.952518 1
0.836172 0.163828 1
0.129587 0.870413 1
0.321344 0.678656 1
0.031564 0.968436 1
0.104972 0.895028 1
0.850325 0.149675 1
0.0114234 0.988577 1
0.225835 0.774165 1
0.0422118 0.957788 1
0.852905 0.147095 1
0.00760155 0.992398 1
0.0206339 0.979366 1
0.43258 0.56742 1
0.0779556 0.922044 1
0.0633315 0.936668 1
0.416144 0.583856 1
0.024483 0.975517 1
0.346098 0.653902 1
0.0178636 0.982136 1
0.185099 0.814901 1
0.632288 0.367712 1
0.163715 0.836285 1
0.477285 0.522715 1
0.756923 0.243077 1
0.26554 0.73446 1
0.0272838 0.972716 1
0.0177629 0.982237 1
0.174343 0.825657 1
0.0576092 0.942391 1
0.0668565 0.933143 1
0.0146649 0.985335 1
0.051294 0.948706 1
0.163821 0.836179 1
0.00927662 0.990723 1
0.00670472 0.993295 1
0.445808 0.554192 1
0.20242 0.79758 1
0.0278757 0.972124 1
0.0138918 0.986108 1
0.00758673 0.992413 1
0.851716 0.148284 1
0.293574 0.706426 1
0.041367 0.958633 1
0.00919289 0.990807 1
0.539442 0.460558 1
0.0849152 0.915085 1
0.0398607 0.960139 1
0.0065693 0.993431 1
0.0481024 0.951898 1
0.0171472 0.982853 1
0.00970089 0.990299 1
0.423441 0.576559 1
0.00667103 0.993329 1
0.330932 0.669068 1
0.0150095 0.984991 1
0.566831 0.433169 1
0.0542331 0.945767 1
0.805567 0.194433 1
0.0249868 0.975013 1
0.0622797 0.93772 1
0.28193 0.71807 1
0.0534504 0.94655 1
0.0456498 0.95435 1
0.0201823 0.979818 1
0.0766899 0.92331 1
0.290389 0.709611 1
0.142537 0.857463 1
0.0280769 0.971923 1
0.474927 0.525073 1
0.813893 0.186107 1
0.103808 0.896192 1
0.0737031 0.926297 1
0.106229 0.893771 1
0.29118 0.70882 1
0.251951 0.748049 1
0.00656751 0.993433 1
0.0128117 0.987188 1
0.0072728 0.992727 1
0.00570922 0.994291 1
0.172768 0.827232 1
0.111699 0.888301 1
0.0177528 0.982247 1
0.398968 0.601032 1
0.285951 0.714049 1
0.0297201 0.97028 1
0.113677 0.886323 1
0.00927996 0.99072 1
0.987491 0.012509 1
0.00803622 0.991964 1
0.20725 0.79275 1
0.191555 0.808445 1
0.044346 0.955654 1
0.0258594 0.974141 1
0.012462 0.987538 1
0.0109497 0.98905 1
0.00729389 0.992706 1
0.806271 0.193729 1
0.15438 0.84562 1
0.0658314 0.934169 1
0.789412 0.210588 1
0.819427 0.180573 1
0.911858 0.0881419 1
0.0124161 0.987584 1
0.0206054 0.979395 1
0.0178427 0.982157 1
0.0428232 0.957177 1
0.016504 0.983496 1
0.0209933 0.979007 1
0.00799984 0.992 1
0.0108617 0.989138 1
0.142981 0.857019 1
0.0246672 0.975333 1
0.11368 0.88632 1
0.00617286 0.993827 1
0.0208519 0.979148 1
0.3237 0.6763 1
0.0139221 0.986078 1
0.0259835 0.974016 1
0.04192 0.95808 1
0.0459998 0.954 1
0.425726 0.574274 1
0.0185392 0.981461 1
0.0418443 0.958156 1
0.239407 0.760593 1
0.0302248 0.969775 1
0.324 0.676 1
0.0114895 0.98851 1
0.180853 0.819147 1
0.0246621 0.975338 1
0.429606 0.570394 1
0.00940022 0.9906 1
0.0687273 0.931273 1
0.0115562 0.988444 1
0.0450782 0.954922 1
0.223334 0.776666 1
0.0155244 0.984476 1
0.1275 0.8725 1
0.0503638 0.949636 1
0.0166032 0.983397 1
0.670944 0.329056 1
0.0848027 0.915197 1
0.0153333 0.984667 1
0.530704 0.469296 1
0.346336 0.653664 1
0.738536 0.261464 1
0.0144388 0.985561 1
0.856759 0.143241 1
0.0529922 0.947008 1
0.670296 0.329704 1
0.0172286 0.982771 1
0.1033 0.8967 1
0.0143574 0.985643 1
0.650035 0.349965 1
0.104689 0.89531 1
0.452771 0.547229 1
0.0239495 0.976051 1
0.00950002 0.9905 1
0.0270681 0.972932 1
0.0112603 0.98874 1
0.034354 0.965646 1
0.0142263 0.985774 1
0.756969 0.243031 1
0.25909 0.74091 1
0.0773651 0.922635 1
0.0577593 0.942241 1
0.137215 0.862785 1
0.00828262 0.991717 1
0.0742616 0.925738 1
0.214067 0.785933 1
0.0272441 0.972756 1
0.410473 0.589527 1
0.171361 0.828639 1
0.359549 0.640451 1
0.0188469 0.981153 1
0.0102887 0.989711 1
0.18309 0.81691 1
0.0664564 0.933544 1
0.0104438 0.989556 1
0.162858 0.837142 1
0.122364 0.877636 1
0.023974 0.976026 1
0.633099 0.366901 1
0.760391 0.239609 1
0.0895285 0.910471 1
0.0375782 0.962422 1
0.903259 0.0967412 1
0.00575684 0.994243 1
0.0138179 0.986182 1
0.523452 0.476548 1
0.0741757 0.925824 1
0.624447 0.375553 1
0.0153488 0.984651 1
0.0115807 0.988419 1
0.168076 0.831924 1
0.0163783 0.983622 1
0.185508 0.814492 1
0.288954 0.711046 1
0.0623798 0.93762 1
0.33071 0.66929 1
0.864562 0.135438 1
0.130072 0.869928 1
0.908879 0.0911209 1
0.0231743 0.976826 1
0.452429 0.547571 1
0.0496569 0.950343 1
0.780637 0.219363 1
0.648607 0.351393 1
0.027319 0.972681 1
0.376114 0.623886 1
0.00600192 0.993998 1
0.0308175 0.969182 1
0.00799885 0.992001 1
0.020394 0.979606 1
0.0573655 0.942634 1
0.0496385 0.950361 1
0.926402 0.0735983 1
0.188418 0.811582 1
0.00536806 0.994632 1
0.0352315 0.964768 1
0.519379 0.480621 1
0.00714327 0.992857 1
0.00916546 0.990834 1
0.200264 0.799736 1
0.359071 0.640929 1
0.00691318 0.993087 1
0.111554 0.888446 1
0.54758 0.45242 1
0.0840742 0.915926 1
0.181583 0.818417 1
0.0469079 0.953092 1
0.00780427 0.992196 1
0.0125421 0.987458 1
0.0139371 0.986063 1
0.403581 0.596419 1
0.0148553 0.985145 1
0.219233 0.780767 1
0.150709 0.849291 1
0.0523854 0.947615 1
0.11488 0.88512 1
0.504112 0.495888 1
0.666482 0.333518 1
0.539236 0.460764 1
0.533736 0.466264 1
0.520734 0.479266 1
0.0317238 0.968276 1
0.00908854 0.990912 1
0.341579 0.658421 1
0.0169687 0.983031 1
0.0311127 0.968887 1
0.0673513 0.932649 1
0.0973913 0.902609 1
0.0142232 0.985777 1
0.0536478 0.946352 1
0.0121108 0.987889 1
0.688253 0.311747 1
0.0421269 0.957873 1
0.0115858 0.988414 1
0.0611782 0.938822 1
0.571308 0.428692 1
0.00646819 0.993532 1
0.229797 0.770202 1
0.00771413 0.992286 1
0.0220707 0.977929 1
0.536672 0.463328 1
0.179423 0.820577 1
0.0832619 0.916738 1
0.00968783 0.990312 1
0.01918 0.98082 1
0.939365 0.0606352 1
0.0259464 0.974054 1
0.036886 0.963114 1
0.741849 0.258151 1
0.181358 0.818642 1
0.586209 0.413791 1
0.0164092 0.983591 1
0.230182 0.769818 1
0.0158961 0.984104 1
0.013118 0.986882 1
0.0140587 0.985941 1
0.924707 0.0752926 1
0.0127287 0.987271 1
0.0164066 0.983593 1
0.316148 0.683852 1
0.0329946 0.967005 1
0.0911627 0.908837 1
0.838007 0.161993 1
0.105113 0.894887 1
0.0146782 0.985322 1
0.0183427 0.981657 1
0.0314593 0.968541 1
0.009834 0.990166 1
0.304006 0.695994 1
0.504337 0.495663 1
0.0273582 0.972642 1
0.167301 0.832699 1
0.0235171 0.976483 1
0.373175 0.626825 1
0.00669638 0.993304 1
0.285722 0.714278 1
0.0198313 0.980169 1
0.1702 0.8298 1
0.0926723 0.907328 1
0.349318 0.650682 1
0.555771 0.444229 1
0.0175712 0.982429 1
0.00653576 0.993464 1
0.0261429 0.973857 1
0.0817483 0.918252 1
0.0348344 0.965166 1
0.23715 0.76285 1
0.0226245 0.977376 1
0.454627 0.545373 1
0.0120955 0.987904 1
0.0424828 0.957517 1
0.0114027 0.988597 1
0.0170818 0.982918 1
0.404753 0.595247 1
0.0148592 0.985141 1
0.00727923 0.992721 1
0.0283283 0.971672 1
0.199856 0.800144 1
0.376119 0.623881 1
0.0105284 0.989472 1
0.0268201 0.97318 1
0.821495 0.178505 1
0.933767 0.0662331 1
0.101538 0.898462 1
0.214463 0.785537 1
0.00615868 0.993841 1
0.290048 0.709952 1
0.0143516 0.985648 1
0.0327761 0.967224 1
0.035163 0.964837 1
0.226085 0.773915 1
0.170868 0.829132 1
0.249371 0.750629 1
0.0240585 0.975941 1
0.00997713 0.990023 1
0.0771952 0.922805 1
0.118745 0.881255 1
0.0398857 0.960114 1
0.621551 0.37845 1
0.0400852 0.959915 1
0.0216606 0.978339 1
0.00639321 0.993607 1
0.0181983 0.981802 1
0.0109943 0.989006 1
0.364895 0.635105 1
0.139063 0.860937 1
0.040566 0.959434 1
0.405392 0.594608 1
0.0853888 0.914611 1
0.0303314 0.969669 1
0.0576645 0.942335 1
0.127419 0.872581 1
0.506909 0.493091 1
0.020664 0.979336 1
0.0994754 0.900525 1
0.796101 0.203899 1
0.00718711 0.992813 1
0.0498236 0.950176 1
0.236209 0.763791 1
0.0154564 0.984544 1
0.585418 0.414582 1
0.30572 0.69428 1
0.0101437 0.989856 1
0.157663 0.842337 1
0.0238113 0.976189 1
0.0301778 0.969822 1
0.468011 0.531989 1
0.363007 0.636993 1
0.0228905 0.977109 1
0.0190755 0.980924 1
0.0435704 0.95643 1
0.0568116 0.943188 1
0.0218104 0.97819 1
0.00918635 0.990814 1
0.0424449 0.957555 1
0.00626734 0.993733 1
0.224725 0.775275 1
0.0252908 0.974709 1
0.0125134 0.987486 1
0.00966959 0.99033 1
0.080152 0.919848 1
0.182781 0.817219 1
0.81026 0.18974 1
0.00443701 0.995563 1
0.0334016 0.966598 1
0.0858011 0.914199 1
0.520299 0.479701 1
0.0183087 0.981691 1
0.0314952 0.968505 1
0.0812393 0.918761 1
0.0127227 0.987277 1
0.0367279 0.963272 1
0.0186999 0.9813 1
0.819229 0.180771 1
0.0410752 0.958925 1
0.920139 0.079861 1
0.146713 0.853287 1
0.110038 0.889961 1
0.0315833 0.968417 1
0.0998783 0.900122 1
0.00700086 0.992999 1
0.0173478 0.982652 1
0.121222 0.878778 1
0.0167447 0.983255 1
0.020489 0.979511 1
0.0110387 0.988961 1
0.032787 0.967213 1
0.303502 0.696498 1
0.029233 0.970767 1
0.0109411 0.989059 1
0.0418743 0.958126 1
0.593394 0.406606 1
0.0563012 0.943699 1
0.0149262 0.985074 1
0.00796308 0.992037 1
0.0100247 0.989975 1
0.087909 0.912091 1
0.172631 0.827369 1
0.285681 0.714319 1
0.461773 0.538227 1
0.0831539 0.916846 1
0.488799 0.511201 1
0.00855229 0.991448 1
0.0178707 0.982129 1
0.147899 0.852101 1
0.0170393 0.982961 1
0.420675 0.579325 1
0.915855 0.0841453 1
0.562026 0.437974 1
0.21097 0.78903 1
0.0107035 0.989296 1
0.0176808 0.982319 1
0.23818 0.76182 1
0.0128691 0.987131 1
0.203908 0.796092 1
0.0270542 0.972946 1
0.0156629 0.984337 1
0.0249865 0.975013 1
0.0221754 0.977825 1
0.0164182 0.983582 1
0.00670251 0.993298 1
0.0113246 0.988675 1
0.922986 0.0770144 1
0.0125987 0.987401 1
0.0211958 0.978804 1
0.447097 0.552903 1
0.409457 0.590542 1
0.0857291 0.914271 1
0.0373962 0.962604 1
0.149285 0.850715 1
0.014015 0.985985 1
0.0328966 0.967103 1
0.334342 0.665658 1
0.0190911 0.980909 1
0.0193677 0.980632 1
0.0118329 0.988167 1
0.708757 0.291243 1
0.0321531 0.967847 1
0.19716 0.80284 1
0.00972782 0.990272 1
0.0628066 0.937193 1
0.00604466 0.993955 1
0.00868767 0.991312 1
0.309754 0.690246 1
0.14882 0.85118 1
0.246994 0.753006 1
0.00517488 0.994825 1
0.117477 0.882523 1
0.412495 0.587505 1
0.0229753 0.977025 1
0.0166191 0.983381 1
0.0397592 0.960241 1
0.0141496 0.98585 1
0.00661261 0.993387 1
0.911462 0.0885385 1
0.0920807 0.907919 1
0.0143955 0.985605 1
0.0535681 0.946432 1
0.0150636 0.984936 1
0.0146418 0.985358 1
0.247919 0.752081 1
0.0150885 0.984911 1
0.0177842 0.982216 1
0.067597 0.932403 1
0.00985694 0.990143 1
0.00869261 0.991307 1
0.034921 0.965079 1
0.0192761 0.980724 1
0.786973 0.213027 1
0.0176829 0.982317 1
0.0322968 0.967703 1
0.00567112 0.994329 1
0.0325525 0.967448 1
0.389226 0.610774 1
0.163911 0.836089 1
0.0649915 0.935008 1
0.00925209 0.990748 1
0.0151569 0.984843 1
0.0260618 0.973938 1
0.0298949 0.970105 1
0.0141389 0.985861 1
0.0531239 0.946876 1
0.297691 0.702309 1
0.687135 0.312865 1
0.0156034 0.984397 1
0.0170612 0.982939 1
0.658263 0.341737 1
0.316965 0.683035 1
0.449393 0.550607 1
0.0116335 0.988366 1
0.0140793 0.985921 1
0.0383218 0.961678 1
0.0112401 0.98876 1
0.784342 0.215658 1
0.0170516 0.982948 1
0.0602795 0.93972 1
0.0547499 0.94525 1
0.0309065 0.969094 1
0.0192674 0.980733 1
0.0236403 0.97636 1
0.00831656 0.991683 1
0.0208166 0.979183 1
0.0124871 0.987513 1
0.664377 0.335623 1
0.0335902 0.96641 1
0.0203821 0.979618 1
0.350533 0.649468 1
0.128099 0.871901 1
0.0486594 0.951341 1
0.0406331 0.959367 1
0.0173227 0.982677 1
0.0383244 0.961676 1
0.188102 0.811898 1
0.155611 0.844389 1
0.259891 0.740109 1
0.229833 0.770167 1
0.0297073 0.970293 1
0.0392599 0.96074 1
0.00892192 0.991078 1
0.0721379 0.927862 1
0.0226846 0.977315 1
0.699736 0.300264 1
0.104021 0.895979 1
0.157442 0.842558 1
0.0190961 0.980904 1
0.0238933 0.976107 1
0.862365 0.137635 1
0.837164 0.162836 1
0.00666723 0.993333 1
0.17772 0.82228 1
0.0285232 0.971477 1
0.0117624 0.988238 1
0.0148725 0.985128 1
0.0072001 0.9928 1
0.0555576 0.944442 1
0.100829 0.899171 1
0.0113294 0.988671 1
0.023977 0.976023 1
0.694346 0.305654 1
0.0627447 0.937255 1
0.0192413 0.980759 1
0.0292161 0.970784 1
0.019439 0.980561 1
0.0201622 0.979838 1
0.00925863 0.990741 1
0.94488 0.0551204 1
0.00525857 0.994741 1
0.0106464 0.989354 1
0.866793 0.133207 1
0.0621538 0.937846 1
0.0174768 0.982523 1
0.056668 0.943332 1
0.0071082 0.992892 1
0.0214502 0.97855 1
0.0579608 0.942039 1
0.0513244 0.948676 1
0.201913 0.798087 1
0.195885 0.804115 1
0.289545 0.710455 1
0.611752 0.388248 1
0.00935754 0.990642 1
0.0507066 0.949293 1
0.714547 0.285453 1
0.298626 0.701374 1
0.014826 0.985174 1
0.790116 0.209884 1
0.0823695 0.91763 1
0.191271 0.808729 1
0.19266 0.80734 1
0.144394 0.855606 1
0.0252046 0.974795 1
0.0823207 0.917679 1
0.0562087 0.943791 1
0.0187207 0.981279 1
0.71556 0.28444 1
0.0774448 0.922555 1
0.00656143 0.993439 1
0.0286176 0.971382 1
0.188539 0.811461 1
0.0113602 0.98864 1
0.720934 0.279066 1
0.0272598 0.97274 1
0.0126019 0.987398 1
0.00861126 0.991389 1
0.0063676 0.993632 1
0.0395741 0.960426 1
0.146664 0.853336 1
0.0198842 0.980116 1
0.0391929 0.960807 1
0.0311532 0.968847 1
0.185178 0.814822 1
0.0140566 0.985943 1
0.0199026 0.980097 1
0.296059 0.70394 1
0.020345 0.979655 1
0.0072789 0.992721 1
0.650817 0.349183 1
0.107986 0.892014 1
0.0190043 0.980996 1
0.0346466 0.965353 1
0.488091 0.511909 1
0.189952 0.810048 1
0.725037 0.274963 1
0.12345 0.87655 1
0.0341466 0.965853 1
0.786706 0.213294 1
0.374004 0.625996 1
0.719437 0.280563 1
0.847183 0.152817 1
0.00642429 0.993576 1
0.0836918 0.916308 1
0.42018 0.57982 1
0.00628401 0.993716 1
0.755985 0.244015 1
0.0339276 0.966072 1
0.00676706 0.993233 1
0.100229 0.899771 1
0.391929 0.608071 1
0.0240191 0.975981 1
0.00806827 0.991932 1
0.704065 0.295935 1
0.0988936 0.901106 1
0.0792358 0.920764 1
0.130842 0.869158 1
0.00587771 0.994122 1
0.0123314 0.987669 1
0.10706 0.89294 1
0.0294378 0.970562 1
0.021589 0.978411 1
0.37105 0.62895 1
0.955807 0.044193 1
0.580118 0.419882 1
0.187292 0.812708 1
0.411137 0.588863 1
0.0214011 0.978599 1
0.0632816 0.936718 1
0.0299875 0.970012 1
0.0851666 0.914833 1
0.14594 0.85406 1
0.0571174 0.942883 1
0.046441 0.953559 1
0.0136502 0.98635 1
0.00896779 0.991032 1
0.164016 0.835984 1
0.00749998 0.9925 1
0.0309403 0.96906 1
0.0283137 0.971686 1
0.345804 0.654196 1
0.0105817 0.989418 1
0.0373833 0.962617 1
0.861028 0.138972 1
0.977977 0.0220229 1
0.0188274 0.981173 1
0.0165924 0.983408 1
0.122266 0.877734 1
0.490964 0.509036 1
0.00578071 0.994219 1
0.0113235 0.988676 1
0.709373 0.290627 1
0.495665 0.504335 1
0.02073 0.97927 1
0.00865741 0.991343 1
0.0272947 0.972705 1
0.0200859 0.979914 1
0.00886695 0.991133 1
0.00745704 0.992543 1
0.0606918 0.939308 1
0.43295 0.56705 1
0.0123334 0.987667 1
0.0330987 0.966901 1
0.168533 0.831467 1
0.538002 0.461998 1
0.0338374 0.966163 1
0.0800527 0.919947 1
0.03628 0.96372 1
0.0137259 0.986274 1
0.00969526 0.990305 1
0.00970815 0.990292 1
0.0350407 0.964959 1
0.0536149 0.946385 1
0.00976775 0.990232 1
0.0498411 0.950159 1
0.00713504 0.992865 1
0.0116888 0.988311 1
0.00993646 0.990063 1
0.0201136 0.979886 1
0.0194124 0.980588 1
0.0329671 0.967033 1
0.0090632 0.990937 1
0.961879 0.0381208 1
0.0645218 0.935478 1
0.0120654 0.987935 1
0.0182543 0.981746 1
0.0129915 0.987009 1
0.0111842 0.988816 1
0.0459797 0.95402 1
0.497943 0.502057 1
0.110756 0.889244 1
0.0606898 0.93931 1
0.00904496 0.990955 1
0.19281 0.80719 1
0.630196 0.369804 1
0.0263584 0.973642 1
0.00990149 0.990099 1
0.0132114 0.986789 1
0.0176387 0.982361 1
0.113847 0.886153 1
0.430467 0.569533 1
0.0140072 0.985993 1
0.655599 0.344401 1
0.206131 0.793869 1
0.0631053 0.936895 1
0.68624 0.31376 1
0.0671782 0.932822 1
0.0932767 0.906723 1
0.00822715 0.991773 1
0.256671 0.743329 1
0.026395 0.973605 1
0.0119988 0.988001 1
0.00842148 0.991579 1
0.0910178 0.908982 1
0.439637 0.560363 1
0.0309143 0.969086 1
0.00547116 0.994529 1
0.0242338 0.975766 1
0.0272437 0.972756 1
0.382918 0.617082 1
0.537114 0.462886 1
0.0241232 0.975877 1
0.250596 0.749403 1
0.129942 0.870058 1
0.0149852 0.985015 1
0.690477 0.309523 1
0.122809 0.877191 1
0.278657 0.721343 1
0.01738 0.98262 1
0.922151 0.0778493 1
0.113482 0.886518 1
0.0903489 0.909651 1
0.00899143 0.991009 1
0.00602193 0.993978 1
0.02333 0.97667 1
0.016969 0.983031 1
0.00638594 0.993614 1
0.00900817 0.990992 1
0.0228077 0.977192 1
0.00627324 0.993727 1
0.016447 0.983553 1
0.197183 0.802817 1
0.0148536 0.985146 1
0.0308722 0.969128 1
0.0222653 0.977735 1
0.317552 0.682448 1
0.0353929 0.964607 1
0.0240623 0.975938 1
0.582585 0.417415 1
0.0377848 0.962215 1
0.10321 0.89679 1
0.0504616 0.949538 1
0.390597 0.609403 1
0.0555362 0.944464 1
0.011127 0.988873 1
0.848028 0.151972 1
0.0279629 0.972037 1
0.0773573 0.922643 1
0.161348 0.838652 1
0.0944015 0.905599 1
0.40574 0.59426 1
0.232873 0.767127 1
0.0374234 0.962577 1
0.0114411 0.988559 1
0.0125963 0.987404 1
0.105209 0.894791 1
0.0216189 0.978381 1
0.195901 0.804099 1
0.725121 0.274879 1
0.0402138 0.959786 1
0.102859 0.897141 1
0.0362936 0.963706 1
0.0100509 0.989949 1
0.0509419 0.949058 1
0.148875 0.851125 1
0.78479 0.21521 1
0.474273 0.525727 1
0.0993293 0.900671 1
0.0457426 0.954257 1
0.0495944 0.950406 1
0.212405 0.787595 1
0.0489012 0.951099 1
0.00930393 0.990696 1
0.0348088 0.965191 1
0.0359183 0.964082 1
0.0289145 0.971085 1
0.710667 0.289333 1
0.00962037 0.99038 1
0.028962 0.971038 1
0.218592 0.781408 1
0.283974 0.716026 1
0.0194152 0.980585 1
0.941524 0.058476 1
0.0265356 0.973464 1
0.0836498 0.91635 1
0.481509 0.518491 1
0.00565541 0.994345 1
0.107062 0.892938 1
