0.979922 0.0200784 0
0.998268 0.00173159 0
0.952969 0.0470311 0
0.996276 0.00372359 0
0.458281 0.541719 0
0.993395 0.00660526 0
0.785025 0.214975 0
0.988053 0.0119469 0
0.954377 0.0456226 0
0.791787 0.208212 0
0.974305 0.0256945 0
0.951925 0.048075 0
0.94065 0.0593505 0
0.669652 0.330348 0
0.893029 0.106971 0
0.748939 0.251061 0
0.0614535 0.938547 0
0.993467 0.00653307 0
0.111987 0.888013 0
0.98265 0.0173504 0
0.991148 0.00885242 0
0.98911 0.0108898 0
0.997068 0.0029324 0
0.839119 0.160881 0
0.980809 0.0191908 0
0.991853 0.00814669 0
0.997517 0.00248346 0
0.947365 0.0526347 0
0.967312 0.0326881 0
0.987142 0.0128577 0
0.986457 0.0135428 0
0.310976 0.689024 0
0.97276 0.02724 0
0.985909 0.0140914 0
0.646825 0.353175 0
0.992957 0.00704268 0
0.685932 0.314068 0
0.841247 0.158753 0
0.990969 0.00903072 0
0.994118 0.00588228 0
0.954468 0.0455316 0
0.514764 0.485236 0
0.969202 0.0307979 0
0.627175 0.372825 0
0.982564 0.017436 0
0.99866 0.00133998 0
0.977635 0.0223648 0
0.953891 0.0461093 0
0.998449 0.00155135 0
0.533815 0.466185 0
0.881752 0.118248 0
0.977603 0.0223975 0
0.972374 0.0276265 0
0.996542 0.00345843 0
0.628341 0.371658 0
0.994112 0.00588834 0
0.998585 0.00141536 0
0.888436 0.111564 0
0.985897 0.0141027 0
0.206538 0.793462 0
0.334931 0.665069 0
0.943233 0.0567669 0
0.287564 0.712436 0
0.986322 0.0136783 0
0.842708 0.157292 0
0.996229 0.00377112 0
0.563218 0.436782 0
0.998527 0.00147291 0
0.929146 0.0708544 0
0.990447 0.00955331 0
0.995564 0.00443645 0
0.97389 0.0261105 0
0.988154 0.0118459 0
0.986924 0.0130762 0
0.280247 0.719753 0
0.955452 0.0445484 0
0.997286 0.00271396 0
0.993027 0.00697254 0
0.998215 0.00178506 0
0.989002 0.0109976 0
0.968304 0.0316957 0
0.97663 0.0233698 0
0.996782 0.0032181 0
0.94557 0.0544301 0
0.720317 0.279682 0
0.997431 0.00256907 0
0.799371 0.200629 0
0.998738 0.00126186 0
0.941478 0.0585224 0
0.962977 0.0370228 0
0.863979 0.136021 0
0.998164 0.00183552 0
0.994782 0.00521793 0
0.97225 0.0277501 0
0.977972 0.0220278 0
0.942216 0.0577844 0
0.998943 0.00105731 0
0.852448 0.147552 0
0.976228 0.0237722 0
0.995107 0.00489299 0
0.116582 0.883418 0
0.99048 0.00951974 0
0.997113 0.00288712 0
0.991878 0.00812164 0
0.99641 0.00359012 0
0.820032 0.179968 0
0.428019 0.571981 0
0.93038 0.06962 0
0.953898 0.0461023 0
0.992316 0.00768386 0
0.916508 0.0834921 0
0.995583 0.00441734 0
0.237651 0.762349 0
0.995458 0.00454233 0
0.993815 0.00618523 0
0.995015 0.00498521 0
0.268387 0.731613 0
0.20433 0.79567 0
0.770185 0.229815 0
0.057023 0.942977 0
0.952998 0.0470024 0
0.462014 0.537986 0
0.972455 0.0275448 0
0.991857 0.00814337 0
0.994349 0.00565126 0
0.988901 0.011099 0
0.906657 0.0933434 0
0.995527 0.00447324 0
0.626473 0.373527 0
0.997242 0.00275778 0
0.0140335 0.985967 0
0.85014 0.14986 0
0.993188 0.00681231 0
0.991356 0.00864403 0
0.998505 0.00149499 0
0.999089 0.000910895 0
0.917599 0.0824012 0
0.997699 0.00230128 0
0.995767 0.00423312 0
0.975353 0.024647 0
0.986703 0.0132966 0
0.657773 0.342227 0
0.97288 0.0271204 0
0.977664 0.022336 0
0.993255 0.00674475 0
0.981368 0.0186325 0
0.99698 0.00301946 0
0.979672 0.020328 0
0.982556 0.0174438 0
0.194469 0.805531 0
0.977067 0.0229331 0
0.940265 0.0597348 0
0.998042 0.00195786 0
0.940582 0.0594176 0
0.402364 0.597636 0
0.729612 0.270389 0
0.82201 0.17799 0
0.45624 0.54376 0
0.574826 0.425174 0
0.989756 0.0102445 0
0.932515 0.0674846 0
0.944386 0.055614 0
0.999531 0.000469009 0
0.981589 0.0184114 0
0.619745 0.380255 0
0.993839 0.00616074 0
0.682575 0.317425 0
0.989677 0.010323 0
0.996746 0.00325373 0
0.991588 0.00841196 0
0.998874 0.00112558 0
0.707152 0.292848 0
0.0593441 0.940656 0
0.948494 0.0515061 0
0.989928 0.0100719 0
0.836587 0.163413 0
0.236929 0.763071 0
0.994053 0.00594743 0
0.991234 0.0087663 0
0.98215 0.0178495 0
0.981953 0.018047 0
0.997454 0.00254588 0
0.996851 0.00314862 0
0.726477 0.273523 0
0.73976 0.26024 0
0.460982 0.539018 0
0.998426 0.00157432 0
0.0523619 0.947638 0
0.913706 0.0862941 0
0.978821 0.021179 0
0.997722 0.00227811 0
0.992252 0.00774779 0
0.950491 0.0495089 0
0.97211 0.0278899 0
0.996616 0.00338388 0
0.999023 0.000977219 0
0.992576 0.00742429 0
0.870411 0.129589 0
0.992752 0.00724818 0
0.908438 0.0915619 0
0.93762 0.0623804 0
0.996958 0.00304155 0
0.967054 0.0329459 0
0.997737 0.00226346 0
0.493703 0.506297 0
0.995911 0.00408888 0
0.995762 0.00423769 0
0.995212 0.00478793 0
0.985232 0.0147675 0
0.875057 0.124943 0
0.732668 0.267332 0
0.0731184 0.926882 0
0.995247 0.00475283 0
0.974271 0.0257292 0
0.954609 0.0453908 0
0.985147 0.0148531 0
0.0503652 0.949635 0
0.981528 0.018472 0
0.954929 0.0450706 0
0.931336 0.0686636 0
0.999014 0.000985457 0
0.996949 0.00305091 0
0.998497 0.00150278 0
0.712818 0.287182 0
0.90714 0.0928599 0
0.980433 0.0195674 0
0.15741 0.84259 0
0.989376 0.010624 0
0.775865 0.224135 0
0.978729 0.0212713 0
0.681188 0.318812 0
0.942483 0.0575169 0
0.935712 0.0642879 0
0.998483 0.00151708 0
0.992603 0.00739713 0
0.997386 0.00261395 0
0.997625 0.00237542 0
0.828572 0.171428 0
0.999146 0.000854145 0
0.997302 0.00269813 0
0.29912 0.70088 0
0.860122 0.139878 0
0.942284 0.0577156 0
0.998613 0.00138745 0
0.9214 0.0786 0
0.979394 0.0206063 0
0.977564 0.0224357 0
0.987685 0.0123147 0
0.791482 0.208518 0
0.931526 0.068474 0
0.868458 0.131542 0
0.997257 0.00274346 0
0.9114 0.0886 0
0.975065 0.0249348 0
0.192426 0.807574 0
0.740577 0.259423 0
0.991782 0.00821754 0
0.477566 0.522434 0
0.103689 0.896311 0
0.971292 0.0287079 0
0.909631 0.0903694 0
0.108989 0.891011 0
0.998406 0.00159395 0
0.967417 0.0325829 0
0.994877 0.00512292 0
0.975379 0.0246206 0
0.865398 0.134602 0
0.997597 0.00240331 0
0.952018 0.0479815 0
0.997692 0.00230801 0
0.958342 0.0416578 0
0.583477 0.416523 0
0.994236 0.00576428 0
0.974996 0.0250037 0
0.993971 0.00602854 0
0.992437 0.007563 0
0.991871 0.00812853 0
0.99725 0.00274995 0
0.988306 0.0116936 0
0.33135 0.66865 0
0.974701 0.0252993 0
0.898241 0.101759 0
0.992306 0.00769377 0
0.999302 0.000698134 0
0.775247 0.224753 0
0.980894 0.0191061 0
0.996798 0.00320191 0
0.9983 0.00170036 0
0.997574 0.00242643 0
0.918978 0.0810224 0
0.460614 0.539386 0
0.996378 0.00362205 0
0.421803 0.578197 0
0.875228 0.124772 0
0.979799 0.020201 0
0.997944 0.00205605 0
0.995918 0.00408226 0
0.901555 0.0984452 0
0.991372 0.00862807 0
0.998502 0.00149769 0
0.744589 0.255411 0
0.827593 0.172407 0
0.995378 0.00462204 0
0.995701 0.00429947 0
0.946696 0.0533041 0
0.984547 0.0154533 0
0.217413 0.782587 0
0.995876 0.00412421 0
0.999 0.00100002 0
0.99576 0.00424014 0
0.993151 0.00684954 0
0.87596 0.12404 0
0.993922 0.00607777 0
0.924554 0.075446 0
0.978567 0.0214329 0
0.989655 0.0103455 0
0.913233 0.0867671 0
0.780941 0.219059 0
0.966072 0.0339277 0
0.981488 0.0185124 0
0.985293 0.0147072 0
0.629105 0.370895 0
0.969959 0.0300413 0
0.996618 0.00338197 0
0.312992 0.687008 0
0.990239 0.00976067 0
0.960796 0.0392044 0
0.940528 0.0594719 0
0.991955 0.00804466 0
0.661334 0.338666 0
0.986397 0.0136034 0
0.946143 0.0538573 0
0.977078 0.0229223 0
0.990386 0.00961409 0
0.92093 0.0790701 0
0.998266 0.00173387 0
0.98041 0.0195896 0
0.997297 0.00270333 0
0.832217 0.167783 0
0.15672 0.84328 0
0.988296 0.011704 0
0.960943 0.0390571 0
0.999286 0.000714265 0
0.99852 0.00148039 0
0.963583 0.036417 0
0.992131 0.00786884 0
0.995884 0.00411627 0
0.866741 0.133259 0
0.954606 0.0453935 0
0.978 0.0220002 0
0.828576 0.171424 0
0.317504 0.682496 0
0.99817 0.00182974 0
0.998247 0.00175278 0
0.99193 0.00807017 0
0.862421 0.137579 0
0.998698 0.00130154 0
0.993562 0.00643758 0
0.992473 0.00752706 0
0.844458 0.155542 0
0.93022 0.0697803 0
0.997538 0.00246159 0
0.63426 0.36574 0
0.99617 0.00382975 0
0.996867 0.00313309 0
0.846676 0.153324 0
0.995694 0.0043061 0
0.99888 0.00111974 0
0.822658 0.177342 0
0.957372 0.042628 0
0.978083 0.0219173 0
0.992463 0.007537 0
0.994113 0.00588675 0
0.137277 0.862723 0
0.892882 0.107118 0
0.996464 0.00353593 0
0.997386 0.0026143 0
0.999581 0.0004189 0
0.890174 0.109826 0
0.950163 0.0498371 0
0.991794 0.00820577 0
0.985771 0.0142291 0
0.951514 0.0484864 0
0.950076 0.0499242 0
0.998098 0.0019019 0
0.93535 0.0646505 0
0.97212 0.0278798 0
0.995584 0.00441614 0
0.0242658 0.975734 0
0.990023 0.00997657 0
0.141755 0.858245 0
0.925163 0.0748367 0
0.978006 0.0219938 0
0.996712 0.0032881 0
0.997826 0.00217423 0
0.989591 0.0104088 0
0.997782 0.00221794 0
0.997137 0.00286286 0
0.998848 0.00115211 0
0.486558 0.513442 0
0.967208 0.0327921 0
0.858545 0.141455 0
0.998381 0.00161924 0
0.992443 0.00755725 0
0.987617 0.0123833 0
0.866383 0.133617 0
0.987369 0.0126312 0
0.992836 0.00716356 0
0.570807 0.429193 0
0.994503 0.00549673 0
0.99008 0.00991973 0
0.916892 0.0831081 0
0.995864 0.00413637 0
0.920771 0.0792289 0
0.589856 0.410145 0
0.130148 0.869852 0
0.961446 0.0385537 0
0.853045 0.146956 0
0.995787 0.00421256 0
0.974887 0.0251133 0
0.994104 0.00589616 0
0.9717 0.0283001 0
0.90619 0.0938101 0
0.949835 0.0501645 0
0.780901 0.219099 0
0.858216 0.141784 0
0.614682 0.385318 0
0.98128 0.0187202 0
0.681772 0.318228 0
0.769231 0.230769 0
0.0923713 0.907629 0
0.9665 0.0334999 0
0.0208316 0.979168 0
0.811559 0.188441 0
0.994976 0.00502446 0
0.989749 0.0102513 0
0.97758 0.0224204 0
0.988002 0.0119977 0
0.97642 0.0235799 0
0.979781 0.0202189 0
0.995372 0.00462845 0
0.968458 0.0315416 0
0.92481 0.0751896 0
0.995232 0.00476846 0
0.652984 0.347016 0
0.932175 0.0678248 0
0.992959 0.00704131 0
0.98841 0.0115895 0
0.998132 0.00186828 0
0.992336 0.00766355 0
0.993558 0.00644239 0
0.998154 0.00184598 0
0.517507 0.482493 0
0.980015 0.0199849 0
0.99804 0.00195994 0
0.996554 0.0034462 0
0.968885 0.0311148 0
0.998375 0.00162519 0
0.987898 0.0121021 0
0.988708 0.0112917 0
0.947341 0.0526589 0
0.995025 0.00497506 0
0.983306 0.0166938 0
0.205396 0.794604 0
0.997046 0.00295404 0
0.924462 0.0755377 0
0.327402 0.672598 0
0.994492 0.00550792 0
0.946094 0.0539064 0
0.985407 0.0145934 0
0.240817 0.759184 0
0.702742 0.297258 0
0.977986 0.0220142 0
0.99333 0.00667045 0
0.988225 0.0117754 0
0.973165 0.0268353 0
0.368227 0.631773 0
0.917062 0.0829383 0
0.937654 0.0623459 0
0.994464 0.0055355 0
0.973897 0.0261029 0
0.0576468 0.942353 0
0.992895 0.00710482 0
0.907429 0.0925714 0
0.984566 0.0154339 0
0.153504 0.846496 0
0.939649 0.0603512 0
0.47062 0.52938 0
0.939367 0.060633 0
0.997006 0.00299403 0
0.99087 0.00912991 0
0.987925 0.0120753 0
0.959306 0.0406945 0
0.993115 0.00688513 0
0.988991 0.0110088 0
0.442419 0.557581 0
0.990562 0.00943785 0
0.99505 0.00494973 0
0.969264 0.0307365 0
0.143771 0.856229 0
0.983223 0.0167771 0
0.980194 0.0198058 0
0.987919 0.0120807 0
0.998262 0.00173812 0
0.952411 0.0475894 0
0.98808 0.01192 0
0.996032 0.0039683 0
0.997331 0.00266935 0
0.994598 0.00540219 0
0.994726 0.00527449 0
0.955757 0.0442434 0
0.962586 0.0374137 0
0.992991 0.00700932 0
0.984005 0.015995 0
0.975933 0.0240668 0
0.998249 0.00175055 0
0.966242 0.0337579 0
0.395429 0.604571 0
0.999431 0.00056924 0
0.711506 0.288494 0
0.994076 0.00592345 0
0.520002 0.479998 0
0.988998 0.0110017 0
0.98894 0.01106 0
0.206631 0.793369 0
0.986446 0.013554 0
0.996305 0.00369521 0
0.998668 0.00133211 0
0.987561 0.0124395 0
0.78689 0.21311 0
0.997483 0.00251747 0
0.988555 0.0114449 0
0.886485 0.113515 0
0.997344 0.00265619 0
0.97453 0.0254705 0
0.876031 0.123969 0
0.994183 0.00581744 0
0.991772 0.00822813 0
0.997336 0.002664 0
0.757349 0.242651 0
0.636758 0.363242 0
0.597571 0.402429 0
0.973418 0.0265817 0
0.985261 0.0147385 0
0.972039 0.0279612 0
0.959927 0.0400732 0
0.978965 0.0210348 0
0.927521 0.0724786 0
0.777096 0.222904 0
0.525643 0.474357 0
0.995685 0.0043154 0
0.983588 0.0164116 0
0.0272389 0.972761 0
0.264928 0.735071 0
0.994326 0.0056739 0
0.994434 0.00556588 0
0.998604 0.00139578 0
0.895797 0.104203 0
0.964723 0.035277 0
0.988977 0.0110227 0
0.994988 0.00501187 0
0.151875 0.848125 0
0.977332 0.0226684 0
0.988906 0.0110942 0
0.972652 0.0273483 0
0.986727 0.0132734 0
0.050686 0.949314 0
0.979709 0.0202909 0
0.990586 0.00941444 0
0.991224 0.00877549 0
0.990533 0.00946746 0
0.980368 0.0196317 0
0.712485 0.287515 0
0.963271 0.0367288 0
0.9927 0.00729975 0
0.990097 0.00990315 0
0.952256 0.0477442 0
0.994682 0.00531832 0
0.964575 0.0354254 0
0.962254 0.0377458 0
0.798965 0.201035 0
0.992667 0.00733284 0
0.984964 0.0150362 0
0.991559 0.00844146 0
0.904913 0.0950868 0
0.953556 0.0464443 0
0.995532 0.00446816 0
0.989598 0.0104018 0
0.996068 0.0039322 0
0.0442971 0.955703 0
0.408978 0.591022 0
0.834181 0.165819 0
0.999668 0.000332236 0
0.998737 0.00126298 0
0.501501 0.498499 0
0.981717 0.0182825 0
0.99326 0.00674016 0
0.858118 0.141882 0
0.960174 0.039826 0
0.975002 0.0249977 0
0.999501 0.000498877 0
0.994655 0.00534482 0
0.09503 0.90497 0
0.0243041 0.975696 0
0.969607 0.0303934 0
0.922896 0.0771042 0
0.999046 0.000953592 0
0.989682 0.0103182 0
0.996306 0.00369409 0
0.98646 0.0135401 0
0.995915 0.00408548 0
0.997739 0.00226117 0
0.825973 0.174027 0
0.37023 0.62977 0
0.730214 0.269786 0
0.529352 0.470648 0
0.502392 0.497608 0
0.986366 0.0136343 0
0.945942 0.0540583 0
0.911495 0.0885048 0
0.973698 0.026302 0
0.998565 0.00143531 0
0.828291 0.171709 0
0.486479 0.513521 0
0.0311012 0.968899 0
0.996473 0.00352681 0
0.640724 0.359276 0
0.996012 0.00398798 0
0.0534645 0.946536 0
0.997418 0.00258157 0
0.993114 0.00688562 0
0.410491 0.589509 0
0.998483 0.00151687 0
0.648128 0.351872 0
0.921375 0.0786253 0
0.825481 0.174519 0
0.991186 0.00881428 0
0.734709 0.265291 0
0.47673 0.52327 0
0.985864 0.014136 0
0.9961 0.00389974 0
0.966603 0.0333975 0
0.929116 0.0708835 0
0.975398 0.0246024 0
0.991752 0.00824779 0
0.990559 0.00944101 0
0.975222 0.0247776 0
0.979204 0.0207955 0
0.997467 0.00253269 0
0.998627 0.00137299 0
0.990037 0.00996321 0
0.990095 0.00990454 0
0.990101 0.00989901 0
0.983545 0.0164551 0
0.980968 0.0190318 0
0.916637 0.0833634 0
0.445533 0.554467 0
0.966246 0.0337539 0
0.993033 0.00696695 0
0.0756648 0.924335 0
0.995114 0.0048863 0
0.978332 0.0216676 0
0.997984 0.00201637 0
0.996284 0.0037155 0
0.971651 0.0283492 0
0.456181 0.543819 0
0.147647 0.852352 0
0.993761 0.00623896 0
0.973244 0.0267556 0
0.993532 0.00646848 0
0.898507 0.101493 0
0.989522 0.0104778 0
0.570652 0.429348 0
0.826018 0.173982 0
0.990953 0.00904742 0
0.974731 0.0252685 0
0.888498 0.111502 0
0.962417 0.0375829 0
0.984703 0.0152969 0
0.458808 0.541192 0
0.959165 0.0408352 0
0.100534 0.899466 0
0.979798 0.020202 0
0.118103 0.881897 0
0.995314 0.00468575 0
0.969934 0.0300655 0
0.993201 0.00679925 0
0.880909 0.119091 0
0.990114 0.009886 0
0.965683 0.0343171 0
0.989943 0.010057 0
0.892812 0.107188 0
0.998339 0.00166091 0
0.998921 0.00107926 0
0.995092 0.00490776 0
0.863325 0.136675 0
0.989489 0.010511 0
0.992566 0.00743434 0
0.995195 0.00480487 0
0.963434 0.0365663 0
0.519889 0.480111 0
0.996505 0.00349516 0
0.863073 0.136927 0
0.995399 0.00460141 0
0.994208 0.00579183 0
0.915139 0.0848613 0
0.995329 0.00467072 0
0.99403 0.00596979 0
0.938537 0.0614634 0
0.987621 0.0123794 0
0.812662 0.187338 0
0.995265 0.00473516 0
0.617431 0.382569 0
0.993479 0.00652122 0
0.906798 0.0932017 0
0.772982 0.227018 0
0.854485 0.145515 0
0.970393 0.0296074 0
0.997261 0.00273867 0
0.92212 0.0778799 0
0.953402 0.0465983 0
0.99446 0.00554053 0
0.997577 0.00242285 0
0.932355 0.0676452 0
0.0565768 0.943423 0
0.990103 0.00989731 0
0.998365 0.00163449 0
0.826558 0.173442 0
0.996128 0.00387174 0
0.986018 0.0139824 0
0.996203 0.00379704 0
0.868969 0.131031 0
0.586437 0.413563 0
0.998357 0.0016428 0
0.998683 0.00131679 0
0.582103 0.417897 0
0.810832 0.189168 0
0.0721868 0.927813 0
0.992888 0.00711213 0
0.956562 0.0434378 0
0.966125 0.0338754 0
0.914166 0.0858338 0
0.980809 0.0191912 0
0.932141 0.0678593 0
0.678788 0.321212 0
0.929359 0.0706408 0
0.245669 0.754331 0
0.982374 0.0176263 0
0.983617 0.0163826 0
0.854684 0.145316 0
0.980384 0.0196155 0
0.98273 0.0172705 0
0.252484 0.747516 0
0.47073 0.52927 0
0.993177 0.00682282 0
0.99218 0.00782019 0
0.769062 0.230938 0
0.988065 0.0119351 0
0.920936 0.0790643 0
0.997307 0.00269308 0
0.876947 0.123053 0
0.987903 0.0120967 0
0.997403 0.00259713 0
0.988375 0.0116247 0
0.260866 0.739134 0
0.988033 0.011967 0
0.993609 0.006391 0
0.99353 0.00646985 0
0.95474 0.0452597 0
0.958834 0.0411656 0
0.665032 0.334968 0
0.980332 0.0196676 0
0.956859 0.0431405 0
0.990309 0.00969118 0
0.942322 0.0576778 0
0.995989 0.00401062 0
0.998756 0.00124392 0
0.997456 0.00254393 0
0.977426 0.022574 0
0.0536471 0.946353 0
0.328176 0.671824 0
0.959588 0.0404116 0
0.971282 0.0287178 0
0.997132 0.00286779 0
0.983295 0.0167051 0
0.656414 0.343586 0
0.258673 0.741327 0
0.979539 0.020461 0
0.725785 0.274215 0
0.989632 0.0103676 0
0.28222 0.71778 0
0.919758 0.0802424 0
0.803926 0.196074 0
0.997899 0.00210121 0
0.962605 0.0373947 0
0.986723 0.0132772 0
0.996598 0.00340226 0
0.988341 0.0116588 0
0.923573 0.076427 0
0.997495 0.00250506 0
0.791505 0.208495 0
0.868765 0.131235 0
0.990193 0.0098069 0
0.609364 0.390636 0
0.997716 0.00228442 0
0.97755 0.0224501 0
0.919676 0.0803236 0
0.991534 0.00846638 0
0.82183 0.17817 0
0.980712 0.0192881 0
0.998338 0.00166153 0
0.997569 0.00243089 0
0.989735 0.010265 0
0.836995 0.163005 0
0.946804 0.0531964 0
0.874828 0.125172 0
0.993948 0.00605153 0
0.978958 0.0210423 0
0.986433 0.0135672 0
0.988054 0.0119457 0
0.996387 0.00361308 0
0.990598 0.00940161 0
0.924997 0.0750028 0
0.307659 0.692341 0
0.983184 0.0168159 0
0.672671 0.327329 0
0.778288 0.221712 0
0.939825 0.0601753 0
0.660806 0.339194 0
0.691118 0.308882 0
0.992936 0.00706368 0
0.982214 0.0177857 0
0.990218 0.0097823 0
0.986778 0.0132222 0
0.970639 0.029361 0
0.989021 0.0109787 0
0.997409 0.00259075 0
0.998345 0.0016553 0
0.913936 0.0860636 0
0.931959 0.0680405 0
0.959539 0.0404612 0
0.593287 0.406713 0
0.998063 0.00193749 0
0.586663 0.413337 0
0.989708 0.0102919 0
0.976063 0.0239369 0
0.99494 0.00505996 0
0.650208 0.349792 0
0.958741 0.0412591 0
0.890752 0.109249 0
0.998115 0.00188499 0
0.26848 0.73152 0
0.987392 0.0126082 0
0.957975 0.0420246 0
0.992034 0.00796634 0
0.995105 0.00489477 0
0.997386 0.0026139 0
0.39018 0.60982 0
0.960151 0.0398494 0
0.94672 0.0532798 0
0.96139 0.0386102 0
0.952405 0.0475954 0
0.994706 0.00529357 0
0.909154 0.0908459 0
0.68715 0.31285 0
0.969007 0.0309929 0
0.984154 0.0158459 0
0.881492 0.118508 0
0.78216 0.21784 0
0.971428 0.0285716 0
0.735022 0.264978 0
0.985564 0.0144364 0
0.996758 0.00324179 0
0.230516 0.769484 0
0.966496 0.0335038 0
0.838263 0.161737 0
0.908646 0.0913539 0
0.990162 0.0098383 0
0.858597 0.141403 0
0.967314 0.0326861 0
0.997628 0.00237201 0
0.983989 0.0160107 0
0.972355 0.0276452 0
0.912054 0.0879457 0
0.770656 0.229344 0
0.998406 0.00159412 0
0.496545 0.503455 0
0.994553 0.00544659 0
0.92837 0.0716302 0
0.785378 0.214622 0
0.994801 0.0051989 0
0.998961 0.00103894 0
0.888528 0.111472 0
0.410597 0.589403 0
0.97438 0.02562 0
0.914525 0.0854753 0
0.996101 0.00389879 0
0.995496 0.00450391 0
0.984274 0.0157263 0
0.317316 0.682684 0
0.991187 0.0088126 0
0.920843 0.0791566 0
0.972419 0.027581 0
0.95986 0.04014 0
0.999539 0.000460749 0
0.991471 0.00852909 0
0.981679 0.0183212 0
0.85732 0.14268 0
0.98682 0.0131801 0
0.819712 0.180288 0
0.994988 0.00501243 0
0.970598 0.0294016 0
0.996267 0.00373306 0
0.958046 0.0419535 0
0.998938 0.00106217 0
0.999562 0.000438311 0
0.990184 0.00981637 0
0.9939 0.00609998 0
0.987151 0.0128489 0
0.983718 0.016282 0
0.997039 0.002961 0
0.997867 0.00213267 0
0.415254 0.584746 0
0.980103 0.0198972 0
0.980166 0.0198337 0
0.98061 0.0193904 0
0.964486 0.0355137 0
0.99234 0.00765973 0
0.993479 0.00652062 0
0.990503 0.00949709 0
0.952268 0.0477317 0
0.98006 0.0199396 0
0.969681 0.0303189 0
0.98995 0.0100496 0
0.999 0.000999752 0
0.996753 0.00324722 0
0.853914 0.146086 0
0.993983 0.0060169 0
0.754181 0.245819 0
0.473909 0.526091 0
0.998713 0.00128688 0
0.99281 0.00719012 0
0.995394 0.00460645 0
0.704905 0.295095 0
0.977313 0.0226867 0
0.874611 0.125389 0
0.99749 0.00251021 0
0.818294 0.181706 0
0.988967 0.0110327 0
0.996734 0.0032665 0
0.992195 0.00780482 0
0.889835 0.110165 0
0.999045 0.000954925 0
0.997061 0.00293907 0
0.872906 0.127094 0
0.999374 0.000626458 0
0.977429 0.0225707 0
0.987302 0.0126977 0
0.998931 0.00106941 0
0.914352 0.0856484 0
0.982859 0.0171414 0
0.997947 0.00205346 0
0.976859 0.0231413 0
0.594818 0.405182 0
0.975412 0.0245879 0
0.743129 0.256871 0
0.958807 0.0411929 0
0.951421 0.0485794 0
0.99491 0.00508956 0
0.952655 0.0473444 0
0.135468 0.864532 0
0.426859 0.573141 0
0.994082 0.00591817 0
0.688745 0.311255 0
0.903291 0.0967088 0
0.993115 0.00688465 0
0.928844 0.0711556 0
0.998433 0.00156684 0
0.996253 0.00374741 0
0.989093 0.0109072 0
0.96772 0.0322799 0
0.0295102 0.97049 0
0.813619 0.186381 0
0.356144 0.643856 0
0.940911 0.0590888 0
0.996978 0.00302204 0
0.990053 0.00994696 0
0.99092 0.00907959 0
0.998026 0.00197395 0
0.947643 0.052357 0
0.976748 0.0232524 0
0.267664 0.732336 0
0.134127 0.865873 0
0.997739 0.00226093 0
0.537594 0.462406 0
0.133495 0.866505 0
0.976083 0.0239174 0
0.87129 0.12871 0
0.992304 0.00769557 0
0.931967 0.0680334 0
0.0129189 0.987081 1
0.0246991 0.975301 1
0.190263 0.809737 1
0.0407056 0.959294 1
0.0551367 0.944863 1
0.021323 0.978677 1
0.190938 0.809062 1
0.020009 0.979991 1
0.563037 0.436963 1
0.0709206 0.929079 1
0.0176767 0.982323 1
0.161332 0.838668 1
0.0175433 0.982457 1
0.218658 0.781342 1
0.0141703 0.98583 1
0.101851 0.898149 1
0.162011 0.837989 1
0.0351914 0.964809 1
0.0841735 0.915826 1
0.390128 0.609872 1
0.0586713 0.941329 1
0.0125589 0.987441 1
0.0351758 0.964824 1
0.113323 0.886677 1
0.0103108 0.989689 1
0.0512816 0.948718 1
0.0367341 0.963266 1
0.0278989 0.972101 1
0.0198249 0.980175 1
0.0130075 0.986992 1
0.194766 0.805234 1
0.0243818 0.975618 1
0.378808 0.621192 1
0.0132149 0.986785 1
0.0545009 0.945499 1
0.021243 0.978757 1
0.0232136 0.976786 1
0.0210055 0.978994 1
0.0213326 0.978667 1
0.0457649 0.954235 1
0.0326691 0.967331 1
0.0448755 0.955124 1
0.0147734 0.985227 1
0.0904995 0.909501 1
0.0203847 0.979615 1
0.027146 0.972854 1
0.0158823 0.984118 1
0.423641 0.576359 1
0.133203 0.866797 1
0.152297 0.847703 1
0.0263924 0.973608 1
0.0129901 0.98701 1
0.809616 0.190384 1
0.0296066 0.970393 1
0.267701 0.732299 1
0.02796 0.97204 1
0.0200631 0.979937 1
0.0413926 0.958607 1
0.255507 0.744493 1
0.06025 0.93975 1
0.53948 0.46052 1
0.0980457 0.901954 1
0.0141197 0.98588 1
0.0135308 0.986469 1
0.02267 0.97733 1
0.057841 0.942159 1
0.0273588 0.972641 1
0.0317289 0.968271 1
0.288067 0.711933 1
0.0311527 0.968847 1
0.166604 0.833396 1
0.0349565 0.965044 1
0.0223933 0.977607 1
0.102295 0.897705 1
0.941676 0.0583245 1
0.117612 0.882388 1
0.0127358 0.987264 1
0.137153 0.862847 1
0.00993417 0.990066 1
0.0175651 0.982435 1
0.0138825 0.986117 1
0.13263 0.86737 1
0.927873 0.0721268 1
0.0105818 0.989418 1
0.626267 0.373733 1
0.0532149 0.946785 1
0.0954517 0.904548 1
0.0416785 0.958322 1
0.0444334 0.955567 1
0.195698 0.804302 1
0.0166037 0.983396 1
0.0123453 0.987655 1
0.0329441 0.967056 1
0.0700471 0.929953 1
0.0161191 0.983881 1
0.0166968 0.983303 1
0.0119622 0.988038 1
0.795717 0.204283 1
0.152358 0.847642 1
0.522079 0.477921 1
0.0189687 0.981031 1
0.0322157 0.967784 1
0.662937 0.337063 1
0.0118607 0.988139 1
0.031386 0.968614 1
0.138794 0.861206 1
0.0705158 0.929484 1
0.0464345 0.953565 1
0.0351618 0.964838 1
0.0399733 0.960027 1
0.01525 0.98475 1
0.0156476 0.984352 1
0.0799371 0.920063 1
0.0131999 0.9868 1
0.0317856 0.968214 1
0.0261297 0.97387 1
0.26797 0.73203 1
0.0196233 0.980377 1
0.0162917 0.983708 1
0.0515944 0.948406 1
0.472312 0.527688 1
0.12457 0.87543 1
0.0247383 0.975262 1
0.345292 0.654708 1
0.0261703 0.97383 1
0.390343 0.609657 1
0.964995 0.0350047 1
0.0127276 0.987272 1
0.0150605 0.98494 1
0.0849789 0.915021 1
0.0147582 0.985242 1
0.0299036 0.970096 1
0.0228037 0.977196 1
0.0242181 0.975782 1
0.0141436 0.985856 1
0.0624829 0.937517 1
0.0139789 0.986021 1
0.00906426 0.990936 1
0.012226 0.987774 1
0.335097 0.664904 1
0.00919107 0.990809 1
0.0523076 0.947692 1
0.272204 0.727796 1
0.466145 0.533855 1
0.0462544 0.953746 1
0.0267637 0.973236 1
0.0723863 0.927614 1
0.0126569 0.987343 1
0.0255155 0.974485 1
0.429735 0.570265 1
0.0128028 0.987197 1
0.0120366 0.987963 1
0.0207968 0.979203 1
0.0523844 0.947616 1
0.500372 0.499628 1
0.0580885 0.941911 1
0.0927513 0.907249 1
0.0587219 0.941278 1
0.0692244 0.930776 1
0.151984 0.848016 1
0.0222261 0.977774 1
0.0138814 0.986119 1
0.0123066 0.987693 1
0.0176879 0.982312 1
0.0684325 0.931567 1
0.012491 0.987509 1
0.0728378 0.927162 1
0.656601 0.343399 1
0.22574 0.77426 1
0.0214012 0.978599 1
0.0106392 0.989361 1
0.0293336 0.970666 1
0.479964 0.520036 1
0.0960072 0.903993 1
0.379794 0.620206 1
0.0656437 0.934356 1
0.30991 0.69009 1
0.811835 0.188165 1
0.0138966 0.986103 1
0.0270592 0.972941 1
0.0938024 0.906198 1
0.568468 0.431532 1
0.0112644 0.988736 1
0.0195144 0.980486 1
0.438406 0.561594 1
0.0713998 0.9286 1
0.0473722 0.952628 1
0.645571 0.354429 1
0.0531312 0.946869 1
0.352899 0.647101 1
0.0146062 0.985394 1
0.2048 0.7952 1
0.463849 0.536151 1
0.0376329 0.962367 1
0.636273 0.363727 1
0.378127 0.621873 1
0.107028 0.892972 1
0.0187374 0.981263 1
0.0162096 0.98379 1
0.101077 0.898923 1
0.0379979 0.962002 1
0.108463 0.891537 1
0.0305904 0.96941 1
0.0230401 0.97696 1
0.0909263 0.909074 1
0.011472 0.988528 1
0.0130567 0.986943 1
0.258025 0.741975 1
0.449594 0.550406 1
0.0249495 0.975051 1
0.0130584 0.986942 1
0.0110062 0.988994 1
0.756728 0.243272 1
0.301371 0.698628 1
0.0381921 0.961808 1
0.0152688 0.984731 1
0.94371 0.0562903 1
0.384942 0.615058 1
0.103004 0.896996 1
0.00974981 0.99025 1
0.0205203 0.97948 1
0.0261183 0.973882 1
0.0116781 0.988322 1
0.718289 0.281711 1
0.01252 0.98748 1
0.0982958 0.901704 1
0.0196911 0.980309 1
0.888411 0.111589 1
0.046624 0.953376 1
0.879599 0.120401 1
0.0566414 0.943359 1
0.124312 0.875688 1
0.0917905 0.90821 1
0.0261601 0.97384 1
0.0856499 0.91435 1
0.0217388 0.978261 1
0.0344072 0.965593 1
0.55407 0.44593 1
0.055069 0.944931 1
0.0198443 0.980156 1
0.127395 0.872605 1
0.551489 0.44851 1
0.0430798 0.95692 1
0.0917532 0.908247 1
0.0791756 0.920824 1
0.040504 0.959496 1
0.108809 0.891191 1
0.0131424 0.986858 1
0.0208192 0.979181 1
0.0121041 0.987896 1
0.010292 0.989708 1
0.0311307 0.968869 1
0.233249 0.766751 1
0.0586625 0.941338 1
0.276308 0.723692 1
0.0749444 0.925056 1
0.0170048 0.982995 1
0.143069 0.856931 1
0.07267 0.92733 1
0.993048 0.00695172 1
0.0144952 0.985505 1
0.0339221 0.966078 1
0.151394 0.848606 1
0.0452228 0.954777 1
0.0185226 0.981477 1
0.0130397 0.98696 1
0.026486 0.973514 1
0.0128614 0.987139 1
0.917245 0.0827553 1
0.285269 0.714731 1
0.0216225 0.978378 1
0.637178 0.362822 1
0.829655 0.170345 1
0.92377 0.0762296 1
0.0219936 0.978006 1
0.0210634 0.978937 1
0.0204975 0.979503 1
0.0248854 0.975115 1
0.011612 0.988388 1
0.015473 0.984527 1
0.0183054 0.981695 1
0.0148866 0.985113 1
0.890148 0.109852 1
0.0201461 0.979854 1
0.0442205 0.95578 1
0.0151768 0.984823 1
0.0249707 0.975029 1
0.560564 0.439436 1
0.017703 0.982297 1
0.0139931 0.986007 1
0.0308773 0.969123 1
0.013256 0.986744 1
0.600248 0.399752 1
0.016319 0.983681 1
0.0191023 0.980898 1
0.367609 0.632391 1
0.0223416 0.977658 1
0.330481 0.669519 1
0.0151538 0.984846 1
0.0625822 0.937418 1
0.0165399 0.98346 1
0.662666 0.337334 1
0.0159711 0.984029 1
0.0180945 0.981905 1
0.0159765 0.984024 1
0.0225628 0.977437 1
0.417646 0.582354 1
0.0265474 0.973453 1
0.154659 0.845341 1
0.175741 0.824259 1
0.022843 0.977157 1
0.238187 0.761813 1
0.0391587 0.960841 1
0.0222161 0.977784 1
0.089429 0.910571 1
0.0768563 0.923144 1
0.0816664 0.918334 1
0.0199091 0.980091 1
0.538714 0.461286 1
0.0164201 0.98358 1
0.109597 0.890403 1
0.0237247 0.976275 1
0.144423 0.855577 1
0.0218174 0.978183 1
0.0582938 0.941706 1
0.0815244 0.918476 1
0.0584918 0.941508 1
0.0231311 0.976869 1
0.0162618 0.983738 1
0.0279291 0.972071 1
0.0154662 0.984534 1
0.0176892 0.982311 1
0.03979 0.96021 1
0.757246 0.242754 1
0.0213596 0.97864 1
0.0812642 0.918736 1
0.0182317 0.981768 1
0.0609021 0.939098 1
0.011543 0.988457 1
0.0494257 0.950574 1
0.0782481 0.921752 1
0.0284131 0.971587 1
0.0944657 0.905534 1
0.111077 0.888923 1
0.311264 0.688736 1
0.0588856 0.941114 1
0.0167591 0.983241 1
0.145882 0.854118 1
0.0607921 0.939208 1
0.015532 0.984468 1
0.0868718 0.913128 1
0.458294 0.541706 1
0.0187426 0.981257 1
0.637214 0.362786 1
0.800413 0.199587 1
0.0220158 0.977984 1
0.155107 0.844893 1
0.899933 0.100067 1
0.0118001 0.9882 1
0.0142223 0.985778 1
0.864041 0.135959 1
0.0974303 0.90257 1
0.8468 0.1532 1
0.0189667 0.981033 1
0.0280422 0.971958 1
0.0166383 0.983362 1
0.0139303 0.98607 1
0.0388512 0.961149 1
0.599764 0.400236 1
0.0525035 0.947496 1
0.0934556 0.906544 1
0.682365 0.317635 1
0.0239205 0.97608 1
0.875783 0.124217 1
0.019849 0.980151 1
0.197651 0.802349 1
0.40823 0.59177 1
0.588667 0.411333 1
0.84914 0.15086 1
0.0160056 0.983994 1
0.270906 0.729094 1
0.0115655 0.988434 1
0.0318529 0.968147 1
0.0122641 0.987736 1
0.0214311 0.978569 1
0.0359043 0.964096 1
0.0558819 0.944118 1
0.675121 0.324879 1
0.0749914 0.925009 1
0.012931 0.987069 1
0.0135368 0.986463 1
0.208 0.792 1
0.0112092 0.988791 1
0.0086787 0.991321 1
0.0500444 0.949956 1
0.38349 0.61651 1
0.0146393 0.985361 1
0.0772525 0.922747 1
0.504306 0.495694 1
0.0394359 0.960564 1
0.642577 0.357423 1
0.0582219 0.941778 1
0.0115162 0.988484 1
0.0256866 0.974313 1
0.0120376 0.987962 1
0.0386781 0.961322 1
0.0272175 0.972782 1
0.170012 0.829988 1
0.485082 0.514918 1
0.120638 0.879362 1
0.0683278 0.931672 1
0.719841 0.280159 1
0.82167 0.17833 1
0.318974 0.681026 1
0.357115 0.642885 1
0.775187 0.224813 1
0.0195091 0.980491 1
0.0116979 0.988302 1
0.0344437 0.965556 1
0.023214 0.976786 1
0.0161662 0.983834 1
0.0296095 0.97039 1
0.0922608 0.907739 1
0.019667 0.980333 1
0.0315566 0.968443 1
0.0132412 0.986759 1
0.360937 0.639063 1
0.0204995 0.979501 1
0.0166163 0.983384 1
0.128523 0.871477 1
0.620374 0.379626 1
0.0119015 0.988098 1
0.0675454 0.932455 1
0.0133007 0.986699 1
0.0207256 0.979274 1
0.159204 0.840796 1
0.232526 0.767474 1
0.334455 0.665545 1
0.0137228 0.986277 1
0.0232168 0.976783 1
0.888054 0.111946 1
0.0150789 0.984921 1
0.0231313 0.976869 1
0.621081 0.378919 1
0.0809958 0.919004 1
0.42403 0.57597 1
0.0426611 0.957339 1
0.340447 0.659553 1
0.0268008 0.973199 1
0.0210637 0.978936 1
0.026366 0.973634 1
0.970062 0.0299377 1
0.0173513 0.982649 1
0.015966 0.984034 1
0.31217 0.68783 1
0.0169295 0.98307 1
0.034406 0.965594 1
0.952114 0.0478861 1
0.0889341 0.911066 1
0.018921 0.981079 1
0.0259659 0.974034 1
0.0430881 0.956912 1
0.0187003 0.9813 1
0.057018 0.942982 1
0.612169 0.387831 1
0.0189662 0.981034 1
0.162068 0.837932 1
0.028415 0.971585 1
0.313259 0.686741 1
0.00854539 0.991455 1
0.0372797 0.96272 1
0.0147726 0.985227 1
0.162426 0.837574 1
0.0223608 0.977639 1
0.0922071 0.907793 1
0.340114 0.659886 1
0.0163696 0.98363 1
0.0120597 0.98794 1
0.0263615 0.973638 1
0.859044 0.140956 1
0.0150667 0.984933 1
0.0460065 0.953993 1
0.0129618 0.987038 1
0.771429 0.228571 1
0.0193477 0.980652 1
0.0980389 0.901961 1
0.00985401 0.990146 1
0.0164446 0.983555 1
0.0559062 0.944094 1
0.00959715 0.990403 1
0.0126592 0.987341 1
0.0207284 0.979272 1
0.151764 0.848236 1
0.347495 0.652505 1
0.0102052 0.989795 1
0.0182451 0.981755 1
0.0586913 0.941309 1
0.747353 0.252647 1
0.0949871 0.905013 1
0.207932 0.792068 1
0.0151426 0.984857 1
0.0997609 0.900239 1
0.024267 0.975733 1
0.0162204 0.98378 1
0.0189524 0.981048 1
0.0290146 0.970985 1
0.112785 0.887215 1
0.175229 0.824771 1
0.016638 0.983362 1
0.0139235 0.986076 1
0.0426147 0.957385 1
0.203138 0.796862 1
0.0387268 0.961273 1
0.467737 0.532263 1
0.019908 0.980092 1
0.0288866 0.971113 1
0.0100779 0.989922 1
0.0137782 0.986222 1
0.0106687 0.989331 1
0.342793 0.657207 1
0.0224299 0.97757 1
0.0255117 0.974488 1
0.80891 0.19109 1
0.363437 0.636563 1
0.0197499 0.98025 1
0.0222406 0.977759 1
0.349383 0.650617 1
0.0370105 0.96299 1
0.0208007 0.979199 1
0.0481948 0.951805 1
0.345497 0.654503 1
0.0093623 0.990638 1
0.184524 0.815476 1
0.0496124 0.950388 1
0.0200276 0.979972 1
0.572176 0.427824 1
0.0797183 0.920282 1
0.0283504 0.97165 1
0.025245 0.974755 1
0.0429924 0.957008 1
0.0350257 0.964974 1
0.101676 0.898324 1
0.559808 0.440192 1
0.0214295 0.978571 1
0.0180644 0.981936 1
0.118086 0.881914 1
0.133049 0.866951 1
0.0317555 0.968244 1
0.0142126 0.985787 1
0.0457906 0.954209 1
0.024907 0.975093 1
0.436023 0.563977 1
0.0692873 0.930713 1
0.0213998 0.9786 1
0.012659 0.987341 1
0.0406517 0.959348 1
0.0574485 0.942551 1
0.0749195 0.925081 1
0.0147503 0.98525 1
0.0188924 0.981108 1
0.047726 0.952274 1
0.468448 0.531552 1
0.0171749 0.982825 1
0.076953 0.923047 1
0.0638738 0.936126 1
0.0174423 0.982558 1
0.0536401 0.94636 1
0.0149541 0.985046 1
0.717081 0.282919 1
0.0279756 0.972024 1
0.973469 0.0265311 1
0.260419 0.739581 1
0.0620365 0.937963 1
0.0228184 0.977182 1
0.199322 0.800678 1
0.0196293 0.980371 1
0.0186366 0.981363 1
0.0353474 0.964653 1
0.0170878 0.982912 1
0.0126446 0.987355 1
0.0190965 0.980903 1
0.0171841 0.982816 1
0.31454 0.68546 1
0.0204165 0.979584 1
0.0162813 0.983719 1
0.0456785 0.954322 1
0.516993 0.483007 1
0.0771233 0.922877 1
0.0136193 0.986381 1
0.0152471 0.984753 1
0.0101239 0.989876 1
0.0363737 0.963626 1
0.0217506 0.978249 1
0.504292 0.495708 1
0.0512793 0.948721 1
0.0119083 0.988092 1
0.960176 0.0398236 1
0.0107902 0.98921 1
0.0106204 0.98938 1
0.459247 0.540753 1
0.0179641 0.982036 1
0.377533 0.622467 1
0.337608 0.662392 1
0.430695 0.569305 1
0.215186 0.784814 1
0.0101901 0.98981 1
0.0485781 0.951422 1
0.486933 0.513067 1
0.0371539 0.962846 1
0.287522 0.712478 1
0.0247247 0.975275 1
0.0233061 0.976694 1
0.0157814 0.984219 1
0.0226397 0.97736 1
0.0246744 0.975326 1
0.0102438 0.989756 1
0.0119804 0.98802 1
0.944377 0.0556231 1
0.0197335 0.980267 1
0.0192848 0.980715 1
0.785123 0.214877 1
0.344298 0.655702 1
0.165474 0.834526 1
0.0235833 0.976417 1
0.0476991 0.952301 1
0.0167927 0.983207 1
0.0429958 0.957004 1
0.511608 0.488392 1
0.0211527 0.978847 1
0.0125387 0.987461 1
0.0211625 0.978837 1
0.211359 0.788641 1
0.0190015 0.980999 1
0.0625757 0.937424 1
0.0188176 0.981182 1
0.0231346 0.976865 1
0.0133188 0.986681 1
0.017961 0.982039 1
0.192745 0.807255 1
0.148985 0.851016 1
0.184768 0.815232 1
0.00870138 0.991299 1
0.0707872 0.929213 1
0.255503 0.744497 1
0.0182373 0.981763 1
0.0412014 0.958799 1
0.018461 0.981539 1
0.0179754 0.982025 1
0.0142846 0.985715 1
0.346492 0.653508 1
0.0200694 0.979931 1
0.0142028 0.985797 1
0.020841 0.979159 1
0.0564859 0.943514 1
0.0200079 0.979992 1
0.0693595 0.930641 1
0.0194935 0.980507 1
0.010873 0.989127 1
0.0311027 0.968897 1
0.030233 0.969767 1
0.0113169 0.988683 1
0.0172329 0.982767 1
0.0265753 0.973425 1
0.821385 0.178615 1
0.0105353 0.989465 1
0.0632839 0.936716 1
0.0100225 0.989977 1
0.0447734 0.955227 1
0.293305 0.706695 1
0.159041 0.840959 1
0.0189851 0.981015 1
0.013759 0.986241 1
0.012068 0.987932 1
0.0821751 0.917825 1
0.0194869 0.980513 1
0.0204339 0.979566 1
0.0529964 0.947004 1
0.0360355 0.963965 1
0.926386 0.0736138 1
0.0140238 0.985976 1
0.0207208 0.979279 1
0.765102 0.234898 1
0.857768 0.142232 1
0.438692 0.561308 1
0.0158466 0.984153 1
0.0141729 0.985827 1
0.104082 0.895918 1
0.0190961 0.980904 1
0.773032 0.226968 1
0.0234624 0.976538 1
0.0571835 0.942816 1
0.0151631 0.984837 1
0.0274693 0.972531 1
0.0205881 0.979412 1
0.0294298 0.97057 1
0.0169872 0.983013 1
0.0195962 0.980404 1
0.0167346 0.983265 1
0.551887 0.448113 1
0.0336378 0.966362 1
0.0160281 0.983972 1
0.501535 0.498465 1
0.123609 0.876391 1
0.0581778 0.941822 1
0.0159401 0.98406 1
0.01508 0.98492 1
0.0369953 0.963005 1
0.245015 0.754985 1
0.106435 0.893565 1
0.147124 0.852876 1
0.0347058 0.965294 1
0.0358737 0.964126 1
0.0294544 0.970546 1
0.0122114 0.987789 1
0.0441434 0.955857 1
0.0630057 0.936994 1
0.381938 0.618062 1
0.389372 0.610628 1
0.320654 0.679346 1
0.025004 0.974996 1
0.0232582 0.976742 1
0.584628 0.415372 1
0.898952 0.101048 1
0.0103458 0.989654 1
0.513399 0.486601 1
0.0201778 0.979822 1
0.0211603 0.97884 1
0.0132326 0.986767 1
0.0162907 0.983709 1
0.0471994 0.952801 1
0.0899175 0.910083 1
0.0126927 0.987307 1
0.0161647 0.983835 1
0.59953 0.40047 1
0.1031 0.8969 1
0.0378907 0.962109 1
0.0193364 0.980664 1
0.0344933 0.965507 1
0.0167774 0.983223 1
0.0119704 0.98803 1
0.438835 0.561165 1
0.0108198 0.98918 1
0.0170298 0.98297 1
0.965076 0.0349241 1
0.0720517 0.927948 1
0.0223314 0.977669 1
0.1802 0.8198 1
0.0123971 0.987603 1
0.0183658 0.981634 1
0.0464452 0.953555 1
0.0264258 0.973574 1
0.255445 0.744555 1
0.0244958 0.975504 1
0.394678 0.605322 1
0.964005 0.0359952 1
0.0120643 0.987936 1
0.0138111 0.986189 1
0.974377 0.0256234 1
0.334622 0.665378 1
0.0185071 0.981493 1
0.864828 0.135172 1
0.0211448 0.978855 1
0.194104 0.805896 1
0.0929591 0.907041 1
0.555237 0.444764 1
0.0236851 0.976315 1
0.0379199 0.96208 1
0.0596291 0.940371 1
0.0128976 0.987102 1
0.898451 0.101549 1
0.023878 0.976122 1
0.0138 0.9862 1
0.0240454 0.975955 1
0.0400079 0.959992 1
0.0185774 0.981423 1
0.976937 0.0230632 1
0.053129 0.946871 1
0.0141668 0.985833 1
0.0175607 0.982439 1
0.0143932 0.985607 1
0.0205286 0.979471 1
0.0299904 0.97001 1
0.00894945 0.991051 1
0.0424301 0.95757 1
0.0164189 0.983581 1
0.103467 0.896533 1
0.0204716 0.979528 1
0.0248517 0.975148 1
0.0972802 0.90272 1
0.0165689 0.983431 1
0.0148325 0.985168 1
0.633432 0.366568 1
0.0458102 0.95419 1
0.0106864 0.989314 1
0.0308442 0.969156 1
0.787417 0.212583 1
0.220562 0.779438 1
0.915516 0.0844841 1
0.040133 0.959867 1
0.216581 0.783419 1
0.882683 0.117317 1
0.143597 0.856403 1
0.713787 0.286213 1
0.504652 0.495348 1
0.0107792 0.989221 1
0.0947976 0.905202 1
0.346674 0.653326 1
0.0116666 0.988333 1
0.679447 0.320553 1
0.160174 0.839826 1
0.0140603 0.98594 1
0.177107 0.822893 1
0.0437014 0.956299 1
0.0112637 0.988736 1
0.0149328 0.985067 1
0.289091 0.710909 1
0.0839008 0.916099 1
0.0556125 0.944387 1
0.029662 0.970338 1
0.0135606 0.986439 1
0.0161414 0.983859 1
0.0255562 0.974444 1
0.105 0.895 1
0.0219944 0.978006 1
0.209733 0.790267 1
0.995374 0.00462582 1
0.155884 0.844116 1
0.0750034 0.924997 1
0.481728 0.518272 1
0.0825739 0.917426 1
0.0459717 0.954028 1
0.0279736 0.972026 1
0.0627312 0.937269 1
0.0460277 0.953972 1
0.0364531 0.963547 1
0.25712 0.74288 1
0.0114117 0.988588 1
0.015721 0.984279 1
0.189299 0.810701 1
0.0121563 0.987844 1
0.0662989 0.933701 1
0.0224239 0.977576 1
0.501767 0.498233 1
0.0163605 0.98364 1
0.0824203 0.91758 1
0.816534 0.183466 1
0.987636 0.0123637 1
0.020138 0.979862 1
0.0162816 0.983718 1
0.295504 0.704496 1
0.0242929 0.975707 1
0.016909 0.983091 1
0.0245914 0.975409 1
0.682372 0.317628 1
0.58053 0.41947 1
0.0162202 0.98378 1
0.0204409 0.979559 1
0.0277762 0.972224 1
0.0143124 0.985688 1
0.0185484 0.981452 1
0.00964058 0.990359 1
0.0440107 0.955989 1
0.123998 0.876002 1
0.0720411 0.927959 1
0.0198097 0.98019 1
0.0713921 0.928608 1
0.632155 0.367846 1
0.0563385 0.943662 1
0.0666308 0.933369 1
0.0172387 0.982761 1
0.0109233 0.989077 1
0.0123397 0.98766 1
0.0116326 0.988367 1
0.0235808 0.976419 1
0.0544954 0.945505 1
0.0113418 0.988658 1
0.0244505 0.97555 1
0.0150181 0.984982 1
0.0106583 0.989342 1
0.0165236 0.983476 1
0.0200034 0.979997 1
0.0278808 0.972119 1
0.0197395 0.980261 1
0.0692962 0.930704 1
0.653467 0.346533 1
0.117063 0.882937 1
0.0221192 0.977881 1
0.0423684 0.957632 1
0.0502791 0.949721 1
0.0144373 0.985563 1
0.0267423 0.973258 1
0.240098 0.759902 1
0.0465434 0.953457 1
0.0164313 0.983569 1
0.0167257 0.983274 1
0.301968 0.698032 1
0.173183 0.826817 1
0.0141398 0.98586 1
0.0118852 0.988115 1
0.0310171 0.968983 1
0.0307732 0.969227 1
0.0543626 0.945637 1
0.195099 0.804901 1
0.00996899 0.990031 1
0.460671 0.539329 1
0.231945 0.768055 1
0.103359 0.896641 1
0.734544 0.265456 1
0.0467179 0.953282 1
0.0259633 0.974037 1
0.014259 0.985741 1
0.0882094 0.911791 1
0.014377 0.985623 1
0.0144691 0.985531 1
0.0119653 0.988035 1
0.0425016 0.957498 1
0.299616 0.700384 1
0.0417959 0.958204 1
0.0163979 0.983602 1
0.024549 0.975451 1
0.0304667 0.969533 1
0.411481 0.588519 1
0.858881 0.141119 1
0.179347 0.820653 1
0.202377 0.797623 1
0.0380036 0.961996 1
0.0266602 0.97334 1
0.772666 0.227334 1
0.0656574 0.934343 1
0.542551 0.457449 1
0.0215188 0.978481 1
0.597583 0.402417 1
0.146835 0.853165 1
0.0351592 0.964841 1
0.018513 0.981487 1
0.0118521 0.988148 1
0.0210217 0.978978 1
0.0138774 0.986123 1
0.00977069 0.990229 1
0.011738 0.988262 1
0.0149245 0.985076 1
0.0105896 0.98941 1
0.0115252 0.988475 1
0.0386977 0.961302 1
0.0147909 0.985209 1
0.0250029 0.974997 1
0.0170555 0.982944 1
0.610817 0.389183 1
0.011431 0.988569 1
0.0215664 0.978434 1
0.654428 0.345572 1
0.0245589 0.975441 1
0.0387748 0.961225 1
0.0230088 0.976991 1
0.731451 0.268549 1
0.0482397 0.95176 1
0.0168467 0.983153 1
0.920068 0.0799322 1
0.0643698 0.93563 1
0.0248045 0.975195 1
0.421141 0.578859 1
0.0649086 0.935091 1
0.245976 0.754024 1
0.1267 0.8733 1
0.0350101 0.96499 1
0.0163128 0.983687 1
0.0303164 0.969684 1
0.0387867 0.961213 1
0.0201338 0.979866 1
0.182235 0.817765 1
0.64056 0.35944 1
0.0376862 0.962314 1
0.0652597 0.93474 1
0.0440799 0.95592 1
0.0340473 0.965953 1
0.0199413 0.980059 1
0.0689346 0.931065 1
0.952637 0.0473628 1
0.706078 0.293922 1
0.0233585 0.976641 1
0.0605822 0.939418 1
0.0280864 0.971914 1
0.137865 0.862135 1
0.0201626 0.979837 1
0.0125038 0.987496 1
0.034458 0.965542 1
0.0396259 0.960374 1
0.0167508 0.983249 1
0.455541 0.544459 1
0.015787 0.984213 1
0.0190797 0.98092 1
0.0621722 0.937828 1
0.101574 0.898426 1
0.0176817 0.982318 1
0.986291 0.0137088 1
0.0197991 0.980201 1
0.0154427 0.984557 1
0.661355 0.338645 1
0.0131883 0.986812 1
0.0227972 0.977203 1
