0.986506 0.0134937 0
0.980888 0.0191115 0
0.918231 0.0817693 0
0.957532 0.0424675 0
0.423139 0.576861 0
0.984889 0.0151109 0
0.945935 0.0540649 0
0.93543 0.0645696 0
0.949997 0.0500033 0
0.63804 0.36196 0
0.959847 0.0401532 0
0.87113 0.12887 0
0.919725 0.0802749 0
0.404295 0.595705 0
0.944272 0.0557277 0
0.684233 0.315767 0
0.144697 0.855303 0
0.745067 0.254933 0
0.23507 0.76493 0
0.965085 0.0349154 0
0.963212 0.0367879 0
0.952064 0.047936 0
0.985444 0.0145556 0
0.733677 0.266323 0
0.919312 0.0806883 0
0.956045 0.0439552 0
0.991595 0.00840471 0
0.9598 0.0401995 0
0.950562 0.0494376 0
0.942977 0.0570228 0
0.932028 0.0679721 0
0.517857 0.482143 0
0.960166 0.0398339 0
0.989985 0.0100146 0
0.554943 0.445057 0
0.978268 0.021732 0
0.987209 0.012791 0
0.684446 0.315554 0
0.957955 0.0420448 0
0.97785 0.0221496 0
0.919536 0.0804644 0
0.885579 0.114421 0
0.965999 0.0340013 0
0.651189 0.348811 0
0.97994 0.0200604 0
0.971892 0.0281079 0
0.965868 0.034132 0
0.900558 0.0994419 0
0.989425 0.0105753 0
0.91774 0.0822603 0
0.928793 0.0712068 0
0.955263 0.0447369 0
0.899147 0.100853 0
0.987374 0.0126263 0
0.948805 0.0511952 0
0.985623 0.0143768 0
0.99011 0.0098896 0
0.919125 0.0808752 0
0.571175 0.428825 0
0.917379 0.0826212 0
0.0225764 0.977424 0
0.987983 0.0120169 0
0.5057 0.494301 0
0.96727 0.0327297 0
0.496406 0.503594 0
0.988648 0.0113523 0
0.28447 0.71553 0
0.978752 0.0212479 0
0.737308 0.262692 0
0.989984 0.0100159 0
0.97744 0.0225598 0
0.889708 0.110293 0
0.964048 0.0359525 0
0.955403 0.0445968 0
0.179929 0.820071 0
0.971438 0.0285625 0
0.987471 0.0125288 0
0.949966 0.0500343 0
0.982214 0.0177857 0
0.834148 0.165852 0
0.961039 0.0389608 0
0.985367 0.0146326 0
0.98729 0.0127099 0
0.628041 0.371959 0
0.652083 0.347917 0
0.970885 0.0291151 0
0.748984 0.251016 0
0.949523 0.0504771 0
0.800669 0.199331 0
0.905354 0.0946462 0
0.900702 0.0992979 0
0.964734 0.0352664 0
0.990771 0.0092288 0
0.965373 0.0346266 0
0.983286 0.0167141 0
0.977964 0.0220364 0
0.988214 0.0117862 0
0.894708 0.105292 0
0.955665 0.0443354 0
0.988704 0.0112964 0
0.848997 0.151003 0
0.976897 0.0231034 0
0.989932 0.0100678 0
0.981514 0.0184861 0
0.992489 0.00751057 0
0.528852 0.471148 0
0.971195 0.0288053 0
0.877184 0.122816 0
0.977672 0.0223283 0
0.977178 0.0228224 0
0.845136 0.154864 0
0.988634 0.0113655 0
0.143747 0.856253 0
0.979783 0.0202174 0
0.992498 0.00750224 0
0.968545 0.0314547 0
0.617057 0.382943 0
0.402732 0.597268 0
0.439286 0.560714 0
0.0514591 0.948541 0
0.932956 0.067044 0
0.859627 0.140373 0
0.963102 0.0368976 0
0.989942 0.010058 0
0.987014 0.0129858 0
0.960593 0.0394067 0
0.865309 0.134691 0
0.972343 0.0276573 0
0.479966 0.520034 0
0.987171 0.0128288 0
0.0101445 0.989855 0
0.810383 0.189617 0
0.954972 0.045028 0
0.971162 0.0288383 0
0.992434 0.00756638 0
0.994257 0.00574258 0
0.749032 0.250968 0
0.990325 0.00967527 0
0.97397 0.0260295 0
0.89565 0.10435 0
0.97199 0.0280099 0
0.970233 0.0297673 0
0.96917 0.0308304 0
0.98873 0.0112698 0
0.94089 0.0591096 0
0.98167 0.01833 0
0.988938 0.0110619 0
0.948097 0.0519028 0
0.929864 0.0701363 0
0.536095 0.463905 0
0.962969 0.0370311 0
0.923094 0.0769059 0
0.974575 0.0254251 0
0.623182 0.376818 0
0.421705 0.578295 0
0.684127 0.315873 0
0.951937 0.0480631 0
0.6325 0.3675 0
0.711778 0.288222 0
0.883454 0.116546 0
0.960389 0.0396115 0
0.965437 0.0345629 0
0.990358 0.00964212 0
0.992007 0.00799267 0
0.92028 0.0797202 0
0.919997 0.080003 0
0.757225 0.242775 0
0.987664 0.0123356 0
0.979233 0.0207673 0
0.988224 0.0117759 0
0.964051 0.035949 0
0.303903 0.696097 0
0.0456109 0.954389 0
0.982054 0.0179464 0
0.957436 0.0425645 0
0.923885 0.0761148 0
0.149297 0.850703 0
0.864742 0.135258 0
0.944317 0.0556835 0
0.885315 0.114685 0
0.966826 0.0331736 0
0.98051 0.0194903 0
0.956338 0.0436625 0
0.198198 0.801802 0
0.359894 0.640106 0
0.556403 0.443597 0
0.99086 0.00914021 0
0.0412139 0.958786 0
0.755561 0.244439 0
0.951669 0.0483313 0
0.98764 0.0123598 0
0.958039 0.0419609 0
0.92152 0.0784798 0
0.938436 0.0615637 0
0.984672 0.0153281 0
0.990437 0.00956271 0
0.978038 0.0219624 0
0.648782 0.351218 0
0.982166 0.0178341 0
0.949728 0.0502721 0
0.957619 0.0423812 0
0.981896 0.0181043 0
0.753158 0.246842 0
0.981768 0.0182323 0
0.315657 0.684343 0
0.974573 0.0254273 0
0.988621 0.0113791 0
0.962687 0.0373135 0
0.982529 0.0174708 0
0.563855 0.436145 0
0.629333 0.370667 0
0.102659 0.897341 0
0.981468 0.0185319 0
0.924484 0.075516 0
0.964545 0.0354552 0
0.940033 0.0599672 0
0.144071 0.855929 0
0.987855 0.0121452 0
0.889464 0.110536 0
0.628566 0.371434 0
0.988078 0.0119218 0
0.987318 0.0126823 0
0.994474 0.00552628 0
0.869811 0.130189 0
0.980907 0.0190925 0
0.908004 0.0919956 0
0.0592015 0.940798 0
0.983721 0.0162785 0
0.662236 0.337764 0
0.962875 0.0371247 0
0.373131 0.626869 0
0.895701 0.104299 0
0.707602 0.292398 0
0.989958 0.0100419 0
0.975677 0.0243228 0
0.985428 0.0145724 0
0.979479 0.0205211 0
0.779718 0.220282 0
0.991342 0.00865817 0
0.984667 0.0153329 0
0.335834 0.664165 0
0.914694 0.085306 0
0.315271 0.684729 0
0.990537 0.00946274 0
0.942445 0.0575546 0
0.821497 0.178503 0
0.966334 0.0336661 0
0.987017 0.0129833 0
0.922417 0.0775828 0
0.458766 0.541234 0
0.435917 0.564083 0
0.982744 0.0172559 0
0.987302 0.0126981 0
0.873848 0.126152 0
0.416881 0.583119 0
0.59336 0.40664 0
0.986663 0.0133367 0
0.359528 0.640472 0
0.109794 0.890206 0
0.949495 0.0505054 0
0.912181 0.0878185 0
0.182731 0.817269 0
0.981786 0.0182141 0
0.802359 0.197641 0
0.981296 0.0187036 0
0.915111 0.0848888 0
0.952045 0.0479552 0
0.984085 0.0159152 0
0.874459 0.125541 0
0.987405 0.0125946 0
0.969209 0.0307913 0
0.196146 0.803854 0
0.982607 0.0173934 0
0.666554 0.333446 0
0.991467 0.00853252 0
0.978638 0.0213618 0
0.976218 0.0237825 0
0.984705 0.0152949 0
0.983032 0.0169678 0
0.236003 0.763997 0
0.942508 0.0574915 0
0.471355 0.528645 0
0.987015 0.0129855 0
0.977535 0.0224654 0
0.787829 0.212171 0
0.948059 0.0519411 0
0.989287 0.0107131 0
0.982331 0.0176691 0
0.973468 0.0265322 0
0.886893 0.113107 0
0.238037 0.761963 0
0.987821 0.0121789 0
0.203469 0.796531 0
0.864621 0.135379 0
0.949858 0.0501424 0
0.978384 0.0216164 0
0.989171 0.0108293 0
0.936844 0.0631565 0
0.982612 0.0173875 0
0.986785 0.0132149 0
0.905972 0.0940284 0
0.976653 0.0233469 0
0.980775 0.0192251 0
0.990074 0.0099258 0
0.917061 0.0829387 0
0.979658 0.0203422 0
0.65115 0.34885 0
0.984598 0.0154017 0
0.990029 0.00997079 0
0.986581 0.013419 0
0.982445 0.0175554 0
0.741668 0.258332 0
0.964348 0.0356515 0
0.979486 0.020514 0
0.949391 0.050609 0
0.978697 0.0213031 0
0.760373 0.239627 0
0.650572 0.349428 0
0.868597 0.131403 0
0.705331 0.294669 0
0.983744 0.0162559 0
0.866409 0.133591 0
0.964697 0.0353032 0
0.983559 0.0164411 0
0.117282 0.882718 0
0.944006 0.0559941 0
0.957457 0.0425432 0
0.983231 0.0167689 0
0.983348 0.0166519 0
0.410137 0.589863 0
0.974942 0.0250579 0
0.972841 0.027159 0
0.970692 0.029308 0
0.986249 0.0137514 0
0.965765 0.0342354 0
0.976781 0.0232188 0
0.853172 0.146828 0
0.985759 0.0142412 0
0.820404 0.179596 0
0.614586 0.385414 0
0.967789 0.0322107 0
0.778622 0.221378 0
0.989488 0.0105116 0
0.991527 0.0084733 0
0.948557 0.0514427 0
0.988192 0.0118076 0
0.986688 0.0133124 0
0.543587 0.456413 0
0.943677 0.0563233 0
0.825087 0.174913 0
0.947115 0.0528848 0
0.259806 0.740194 0
0.975327 0.0246731 0
0.989235 0.0107649 0
0.98728 0.01272 0
0.941117 0.058883 0
0.986703 0.013297 0
0.979949 0.0200509 0
0.976826 0.0231744 0
0.399462 0.600538 0
0.947421 0.0525789 0
0.985167 0.0148332 0
0.580101 0.419899 0
0.992252 0.00774838 0
0.962781 0.0372191 0
0.624458 0.375542 0
0.990075 0.00992513 0
0.979615 0.0203853 0
0.844331 0.155669 0
0.972611 0.0273891 0
0.90836 0.0916402 0
0.979418 0.0205825 0
0.907587 0.0924129 0
0.118895 0.881105 0
0.970937 0.0290631 0
0.981841 0.0181589 0
0.984577 0.0154226 0
0.964389 0.0356113 0
0.685331 0.314669 0
0.923965 0.0760353 0
0.980795 0.0192047 0
0.970555 0.0294451 0
0.88772 0.11228 0
0.967849 0.0321505 0
0.984212 0.0157883 0
0.958535 0.0414654 0
0.977768 0.0222325 0
0.990129 0.00987109 0
0.0108134 0.989187 0
0.986345 0.0136547 0
0.206675 0.793325 0
0.923597 0.0764025 0
0.887237 0.112763 0
0.989666 0.0103342 0
0.979538 0.0204621 0
0.977232 0.0227684 0
0.988067 0.0119333 0
0.987756 0.0122444 0
0.951444 0.0485561 0
0.383875 0.616125 0
0.904809 0.0951908 0
0.900262 0.0997377 0
0.959256 0.0407437 0
0.960733 0.0392669 0
0.982542 0.0174581 0
0.809517 0.190483 0
0.980657 0.0193433 0
0.915817 0.0841832 0
0.758051 0.241949 0
0.978397 0.0216032 0
0.957815 0.0421853 0
0.831376 0.168624 0
0.981948 0.0180516 0
0.323767 0.676233 0
0.579953 0.420047 0
0.027416 0.972584 0
0.969549 0.0304512 0
0.859143 0.140857 0
0.987385 0.0126154 0
0.784885 0.215115 0
0.987027 0.0129725 0
0.844865 0.155135 0
0.281653 0.718347 0
0.849381 0.150619 0
0.71131 0.28869 0
0.86646 0.13354 0
0.803511 0.196489 0
0.914264 0.0857359 0
0.691243 0.308757 0
0.984008 0.0159921 0
0.865629 0.134371 0
0.946235 0.0537654 0
0.0116197 0.98838 0
0.96254 0.0374605 0
0.971945 0.0280555 0
0.982633 0.0173666 0
0.954507 0.0454933 0
0.939752 0.0602483 0
0.958174 0.0418257 0
0.598042 0.401958 0
0.844636 0.155364 0
0.949667 0.050333 0
0.797353 0.202647 0
0.983997 0.0160029 0
0.439085 0.560915 0
0.701284 0.298716 0
0.961081 0.0389187 0
0.919324 0.0806763 0
0.992061 0.00793946 0
0.966742 0.0332577 0
0.978233 0.021767 0
0.991355 0.00864519 0
0.358176 0.641824 0
0.976794 0.0232064 0
0.990779 0.00922077 0
0.989445 0.0105547 0
0.970969 0.0290307 0
0.991148 0.00885204 0
0.960645 0.0393553 0
0.859956 0.140044 0
0.96821 0.0317896 0
0.96446 0.0355404 0
0.970155 0.0298453 0
0.0247585 0.975241 0
0.98754 0.0124597 0
0.958417 0.0415831 0
0.821338 0.178662 0
0.981507 0.0184931 0
0.861639 0.138361 0
0.981436 0.0185644 0
0.92324 0.07676 0
0.617088 0.382912 0
0.985472 0.0145284 0
0.895047 0.104952 0
0.973711 0.0262891 0
0.987518 0.0124821 0
0.637053 0.362947 0
0.914889 0.0851113 0
0.52563 0.47437 0
0.958436 0.0415642 0
0.953649 0.0463512 0
0.0535063 0.946494 0
0.987743 0.0122567 0
0.142995 0.857005 0
0.955878 0.0441217 0
0.238667 0.761333 0
0.973205 0.0267947 0
0.593616 0.406384 0
0.817971 0.182029 0
0.980048 0.0199519 0
0.965024 0.0349762 0
0.941433 0.0585669 0
0.98276 0.0172395 0
0.981083 0.0189175 0
0.969091 0.0309093 0
0.380578 0.619422 0
0.985651 0.0143488 0
0.984466 0.0155338 0
0.977907 0.0220931 0
0.481986 0.518014 0
0.941654 0.0583459 0
0.872299 0.127701 0
0.968589 0.031411 0
0.990316 0.00968421 0
0.953036 0.0469638 0
0.950842 0.0491577 0
0.992272 0.00772774 0
0.990956 0.00904364 0
0.9295 0.0705004 0
0.987729 0.0122706 0
0.971228 0.0287718 0
0.798467 0.201533 0
0.990406 0.00959383 0
0.945397 0.0546026 0
0.873395 0.126605 0
0.986618 0.0133821 0
0.795954 0.204046 0
0.412807 0.587193 0
0.988169 0.0118314 0
0.655114 0.344886 0
0.987094 0.0129065 0
0.451724 0.548276 0
0.880664 0.119336 0
0.977293 0.0227068 0
0.331779 0.668221 0
0.979757 0.0202429 0
0.978771 0.0212292 0
0.958282 0.0417177 0
0.977651 0.0223486 0
0.907706 0.0922935 0
0.980749 0.0192507 0
0.948075 0.0519248 0
0.726415 0.273585 0
0.990961 0.00903942 0
0.981989 0.0180106 0
0.95923 0.0407697 0
0.972142 0.0278581 0
0.980096 0.0199041 0
0.991163 0.00883726 0
0.185922 0.814078 0
0.899176 0.100824 0
0.180324 0.819676 0
0.839659 0.160341 0
0.944402 0.0555981 0
0.945225 0.054775 0
0.969369 0.0306306 0
0.939468 0.0605317 0
0.903971 0.0960284 0
0.895139 0.104861 0
0.263202 0.736798 0
0.987065 0.0129346 0
0.972647 0.0273534 0
0.0197435 0.980256 0
0.100073 0.899927 0
0.97323 0.0267696 0
0.97412 0.0258795 0
0.98901 0.0109899 0
0.890889 0.109111 0
0.972819 0.027181 0
0.941343 0.0586568 0
0.980822 0.0191784 0
0.773895 0.226105 0
0.914085 0.0859154 0
0.981332 0.0186677 0
0.960535 0.0394647 0
0.971107 0.0288928 0
0.0289609 0.971039 0
0.987733 0.0122669 0
0.95375 0.0462498 0
0.967085 0.0329153 0
0.983712 0.0162879 0
0.980248 0.0197523 0
0.701069 0.298931 0
0.920182 0.0798177 0
0.913286 0.0867143 0
0.981974 0.0180261 0
0.977387 0.0226134 0
0.98991 0.0100902 0
0.835812 0.164188 0
0.988263 0.0117374 0
0.618203 0.381797 0
0.988711 0.0112885 0
0.90946 0.0905404 0
0.97814 0.0218595 0
0.916905 0.0830948 0
0.895582 0.104418 0
0.970038 0.0299623 0
0.906541 0.093459 0
0.987877 0.0121225 0
0.118229 0.881771 0
0.596818 0.403182 0
0.954018 0.0459825 0
0.994392 0.00560789 0
0.99042 0.00958003 0
0.875631 0.124369 0
0.95373 0.0462696 0
0.989159 0.0108405 0
0.823569 0.176431 0
0.776169 0.223831 0
0.981273 0.0187274 0
0.993175 0.00682461 0
0.976191 0.0238095 0
0.169507 0.830493 0
0.0487592 0.951241 0
0.984018 0.0159821 0
0.482835 0.517165 0
0.991709 0.00829089 0
0.970244 0.029756 0
0.980367 0.0196329 0
0.988037 0.0119627 0
0.954087 0.0459133 0
0.984772 0.0152279 0
0.798566 0.201434 0
0.28608 0.71392 0
0.781698 0.218302 0
0.32976 0.67024 0
0.851281 0.148719 0
0.98522 0.0147801 0
0.678489 0.321511 0
0.465522 0.534477 0
0.975114 0.0248857 0
0.989093 0.0109073 0
0.538416 0.461584 0
0.923037 0.0769632 0
0.037017 0.962983 0
0.969728 0.0302721 0
0.767324 0.232676 0
0.986951 0.0130493 0
0.0451633 0.954837 0
0.9848 0.0151997 0
0.96342 0.0365804 0
0.61203 0.38797 0
0.986913 0.0130872 0
0.746392 0.253608 0
0.784055 0.215945 0
0.365083 0.634917 0
0.98827 0.0117301 0
0.850088 0.149912 0
0.488845 0.511155 0
0.983876 0.0161243 0
0.987818 0.0121818 0
0.835059 0.164941 0
0.901988 0.0980115 0
0.89427 0.10573 0
0.991011 0.008989 0
0.963611 0.036389 0
0.956875 0.0431249 0
0.630943 0.369057 0
0.991764 0.0082359 0
0.988866 0.0111344 0
0.976261 0.0237388 0
0.985914 0.0140863 0
0.971295 0.0287049 0
0.967868 0.0321323 0
0.973795 0.0262045 0
0.917202 0.0827978 0
0.351314 0.648686 0
0.977998 0.0220016 0
0.980869 0.0191307 0
0.277019 0.722981 0
0.961331 0.0386688 0
0.985244 0.0147557 0
0.99002 0.00998012 0
0.990218 0.00978212 0
0.94819 0.05181 0
0.34477 0.65523 0
0.0376724 0.962328 0
0.988863 0.0111368 0
0.974409 0.0255905 0
0.983515 0.0164848 0
0.956461 0.0435386 0
0.9776 0.0223996 0
0.826461 0.173539 0
0.385282 0.614718 0
0.98316 0.0168404 0
0.942439 0.0575606 0
0.845874 0.154126 0
0.955001 0.0449993 0
0.941389 0.0586111 0
0.607556 0.392444 0
0.821181 0.178819 0
0.430028 0.569972 0
0.779253 0.220747 0
0.544502 0.455498 0
0.961809 0.0381905 0
0.940102 0.0598979 0
0.981204 0.0187964 0
0.896549 0.103452 0
0.979804 0.0201957 0
0.905628 0.094372 0
0.923755 0.0762455 0
0.56355 0.43645 0
0.963595 0.0364053 0
0.98015 0.0198501 0
0.98251 0.0174898 0
0.862279 0.137721 0
0.990083 0.00991724 0
0.924089 0.0759111 0
0.98707 0.0129296 0
0.899536 0.100464 0
0.787134 0.212866 0
0.989687 0.0103128 0
0.788397 0.211603 0
0.985618 0.0143824 0
0.978223 0.0217767 0
0.812467 0.187533 0
0.978687 0.0213135 0
0.981699 0.0183008 0
0.860873 0.139127 0
0.946321 0.053679 0
0.918717 0.0812834 0
0.970107 0.0298925 0
0.857676 0.142324 0
0.96174 0.0382596 0
0.941162 0.0588383 0
0.627013 0.372987 0
0.534205 0.465795 0
0.927635 0.0723648 0
0.988382 0.0116184 0
0.938411 0.0615894 0
0.696999 0.303001 0
0.984099 0.015901 0
0.98774 0.01226 0
0.478657 0.521343 0
0.0683088 0.931691 0
0.983306 0.0166941 0
0.99263 0.00736995 0
0.359771 0.640229 0
0.990422 0.00957852 0
0.930601 0.0693986 0
0.979029 0.0209713 0
0.849769 0.150231 0
0.94399 0.0560099 0
0.986005 0.0139951 0
0.994026 0.0059744 0
0.884082 0.115918 0
0.691383 0.308617 0
0.771047 0.228953 0
0.986428 0.0135719 0
0.922893 0.0771074 0
0.958416 0.0415835 0
0.738622 0.261378 0
0.901857 0.098143 0
0.786151 0.213849 0
0.927791 0.0722094 0
0.895548 0.104452 0
0.181257 0.818743 0
0.97782 0.0221802 0
0.934962 0.0650382 0
0.741282 0.258718 0
0.905772 0.0942284 0
0.56649 0.43351 0
0.252297 0.747703 0
0.655129 0.344871 0
0.983154 0.0168462 0
0.955716 0.0442843 0
0.87798 0.12202 0
0.984589 0.0154109 0
0.912232 0.0877681 0
0.985457 0.0145431 0
0.889997 0.110003 0
0.954155 0.0458448 0
0.981096 0.0189037 0
0.960167 0.0398331 0
0.358508 0.641492 0
0.932528 0.0674716 0
0.984543 0.0154574 0
0.982478 0.017522 0
0.962573 0.037427 0
0.93976 0.0602396 0
0.351479 0.648521 0
0.853522 0.146478 0
0.975938 0.0240616 0
0.98304 0.01696 0
0.944882 0.055118 0
0.979003 0.0209967 0
0.988356 0.0116441 0
0.976239 0.0237615 0
0.988322 0.0116781 0
0.0479052 0.952095 0
0.490379 0.509622 0
0.934477 0.0655234 0
0.983569 0.0164311 0
0.972111 0.0278886 0
0.979441 0.0205585 0
0.623549 0.376451 0
0.338986 0.661014 0
0.979836 0.0201636 0
0.427545 0.572455 0
0.987196 0.0128036 0
0.42393 0.57607 0
0.973038 0.0269625 0
0.785828 0.214172 0
0.981949 0.0180512 0
0.758891 0.241109 0
0.939386 0.0606137 0
0.985679 0.0143214 0
0.889832 0.110168 0
0.882587 0.117413 0
0.988182 0.0118183 0
0.454787 0.545213 0
0.835329 0.164671 0
0.94977 0.0502302 0
0.610104 0.389896 0
0.989702 0.0102976 0
0.962362 0.0376379 0
0.983344 0.0166557 0
0.970772 0.0292283 0
0.846412 0.153588 0
0.991053 0.00894665 0
0.987166 0.012834 0
0.992247 0.0077527 0
0.955874 0.0441261 0
0.915881 0.0841193 0
0.779309 0.220691 0
0.330164 0.669836 0
0.980804 0.019196 0
0.986022 0.0139777 0
0.980061 0.0199393 0
0.98493 0.0150705 0
0.979576 0.0204242 0
0.980105 0.0198948 0
0.715229 0.284771 0
0.58958 0.41042 0
0.968294 0.0317065 0
0.923536 0.0764637 0
0.655238 0.344762 0
0.873644 0.126356 0
0.872009 0.127991 0
0.906753 0.0932472 0
0.945991 0.0540091 0
0.969909 0.0300915 0
0.947129 0.0528708 0
0.913581 0.0864192 0
0.937338 0.0626618 0
0.912569 0.0874313 0
0.98534 0.0146601 0
0.991492 0.0085084 0
0.973947 0.0260528 0
0.946814 0.0531859 0
0.979805 0.0201952 0
0.87285 0.12715 0
0.942144 0.0578559 0
0.946392 0.0536083 0
0.977756 0.0222442 0
0.961504 0.038496 0
0.936754 0.0632465 0
0.6333 0.3667 0
0.928436 0.0715638 0
0.839028 0.160972 0
0.96649 0.0335097 0
0.163326 0.836674 0
0.981475 0.0185247 0
0.867215 0.132785 0
0.954795 0.045205 0
0.985238 0.0147619 0
0.990559 0.00944081 0
0.298043 0.701957 0
0.968167 0.0318325 0
0.838965 0.161035 0
0.982349 0.0176508 0
0.824563 0.175437 0
0.988542 0.0114578 0
0.892803 0.107197 0
0.4877 0.5123 0
0.980343 0.0196567 0
0.979536 0.020464 0
0.901039 0.0989612 0
0.405392 0.594608 0
0.698116 0.301884 0
0.772152 0.227848 0
0.943801 0.0561987 0
0.973841 0.0261593 0
0.91347 0.0865302 0
0.653464 0.346536 0
0.588837 0.411163 0
0.92761 0.0723896 0
0.983866 0.0161338 0
0.835571 0.164429 0
0.973574 0.0264264 0
0.987302 0.0126978 0
0.928507 0.0714928 0
0.934356 0.0656437 0
0.764173 0.235827 0
0.534129 0.465871 0
0.990122 0.00987797 0
0.945726 0.0542737 0
0.986237 0.0137631 0
0.868541 0.131459 0
0.603247 0.396753 0
0.984078 0.0159225 0
0.993615 0.00638508 0
0.972892 0.027108 0
0.688816 0.311184 0
0.93102 0.0689804 0
0.702357 0.297643 0
0.983733 0.0162667 0
0.978428 0.0215715 0
0.980029 0.0199712 0
0.13224 0.86776 0
0.965328 0.0346724 0
0.627021 0.372979 0
0.798372 0.201628 0
0.980909 0.0190906 0
0.98973 0.0102699 0
0.976773 0.0232268 0
0.967282 0.0327176 0
0.730289 0.269711 0
0.974768 0.0252325 0
0.828591 0.171409 0
0.971967 0.0280328 0
0.986276 0.013724 0
0.992085 0.00791505 0
0.758402 0.241598 0
0.988975 0.0110249 0
0.984079 0.0159212 0
0.95879 0.0412102 0
0.962803 0.0371975 0
0.989803 0.0101973 0
0.958459 0.0415413 0
0.988945 0.0110551 0
0.974041 0.0259587 0
0.722413 0.277587 0
0.918359 0.0816413 0
0.886358 0.113642 0
0.91006 0.0899402 0
0.95803 0.0419698 0
0.972107 0.0278931 0
0.991083 0.00891738 0
0.976059 0.0239412 0
0.917082 0.0829175 0
0.981198 0.0188025 0
0.834505 0.165495 0
0.983625 0.0163755 0
0.991572 0.00842798 0
0.988596 0.0114043 0
0.960668 0.0393321 0
0.990344 0.00965622 0
0.369673 0.630327 0
0.765846 0.234154 0
0.988236 0.0117636 0
0.95935 0.04065 0
0.984809 0.0151912 0
0.706976 0.293024 0
0.986211 0.0137892 0
0.848024 0.151976 0
0.982923 0.0170767 0
0.828303 0.171698 0
0.9881 0.0119 0
0.990269 0.00973087 0
0.968727 0.031273 0
0.88446 0.11554 0
0.981706 0.018294 0
0.985318 0.0146823 0
0.790722 0.209278 0
0.987277 0.0127233 0
0.988956 0.0110438 0
0.977163 0.0228369 0
0.986454 0.0135456 0
0.827679 0.172321 0
0.863879 0.136121 0
0.985957 0.014043 0
0.916944 0.083056 0
0.497317 0.502683 0
0.973651 0.0263488 0
0.835415 0.164585 0
0.88304 0.11696 0
0.902427 0.0975728 0
0.969187 0.0308126 0
0.941308 0.0586921 0
0.0618479 0.938152 0
0.227977 0.772023 0
0.953688 0.0463118 0
0.922162 0.0778376 0
0.809225 0.190775 0
0.963479 0.0365206 0
0.848494 0.151506 0
0.989312 0.0106884 0
0.969924 0.030076 0
0.974603 0.0253967 0
0.965085 0.034915 0
0.0195188 0.980481 0
0.632578 0.367421 0
0.244348 0.755652 0
0.565797 0.434203 0
0.985618 0.0143823 0
0.98441 0.0155903 0
0.989136 0.0108642 0
0.989888 0.0101115 0
0.775079 0.22492 0
0.971972 0.0280284 0
0.325664 0.674336 0
0.0438128 0.956187 0
0.977509 0.0224905 0
0.889658 0.110342 0
0.327892 0.672108 0
0.98641 0.0135896 0
0.398165 0.601835 0
0.982551 0.017449 0
0.895606 0.104394 0
0.00981982 0.99018 1
0.175571 0.82443 1
0.855417 0.144583 1
0.0469103 0.95309 1
0.143778 0.856222 1
0.190814 0.809186 1
0.0807398 0.91926 1
0.0140505 0.98595 1
0.488555 0.511445 1
0.106371 0.893629 1
0.0188451 0.981155 1
0.839752 0.160248 1
0.0143526 0.985647 1
0.215665 0.784335 1
0.0128806 0.987119 1
0.194824 0.805176 1
0.155013 0.844987 1
0.0532654 0.946735 1
0.11589 0.88411 1
0.676173 0.323827 1
0.0854594 0.914541 1
0.0147751 0.985225 1
0.0646245 0.935375 1
0.208508 0.791492 1
0.0169355 0.983064 1
0.0927028 0.907297 1
0.0298607 0.970139 1
0.0169413 0.983059 1
0.054653 0.945347 1
0.0343822 0.965618 1
0.0223479 0.977652 1
0.0658652 0.934135 1
0.16587 0.83413 1
0.00823646 0.991764 1
0.089586 0.910414 1
0.0291322 0.970868 1
0.0489292 0.951071 1
0.0147144 0.985286 1
0.0101245 0.989875 1
0.045614 0.954386 1
0.0854226 0.914577 1
0.17064 0.82936 1
0.0196954 0.980305 1
0.710815 0.289185 1
0.0109471 0.989053 1
0.0442727 0.955727 1
0.0116643 0.988336 1
0.486922 0.513078 1
0.450773 0.549227 1
0.839352 0.160648 1
0.0111715 0.988828 1
0.0706588 0.929341 1
0.827423 0.172577 1
0.0105414 0.989459 1
0.598286 0.401714 1
0.59961 0.40039 1
0.0409171 0.959083 1
0.0262481 0.973752 1
0.0965994 0.903401 1
0.151338 0.848662 1
0.153959 0.846041 1
0.13706 0.86294 1
0.011717 0.988283 1
0.0131566 0.986843 1
0.0267121 0.973288 1
0.701444 0.298556 1
0.0290197 0.97098 1
0.139736 0.860264 1
0.0710341 0.928966 1
0.0197738 0.980226 1
0.0665001 0.9335 1
0.020914 0.979086 1
0.0528884 0.947112 1
0.245349 0.754651 1
0.922829 0.0771708 1
0.0610949 0.938905 1
0.0179801 0.98202 1
0.111077 0.888923 1
0.00658962 0.99341 1
0.0113634 0.988637 1
0.0201006 0.979899 1
0.165802 0.834198 1
0.66674 0.33326 1
0.00699051 0.99301 1
0.370057 0.629943 1
0.157046 0.842954 1
0.0526205 0.94738 1
0.012417 0.987583 1
0.106682 0.893318 1
0.190813 0.809187 1
0.0275093 0.972491 1
0.00672395 0.993276 1
0.153397 0.846603 1
0.0619226 0.938077 1
0.0133319 0.986668 1
0.0228405 0.977159 1
0.00709815 0.992902 1
0.658261 0.341739 1
0.0792243 0.920776 1
0.334031 0.665969 1
0.0218307 0.978169 1
0.0521948 0.947805 1
0.696584 0.303416 1
0.0194727 0.980527 1
0.0405106 0.959489 1
0.42133 0.57867 1
0.0240109 0.975989 1
0.0691977 0.930802 1
0.0362527 0.963747 1
0.07352 0.92648 1
0.021318 0.978682 1
0.0365992 0.963401 1
0.645901 0.354099 1
0.0203205 0.979679 1
0.168674 0.831326 1
0.0133209 0.986679 1
0.0117953 0.988205 1
0.0157921 0.984208 1
0.0133679 0.986632 1
0.0384981 0.961502 1
0.082524 0.917476 1
0.0886959 0.911304 1
0.0327701 0.96723 1
0.390265 0.609735 1
0.0173828 0.982617 1
0.155362 0.844638 1
0.982785 0.0172151 1
0.00917892 0.990821 1
0.00979297 0.990207 1
0.090965 0.909035 1
0.00938802 0.990612 1
0.0282428 0.971757 1
0.0164959 0.983504 1
0.0302383 0.969762 1
0.0352273 0.964773 1
0.0273774 0.972623 1
0.0106748 0.989325 1
0.00933207 0.990668 1
0.00821652 0.991783 1
0.223013 0.776987 1
0.00618433 0.993816 1
0.0723873 0.927613 1
0.0962401 0.90376 1
0.458011 0.541989 1
0.0376765 0.962323 1
0.0175488 0.982451 1
0.0260542 0.973946 1
0.0101381 0.989862 1
0.323975 0.676025 1
0.689464 0.310536 1
0.00820538 0.991795 1
0.00898559 0.991014 1
0.011635 0.988365 1
0.013457 0.986543 1
0.62413 0.37587 1
0.232718 0.767282 1
0.087942 0.912058 1
0.037442 0.962558 1
0.19507 0.80493 1
0.0234033 0.976597 1
0.0417241 0.958276 1
0.0370161 0.962984 1
0.0535744 0.946426 1
0.0168323 0.983168 1
0.0527394 0.947261 1
0.0729299 0.92707 1
0.948283 0.0517175 1
0.938622 0.0613775 1
0.0274069 0.972593 1
0.0382198 0.96178 1
0.00890586 0.991094 1
0.0302988 0.969701 1
0.784011 0.215989 1
0.0400753 0.959925 1
0.150134 0.849866 1
0.0233849 0.976615 1
0.0935761 0.906424 1
0.965647 0.0343532 1
0.0133163 0.986684 1
0.198847 0.801153 1
0.0443484 0.955652 1
0.780094 0.219906 1
0.0154369 0.984563 1
0.0186365 0.981364 1
0.291208 0.708792 1
0.0407458 0.959254 1
0.0619498 0.93805 1
0.339245 0.660755 1
0.0248316 0.975168 1
0.214717 0.785283 1
0.0212903 0.97871 1
0.176683 0.823317 1
0.675501 0.324499 1
0.0655603 0.93444 1
0.362703 0.637298 1
0.748315 0.251685 1
0.3853 0.6147 1
0.0191967 0.980803 1
0.0248346 0.975165 1
0.0937859 0.906214 1
0.0287721 0.971228 1
0.0509435 0.949057 1
0.0165335 0.983466 1
0.0458079 0.954192 1
0.277981 0.722019 1
0.0106306 0.989369 1
0.00759338 0.992407 1
0.278584 0.721416 1
0.296499 0.703501 1
0.0236192 0.976381 1
0.0139565 0.986043 1
0.00879226 0.991208 1
0.829185 0.170815 1
0.124445 0.875555 1
0.0455962 0.954404 1
0.00981401 0.990186 1
0.783872 0.216128 1
0.0981242 0.901876 1
0.0300549 0.969945 1
0.00662251 0.993378 1
0.0509243 0.949076 1
0.0143317 0.985668 1
0.0121359 0.987864 1
0.414932 0.585068 1
0.00815921 0.991841 1
0.160088 0.839912 1
0.0131507 0.986849 1
0.458898 0.541102 1
0.0494042 0.950596 1
0.670924 0.329076 1
0.0360106 0.963989 1
0.0512075 0.948792 1
0.258503 0.741497 1
0.034395 0.965605 1
0.0805367 0.919463 1
0.0186461 0.981354 1
0.0655671 0.934433 1
0.304041 0.695959 1
0.190093 0.809907 1
0.0259158 0.974084 1
0.238426 0.761574 1
0.853894 0.146106 1
0.0879703 0.91203 1
0.0259619 0.974038 1
0.187627 0.812373 1
0.298738 0.701262 1
0.259107 0.740893 1
0.00703344 0.992967 1
0.0152162 0.984784 1
0.0114815 0.988519 1
0.0075767 0.992423 1
0.0826242 0.917376 1
0.120551 0.879449 1
0.0214614 0.978539 1
0.580297 0.419703 1
0.182098 0.817902 1
0.0384134 0.961587 1
0.0693898 0.93061 1
0.0123901 0.98761 1
0.988515 0.0114848 1
0.00991943 0.990081 1
0.113604 0.886396 1
0.285472 0.714528 1
0.0371952 0.962805 1
0.0198022 0.980198 1
0.0140845 0.985916 1
0.0156683 0.984332 1
0.00760546 0.992395 1
0.779672 0.220328 1
0.187835 0.812165 1
0.065146 0.934854 1
0.744769 0.255231 1
0.807447 0.192553 1
0.930891 0.0691094 1
0.0110178 0.988982 1
0.0248011 0.975199 1
0.0190266 0.980973 1
0.0624034 0.937597 1
0.0192876 0.980712 1
0.0216112 0.978389 1
0.00769636 0.992304 1
0.010789 0.989211 1
0.120282 0.879718 1
0.0220361 0.977964 1
0.110658 0.889342 1
0.00846293 0.991537 1
0.0221059 0.977894 1
0.258431 0.741569 1
0.0203525 0.979648 1
0.0187233 0.981277 1
0.0376818 0.962318 1
0.0323859 0.967614 1
0.397556 0.602444 1
0.0198144 0.980186 1
0.0426119 0.957388 1
0.122477 0.877523 1
0.0167121 0.983288 1
0.355202 0.644798 1
0.010692 0.989308 1
0.153685 0.846315 1
0.0412688 0.958731 1
0.381382 0.618618 1
0.009137 0.990863 1
0.0384628 0.961537 1
0.0117952 0.988205 1
0.0379961 0.962004 1
0.195791 0.804209 1
0.0253638 0.974636 1
0.169161 0.830839 1
0.0959858 0.904014 1
0.0168828 0.983117 1
0.676181 0.323819 1
0.10182 0.89818 1
0.0289101 0.97109 1
0.684838 0.315162 1
0.2898 0.7102 1
0.687345 0.312655 1
0.0126494 0.987351 1
0.867125 0.132875 1
0.0566215 0.943379 1
0.496571 0.503429 1
0.0177024 0.982298 1
0.0563038 0.943696 1
0.0149195 0.985081 1
0.635655 0.364345 1
0.099876 0.900124 1
0.299338 0.700662 1
0.0207787 0.979221 1
0.00877549 0.991224 1
0.0276035 0.972396 1
0.0113755 0.988624 1
0.0325927 0.967407 1
0.010566 0.989434 1
0.788749 0.211251 1
0.150091 0.849909 1
0.106274 0.893726 1
0.0754308 0.924569 1
0.0990209 0.900979 1
0.0111194 0.988881 1
0.0576539 0.942346 1
0.335935 0.664065 1
0.0336978 0.966302 1
0.276485 0.723515 1
0.326242 0.673758 1
0.43733 0.56267 1
0.0194404 0.98056 1
0.0117724 0.988228 1
0.228299 0.771701 1
0.0528013 0.947199 1
0.0130083 0.986992 1
0.137595 0.862405 1
0.0707566 0.929243 1
0.024528 0.975472 1
0.494603 0.505397 1
0.605439 0.394561 1
0.0528427 0.947157 1
0.0438341 0.956166 1
0.846358 0.153642 1
0.008058 0.991942 1
0.0122188 0.987781 1
0.544447 0.455553 1
0.0521682 0.947832 1
0.65924 0.34076 1
0.016951 0.983049 1
0.0138091 0.986191 1
0.171079 0.828921 1
0.0730451 0.926955 1
0.120682 0.879318 1
0.462024 0.537976 1
0.0679377 0.932062 1
0.481402 0.518598 1
0.884575 0.115425 1
0.0915955 0.908404 1
0.947817 0.0521831 1
0.0310301 0.96897 1
0.499422 0.500578 1
0.0364626 0.963537 1
0.797413 0.202587 1
0.53154 0.46846 1
0.0350568 0.964943 1
0.408541 0.591459 1
0.00859511 0.991405 1
0.0351367 0.964863 1
0.0103409 0.989659 1
0.0235092 0.976491 1
0.0289697 0.97103 1
0.0552157 0.944784 1
0.928876 0.071124 1
0.189063 0.810937 1
0.00709171 0.992908 1
0.0414511 0.958549 1
0.415783 0.584217 1
0.00986552 0.990134 1
0.0103742 0.989626 1
0.104464 0.895536 1
0.318259 0.681741 1
0.00814845 0.991852 1
0.114312 0.885688 1
0.419048 0.580952 1
0.0873599 0.91264 1
0.169606 0.830394 1
0.0772737 0.922726 1
0.00768561 0.992314 1
0.011806 0.988194 1
0.0134005 0.9866 1
0.340176 0.659823 1
0.0131996 0.9868 1
0.0607112 0.939289 1
0.301209 0.698791 1
0.0341343 0.965866 1
0.103951 0.896049 1
0.412171 0.587829 1
0.687427 0.312573 1
0.462037 0.537963 1
0.458644 0.541356 1
0.620132 0.379868 1
0.0261346 0.973865 1
0.0117441 0.988256 1
0.117609 0.882391 1
0.0141894 0.985811 1
0.0467233 0.953277 1
0.175582 0.824418 1
0.0594712 0.940529 1
0.0188326 0.981167 1
0.0353611 0.964639 1
0.0102016 0.989798 1
0.586808 0.413192 1
0.0363572 0.963643 1
0.0262992 0.973701 1
0.0922674 0.907733 1
0.595562 0.404438 1
0.00783225 0.992168 1
0.118252 0.881747 1
0.00764768 0.992352 1
0.0236719 0.976328 1
0.613821 0.386179 1
0.100214 0.899787 1
0.0593562 0.940644 1
0.0168628 0.983137 1
0.0148392 0.985161 1
0.902474 0.0975256 1
0.0215522 0.978448 1
0.0217234 0.978277 1
0.842578 0.157422 1
0.20246 0.79754 1
0.615168 0.384832 1
0.0197422 0.980258 1
0.147015 0.852985 1
0.0253509 0.974649 1
0.0111563 0.988844 1
0.0171079 0.982892 1
0.869597 0.130403 1
0.00980625 0.990194 1
0.0130481 0.986952 1
0.255899 0.744101 1
0.031457 0.968543 1
0.0825291 0.917471 1
0.837805 0.162195 1
0.135065 0.864936 1
0.0165201 0.98348 1
0.013358 0.986642 1
0.022322 0.977678 1
0.0116571 0.988343 1
0.298368 0.701632 1
0.607081 0.392919 1
0.0168534 0.983147 1
0.295687 0.704313 1
0.0288378 0.971162 1
0.172284 0.827716 1
0.00674136 0.993259 1
0.212046 0.787954 1
0.0191971 0.980803 1
0.203715 0.796285 1
0.0583434 0.941657 1
0.193129 0.806871 1
0.480845 0.519155 1
0.0236501 0.97635 1
0.00834667 0.991653 1
0.0383518 0.961648 1
0.0693717 0.930628 1
0.0186419 0.981358 1
0.18464 0.81536 1
0.0269161 0.973084 1
0.690121 0.309879 1
0.0121205 0.98788 1
0.0587265 0.941274 1
0.0132386 0.986761 1
0.0131574 0.986843 1
0.291932 0.708068 1
0.0200376 0.979962 1
0.00798318 0.992017 1
0.021543 0.978457 1
0.225575 0.774425 1
0.397092 0.602908 1
0.0179258 0.982074 1
0.0404669 0.959533 1
0.898353 0.101647 1
0.9415 0.0585002 1
0.144871 0.855129 1
0.163494 0.836506 1
0.00709673 0.992903 1
0.150117 0.849883 1
0.00936647 0.990633 1
0.0350234 0.964977 1
0.0330902 0.96691 1
0.202215 0.797785 1
0.180361 0.819639 1
0.161425 0.838575 1
0.0292842 0.970716 1
0.00898492 0.991015 1
0.161844 0.838156 1
0.176432 0.823568 1
0.0432269 0.956773 1
0.762924 0.237076 1
0.0500713 0.949929 1
0.0204437 0.979556 1
0.00733378 0.992666 1
0.0124615 0.987538 1
0.0104084 0.989592 1
0.310791 0.689209 1
0.0774176 0.922582 1
0.0469189 0.953081 1
0.409935 0.590065 1
0.150738 0.849262 1
0.0271142 0.972886 1
0.0455548 0.954445 1
0.180533 0.819467 1
0.326438 0.673562 1
0.0240867 0.975913 1
0.142257 0.857743 1
0.691759 0.308241 1
0.0081759 0.991824 1
0.0537971 0.946203 1
0.184757 0.815243 1
0.0157969 0.984203 1
0.424311 0.575689 1
0.462181 0.537819 1
0.0106804 0.98932 1
0.125643 0.874357 1
0.018408 0.981592 1
0.0222023 0.977798 1
0.528253 0.471747 1
0.577699 0.422301 1
0.0267443 0.973256 1
0.0227204 0.97728 1
0.0443013 0.955699 1
0.118268 0.881732 1
0.0265605 0.97344 1
0.0109249 0.989075 1
0.0221194 0.977881 1
0.00726649 0.992733 1
0.172319 0.827681 1
0.0322313 0.967769 1
0.0154681 0.984532 1
0.0100899 0.98991 1
0.059279 0.940721 1
0.205962 0.794038 1
0.846994 0.153006 1
0.00626157 0.993738 1
0.041679 0.958321 1
0.117019 0.882981 1
0.403543 0.596457 1
0.0232366 0.976763 1
0.0223961 0.977604 1
0.155736 0.844264 1
0.0113589 0.988641 1
0.050193 0.949807 1
0.0116188 0.988381 1
0.735292 0.264708 1
0.0494605 0.950539 1
0.907411 0.0925889 1
0.240063 0.759937 1
0.130259 0.869741 1
0.0333318 0.966668 1
0.0647331 0.935267 1
0.00923458 0.990765 1
0.0320998 0.9679 1
0.104637 0.895363 1
0.0134613 0.986539 1
0.0207391 0.979261 1
0.013856 0.986144 1
0.0244221 0.975578 1
0.160379 0.839621 1
0.0250614 0.974939 1
0.013668 0.986332 1
0.0337669 0.966233 1
0.851364 0.148636 1
0.0926569 0.907343 1
0.0241357 0.975864 1
0.00900706 0.990993 1
0.00902687 0.990973 1
0.0878895 0.91211 1
0.157012 0.842988 1
0.286572 0.713428 1
0.278058 0.721942 1
0.0386519 0.961348 1
0.299815 0.700185 1
0.00787725 0.992123 1
0.0149532 0.985047 1
0.0707257 0.929274 1
0.0209678 0.979032 1
0.281577 0.718423 1
0.937635 0.0623656 1
0.651106 0.348894 1
0.098662 0.901338 1
0.00973122 0.990269 1
0.0272577 0.972742 1
0.276424 0.723575 1
0.0134105 0.98659 1
0.335914 0.664086 1
0.0263108 0.973689 1
0.0158221 0.984178 1
0.0278798 0.97212 1
0.0221513 0.977849 1
0.0103469 0.989653 1
0.0074736 0.992526 1
0.013912 0.986088 1
0.925769 0.0742311 1
0.0143409 0.985659 1
0.0202426 0.979757 1
0.646452 0.353548 1
0.23188 0.76812 1
0.124939 0.875061 1
0.0401142 0.959886 1
0.150248 0.849752 1
0.0186832 0.981317 1
0.0603446 0.939655 1
0.357803 0.642197 1
0.02702 0.97298 1
0.0260517 0.973948 1
0.012395 0.987605 1
0.72346 0.27654 1
0.0379942 0.962006 1
0.196278 0.803722 1
0.0236607 0.976339 1
0.0599431 0.940057 1
0.00741944 0.992581 1
0.0135972 0.986403 1
0.371272 0.628728 1
0.162432 0.837568 1
0.12701 0.87299 1
0.00772358 0.992276 1
0.16184 0.83816 1
0.428968 0.571032 1
0.0190089 0.980991 1
0.0206978 0.979302 1
0.0612355 0.938765 1
0.01751 0.98249 1
0.00849414 0.991506 1
0.906787 0.0932132 1
0.0472589 0.952741 1
0.0168627 0.983137 1
0.0389879 0.961012 1
0.0150625 0.984937 1
0.0172585 0.982742 1
0.347451 0.652549 1
0.0162115 0.983788 1
0.0209368 0.979063 1
0.0620528 0.937947 1
0.0147813 0.985219 1
0.00865897 0.991341 1
0.0201584 0.979842 1
0.016809 0.983191 1
0.881616 0.118384 1
0.0242945 0.975705 1
0.0408855 0.959114 1
0.00885085 0.991149 1
0.0396176 0.960382 1
0.298838 0.701162 1
0.0940096 0.90599 1
0.0689591 0.931041 1
0.0120585 0.987941 1
0.0193169 0.980683 1
0.0331701 0.96683 1
0.0345157 0.965484 1
0.0130553 0.986945 1
0.0328732 0.967127 1
0.253329 0.746671 1
0.754101 0.245899 1
0.0140255 0.985974 1
0.018414 0.981586 1
0.638216 0.361784 1
0.338134 0.661866 1
0.553393 0.446607 1
0.0122645 0.987735 1
0.0193526 0.980647 1
0.0385498 0.96145 1
0.0140149 0.985985 1
0.83101 0.16899 1
0.0146952 0.985305 1
0.0623198 0.93768 1
0.0433605 0.956639 1
0.0198136 0.980186 1
0.0174783 0.982522 1
0.0220554 0.977945 1
0.0086318 0.991368 1
0.0220846 0.977915 1
0.0104797 0.98952 1
0.796559 0.203441 1
0.0247387 0.975261 1
0.01355 0.98645 1
0.18971 0.81029 1
0.0859443 0.914056 1
0.0524294 0.947571 1
0.0289148 0.971085 1
0.0221755 0.977825 1
0.0230986 0.976901 1
0.199659 0.800341 1
0.17285 0.82715 1
0.318763 0.681237 1
0.13211 0.86789 1
0.0189026 0.981097 1
0.0651519 0.934848 1
0.00862867 0.991371 1
0.0488321 0.951168 1
0.0236569 0.976343 1
0.702406 0.297594 1
0.134121 0.865879 1
0.109703 0.890297 1
0.0185736 0.981426 1
0.0220523 0.977948 1
0.871199 0.128801 1
0.772844 0.227156 1
0.00819864 0.991801 1
0.23461 0.76539 1
0.0213441 0.978656 1
0.0202058 0.979794 1
0.011486 0.988514 1
0.0105679 0.989432 1
0.185915 0.814085 1
0.265501 0.734499 1
0.00972978 0.99027 1
0.0193092 0.980691 1
0.525355 0.474645 1
0.0431423 0.956858 1
0.0252789 0.974721 1
0.0265764 0.973424 1
0.0235576 0.976442 1
0.0163768 0.983623 1
0.00942528 0.990575 1
0.951356 0.0486442 1
0.0073123 0.992688 1
0.0102265 0.989774 1
0.821832 0.178168 1
0.0577173 0.942283 1
0.0189677 0.981032 1
0.0541977 0.945802 1
0.0136547 0.986345 1
0.0168353 0.983165 1
0.0464736 0.953526 1
0.0553342 0.944666 1
0.22048 0.77952 1
0.158079 0.841921 1
0.300059 0.699941 1
0.447357 0.552643 1
0.00931415 0.990686 1
0.0565428 0.943457 1
0.815317 0.184683 1
0.217468 0.782532 1
0.0190415 0.980959 1
0.783028 0.216972 1
0.0866475 0.913352 1
0.174112 0.825888 1
0.212568 0.787432 1
0.153663 0.846337 1
0.0186478 0.981352 1
0.0549845 0.945015 1
0.0334935 0.966506 1
0.0152495 0.984751 1
0.777971 0.222029 1
0.0460528 0.953947 1
0.00774889 0.992251 1
0.0312505 0.968749 1
0.257899 0.742101 1
0.0130001 0.987 1
0.765887 0.234113 1
0.0267965 0.973203 1
0.0118367 0.988163 1
0.0124025 0.987598 1
0.00867199 0.991328 1
0.074508 0.925492 1
0.166914 0.833086 1
0.0511317 0.948868 1
0.0302453 0.969755 1
0.0294742 0.970526 1
0.121948 0.878052 1
0.0152222 0.984778 1
0.0150809 0.984919 1
0.339485 0.660515 1
0.0199278 0.980072 1
0.0103959 0.989604 1
0.614612 0.385388 1
0.0532739 0.946726 1
0.0167125 0.983287 1
0.0250318 0.974968 1
0.400793 0.599207 1
0.135213 0.864787 1
0.595604 0.404396 1
0.120424 0.879576 1
0.0547877 0.945212 1
0.719537 0.280463 1
0.198647 0.801353 1
0.626156 0.373844 1
0.807864 0.192136 1
0.00680331 0.993197 1
0.057688 0.942312 1
0.32938 0.67062 1
0.00835663 0.991643 1
0.800856 0.199144 1
0.0402395 0.95976 1
0.0073619 0.992638 1
0.102864 0.897136 1
0.310587 0.689413 1
0.0181591 0.981841 1
0.00984496 0.990155 1
0.513242 0.486758 1
0.115439 0.884561 1
0.0838059 0.916194 1
0.104751 0.895249 1
0.00708228 0.992918 1
0.011226 0.988774 1
0.0544525 0.945547 1
0.0523149 0.947685 1
0.0216899 0.97831 1
0.184452 0.815548 1
0.976299 0.0237006 1
0.385716 0.614284 1
0.239478 0.760522 1
0.359424 0.640576 1
0.0300219 0.969978 1
0.164941 0.835059 1
0.0177258 0.982274 1
0.079103 0.920897 1
0.0677287 0.932271 1
0.051685 0.948315 1
0.0423878 0.957612 1
0.0135639 0.986436 1
0.0101674 0.989833 1
0.149007 0.850993 1
0.0087693 0.991231 1
0.0248406 0.975159 1
0.0227243 0.977276 1
0.469181 0.530819 1
0.0106696 0.98933 1
0.0345839 0.965416 1
0.927001 0.0729991 1
0.980644 0.0193563 1
0.0154726 0.984527 1
0.0126945 0.987305 1
0.0984103 0.90159 1
0.533324 0.466676 1
0.00861632 0.991384 1
0.0154944 0.984506 1
0.673016 0.326984 1
0.355608 0.644392 1
0.0364619 0.963538 1
0.00871606 0.991284 1
0.0325188 0.967481 1
0.0133155 0.986685 1
0.0114791 0.988521 1
0.0107873 0.989213 1
0.0496632 0.950337 1
0.431699 0.568301 1
0.0183381 0.981662 1
0.0256003 0.9744 1
0.173298 0.826702 1
0.519978 0.480022 1
0.0323073 0.967693 1
0.0670324 0.932968 1
0.0328238 0.967176 1
0.0105765 0.989423 1
0.0171166 0.982883 1
0.00799554 0.992004 1
0.0215777 0.978422 1
0.0490221 0.950978 1
0.00977273 0.990227 1
0.0534525 0.946548 1
0.00954012 0.99046 1
0.011241 0.988759 1
0.0086649 0.991335 1
0.0172698 0.98273 1
0.0307406 0.969259 1
0.0538542 0.946146 1
0.00955827 0.990442 1
0.960087 0.0399132 1
0.0633908 0.936609 1
0.0191476 0.980852 1
0.0203316 0.979668 1
0.0172222 0.982778 1
0.0103566 0.989643 1
0.046459 0.953541 1
0.404082 0.595918 1
0.132514 0.867486 1
0.0576488 0.942351 1
0.00841876 0.991581 1
0.223954 0.776046 1
0.763997 0.236003 1
0.0405756 0.959424 1
0.0123979 0.987602 1
0.0124605 0.98754 1
0.0215122 0.978488 1
0.0656153 0.934385 1
0.199024 0.800976 1
0.0127839 0.987216 1
0.544666 0.455334 1
0.196586 0.803414 1
0.0697375 0.930262 1
0.578339 0.421661 1
0.0644224 0.935578 1
0.0902466 0.909753 1
0.00876711 0.991233 1
0.293788 0.706211 1
0.051441 0.948559 1
0.00978058 0.990219 1
0.00775138 0.992249 1
0.0563331 0.943667 1
0.350183 0.649817 1
0.0224207 0.977579 1
0.00729258 0.992707 1
0.0219522 0.978048 1
0.0315382 0.968462 1
0.245272 0.754728 1
0.570928 0.429072 1
0.030422 0.969578 1
0.229447 0.770553 1
0.109722 0.890278 1
0.0152978 0.984702 1
0.736898 0.263102 1
0.0822052 0.917795 1
0.319532 0.680468 1
0.0202605 0.979739 1
0.926847 0.0731527 1
0.0547509 0.945249 1
0.0794635 0.920537 1
0.011965 0.988035 1
0.00845919 0.991541 1
0.0266794 0.973321 1
0.014512 0.985488 1
0.010997 0.989003 1
0.00853047 0.99147 1
0.0359612 0.964039 1
0.00727909 0.992721 1
0.0194888 0.980511 1
0.230079 0.769921 1
0.0160259 0.983974 1
0.0273936 0.972606 1
0.0181691 0.981831 1
0.468486 0.531515 1
0.0448735 0.955127 1
0.0294043 0.970596 1
0.520933 0.479067 1
0.0268373 0.973163 1
0.0665096 0.93349 1
0.0393083 0.960692 1
0.50427 0.49573 1
0.0297913 0.970209 1
0.0110647 0.988935 1
0.910835 0.0891649 1
0.0639729 0.936027 1
0.0458275 0.954172 1
0.140551 0.859449 1
0.121743 0.878257 1
0.299382 0.700618 1
0.306405 0.693595 1
0.0266685 0.973332 1
0.0143503 0.98565 1
0.0134291 0.986571 1
0.0594047 0.940595 1
0.0179481 0.982052 1
0.220833 0.779167 1
0.78101 0.21899 1
0.0361334 0.963867 1
0.166494 0.833506 1
0.0575935 0.942406 1
0.0189215 0.981079 1
0.0452767 0.954723 1
0.102495 0.897505 1
0.791075 0.208925 1
0.231204 0.768796 1
0.121021 0.878979 1
0.0411577 0.958842 1
0.0255354 0.974465 1
0.119996 0.880004 1
0.0469606 0.953039 1
0.00891011 0.99109 1
0.0442626 0.955737 1
0.0270656 0.972934 1
0.0165278 0.983472 1
0.7533 0.2467 1
0.0109905 0.989009 1
0.0274418 0.972558 1
0.156921 0.843079 1
0.270626 0.729374 1
0.015381 0.984619 1
0.945635 0.0543654 1
0.0180995 0.981901 1
0.0456592 0.954341 1
0.691791 0.308209 1
0.00668817 0.993312 1
0.0868108 0.913189 1
