0.987806 0.0121944 0
0.982454 0.0175461 0
0.939727 0.0602732 0
0.963768 0.0362321 0
0.460236 0.539764 0
0.986623 0.0133768 0
0.957254 0.0427461 0
0.94955 0.0504499 0
0.960878 0.0391225 0
0.688815 0.311185 0
0.967512 0.0324881 0
0.88837 0.11163 0
0.93547 0.0645304 0
0.46108 0.53892 0
0.948638 0.0513619 0
0.762811 0.23719 0
0.16949 0.83051 0
0.785258 0.214742 0
0.292165 0.707835 0
0.970043 0.0299571 0
0.968643 0.0313571 0
0.959226 0.0407743 0
0.985337 0.0146632 0
0.804573 0.195427 0
0.931915 0.0680846 0
0.963497 0.036503 0
0.991663 0.00833691 0
0.969128 0.0308715 0
0.956578 0.0434219 0
0.950055 0.0499449 0
0.939984 0.0600163 0
0.593857 0.406143 0
0.966523 0.0334771 0
0.990557 0.00944259 0
0.623815 0.376185 0
0.979948 0.0200524 0
0.988292 0.0117078 0
0.762785 0.237215 0
0.9612 0.0388005 0
0.980637 0.0193634 0
0.925667 0.0743332 0
0.887382 0.112618 0
0.970692 0.0293083 0
0.708877 0.291123 0
0.982188 0.017812 0
0.974228 0.0257721 0
0.972433 0.0275671 0
0.922779 0.0772212 0
0.9896 0.0104003 0
0.938296 0.0617036 0
0.938203 0.0617967 0
0.964427 0.0355726 0
0.920574 0.0794259 0
0.987514 0.0124856 0
0.958408 0.0415922 0
0.986717 0.0132827 0
0.990531 0.00946913 0
0.939944 0.0600565 0
0.626089 0.373911 0
0.932693 0.0673068 0
0.0255469 0.974453 0
0.989202 0.0107981 0
0.539009 0.460991 0
0.973558 0.0264416 0
0.583935 0.416065 0
0.989078 0.010922 0
0.305027 0.694973 0
0.97921 0.02079 0
0.792266 0.207734 0
0.990372 0.00962788 0
0.980693 0.0193068 0
0.911948 0.0880517 0
0.968677 0.031323 0
0.961036 0.038964 0
0.216798 0.783202 0
0.974981 0.0250187 0
0.987627 0.0123727 0
0.958439 0.0415607 0
0.983922 0.0160775 0
0.864517 0.135483 0
0.968923 0.0310772 0
0.986845 0.013155 0
0.987592 0.0124077 0
0.72313 0.27687 0
0.723421 0.276579 0
0.973926 0.0260738 0
0.803831 0.196169 0
0.954983 0.0450173 0
0.830951 0.169049 0
0.912661 0.0873387 0
0.930443 0.0695567 0
0.965749 0.034251 0
0.9913 0.00869998 0
0.973502 0.026498 0
0.984775 0.0152246 0
0.98016 0.0198398 0
0.988538 0.0114623 0
0.918099 0.0819013 0
0.957901 0.0420995 0
0.988982 0.011018 0
0.886116 0.113884 0
0.980458 0.0195415 0
0.990632 0.0093682 0
0.983279 0.0167212 0
0.992654 0.00734643 0
0.601195 0.398805 0
0.973127 0.0268725 0
0.881357 0.118643 0
0.978708 0.0212925 0
0.979472 0.0205276 0
0.879822 0.120178 0
0.989538 0.0104622 0
0.182267 0.817733 0
0.981789 0.0182106 0
0.992589 0.00741089 0
0.972801 0.0271993 0
0.648903 0.351097 0
0.478422 0.521578 0
0.488976 0.511024 0
0.068551 0.931449 0
0.936308 0.0636922 0
0.89044 0.10956 0
0.969902 0.0300984 0
0.990148 0.00985236 0
0.988016 0.0119839 0
0.96203 0.0379703 0
0.895568 0.104432 0
0.977286 0.0227143 0
0.524721 0.475279 0
0.988376 0.0116236 0
0.011284 0.988716 0
0.858578 0.141422 0
0.965535 0.0344651 0
0.974018 0.0259819 0
0.992713 0.00728708 0
0.994242 0.00575831 0
0.789915 0.210085 0
0.991072 0.00892847 0
0.974467 0.0255336 0
0.920485 0.0795147 0
0.97522 0.02478 0
0.975576 0.0244244 0
0.970511 0.0294886 0
0.989403 0.010597 0
0.947037 0.0529633 0
0.983117 0.0168825 0
0.989356 0.0106438 0
0.959024 0.0409756 0
0.938593 0.0614071 0
0.626655 0.373346 0
0.970718 0.0292825 0
0.942347 0.057653 0
0.978904 0.0210965 0
0.714713 0.285287 0
0.530282 0.469718 0
0.719573 0.280427 0
0.962922 0.0370776 0
0.704276 0.295724 0
0.7662 0.2338 0
0.906875 0.0931246 0
0.968778 0.0312221 0
0.972727 0.0272729 0
0.990393 0.00960735 0
0.992281 0.00771864 0
0.933646 0.0663541 0
0.930876 0.0691237 0
0.804817 0.195183 0
0.988339 0.0116611 0
0.980353 0.0196471 0
0.989029 0.0109708 0
0.967964 0.032036 0
0.391036 0.608964 0
0.0644164 0.935584 0
0.985173 0.0148269 0
0.964483 0.0355174 0
0.936239 0.0637612 0
0.207578 0.792422 0
0.882914 0.117086 0
0.955869 0.0441314 0
0.906311 0.093689 0
0.970632 0.0293676 0
0.98305 0.0169498 0
0.96316 0.0368403 0
0.230525 0.769475 0
0.40499 0.59501 0
0.646209 0.353791 0
0.991098 0.00890172 0
0.0496716 0.950328 0
0.816116 0.183884 0
0.957814 0.0421862 0
0.987813 0.0121865 0
0.967334 0.0326658 0
0.940722 0.0592776 0
0.953007 0.0469931 0
0.985677 0.014323 0
0.990756 0.00924435 0
0.979937 0.0200633 0
0.703195 0.296805 0
0.98324 0.0167603 0
0.958555 0.0414454 0
0.965014 0.0349858 0
0.983394 0.0166062 0
0.803951 0.196049 0
0.984442 0.0155581 0
0.349614 0.650386 0
0.976418 0.0235824 0
0.989454 0.0105462 0
0.966772 0.0332276 0
0.984634 0.0153659 0
0.612669 0.387331 0
0.714396 0.285604 0
0.12947 0.870531 0
0.983446 0.0165544 0
0.931218 0.0687822 0
0.970621 0.0293792 0
0.953981 0.0460187 0
0.203431 0.796569 0
0.989067 0.0109332 0
0.900724 0.0992759 0
0.708638 0.291362 0
0.98876 0.0112402 0
0.98834 0.0116602 0
0.994477 0.00552306 0
0.896736 0.103264 0
0.983247 0.016753 0
0.929029 0.0709707 0
0.0750564 0.924944 0
0.985946 0.0140535 0
0.724664 0.275336 0
0.968324 0.0316755 0
0.479709 0.520291 0
0.920696 0.0793044 0
0.739799 0.260201 0
0.990186 0.009814 0
0.980488 0.0195118 0
0.986474 0.0135259 0
0.980683 0.019317 0
0.827792 0.172208 0
0.991552 0.00844766 0
0.985557 0.0144433 0
0.392328 0.607672 0
0.936412 0.063588 0
0.36877 0.63123 0
0.990712 0.00928792 0
0.952952 0.0470475 0
0.853408 0.146592 0
0.968069 0.0319313 0
0.988634 0.0113663 0
0.935875 0.0641253 0
0.542842 0.457158 0
0.515026 0.484974 0
0.983827 0.0161726 0
0.988109 0.0118911 0
0.894985 0.105015 0
0.499964 0.500036 0
0.66396 0.33604 0
0.987918 0.0120818 0
0.411431 0.588569 0
0.161495 0.838505 0
0.956018 0.0439823 0
0.93894 0.0610598 0
0.242288 0.757712 0
0.983601 0.0163988 0
0.800595 0.199405 0
0.982674 0.0173261 0
0.92154 0.0784595 0
0.95869 0.0413104 0
0.984702 0.0152981 0
0.886112 0.113888 0
0.987885 0.0121151 0
0.97153 0.0284698 0
0.231031 0.768969 0
0.984432 0.0155678 0
0.733558 0.266442 0
0.991953 0.00804729 0
0.980634 0.0193657 0
0.977667 0.0223329 0
0.986403 0.0135969 0
0.98419 0.0158102 0
0.296819 0.703181 0
0.952254 0.0477463 0
0.558241 0.441759 0
0.987988 0.0120121 0
0.977256 0.0227441 0
0.832272 0.167728 0
0.956405 0.0435955 0
0.990059 0.0099413 0
0.982817 0.0171828 0
0.976023 0.0239768 0
0.91317 0.0868304 0
0.310879 0.689121 0
0.988803 0.0111972 0
0.225708 0.774292 0
0.90158 0.0984203 0
0.961792 0.0382076 0
0.980754 0.0192464 0
0.989641 0.0103588 0
0.941089 0.0589112 0
0.984109 0.0158908 0
0.987408 0.0125916 0
0.910899 0.0891008 0
0.980888 0.0191121 0
0.981883 0.0181166 0
0.990368 0.00963149 0
0.929924 0.070076 0
0.981963 0.0180372 0
0.703615 0.296385 0
0.985955 0.0140445 0
0.990417 0.00958317 0
0.987652 0.0123481 0
0.983906 0.0160938 0
0.781907 0.218093 0
0.971182 0.0288176 0
0.981891 0.0181095 0
0.958193 0.0418071 0
0.981231 0.0187689 0
0.804765 0.195235 0
0.724532 0.275468 0
0.895824 0.104176 0
0.776092 0.223908 0
0.98619 0.0138102 0
0.884886 0.115114 0
0.969752 0.0302481 0
0.98429 0.0157098 0
0.13603 0.86397 0
0.952022 0.0479778 0
0.962921 0.0370792 0
0.985302 0.0146981 0
0.984557 0.0154431 0
0.451651 0.548349 0
0.979473 0.0205272 0
0.976789 0.0232105 0
0.975165 0.0248351 0
0.98693 0.0130703 0
0.971636 0.0283642 0
0.978197 0.021803 0
0.880181 0.119819 0
0.985972 0.0140277 0
0.852603 0.147397 0
0.692975 0.307025 0
0.97128 0.02872 0
0.83051 0.16949 0
0.989863 0.0101372 0
0.991782 0.00821753 0
0.957739 0.0422614 0
0.988574 0.0114257 0
0.987269 0.0127308 0
0.622858 0.377142 0
0.948331 0.051669 0
0.869445 0.130555 0
0.952211 0.0477889 0
0.323093 0.676907 0
0.976592 0.0234078 0
0.990116 0.00988399 0
0.988744 0.0112556 0
0.952803 0.0471969 0
0.986843 0.013157 0
0.981106 0.0188939 0
0.981119 0.018881 0
0.447986 0.552014 0
0.955365 0.0446349 0
0.985647 0.0143527 0
0.657757 0.342243 0
0.992586 0.00741417 0
0.969406 0.0305937 0
0.719112 0.280888 0
0.990592 0.0094077 0
0.981085 0.018915 0
0.864537 0.135463 0
0.975841 0.0241586 0
0.916705 0.0832945 0
0.981852 0.0181476 0
0.918719 0.0812808 0
0.137601 0.862399 0
0.971488 0.0285124 0
0.982582 0.0174182 0
0.986043 0.0139567 0
0.965629 0.0343714 0
0.72515 0.27485 0
0.935783 0.0642171 0
0.98342 0.0165802 0
0.97426 0.0257398 0
0.90783 0.0921699 0
0.973526 0.0264744 0
0.984507 0.0154927 0
0.967048 0.0329518 0
0.981295 0.0187048 0
0.990077 0.00992286 0
0.0122822 0.987718 0
0.986303 0.013697 0
0.27577 0.72423 0
0.93508 0.0649202 0
0.907102 0.0928982 0
0.990127 0.00987314 0
0.982103 0.0178971 0
0.980872 0.019128 0
0.988775 0.0112255 0
0.988233 0.0117674 0
0.950992 0.0490081 0
0.438739 0.561261 0
0.918275 0.0817245 0
0.921093 0.0789066 0
0.963645 0.0363547 0
0.968215 0.0317853 0
0.983827 0.0161733 0
0.837149 0.162851 0
0.982125 0.0178753 0
0.926648 0.0733522 0
0.811526 0.188474 0
0.980628 0.0193719 0
0.962405 0.0375951 0
0.862543 0.137457 0
0.984064 0.015936 0
0.372868 0.627132 0
0.6583 0.3417 0
0.0337523 0.966248 0
0.971701 0.0282988 0
0.870132 0.129868 0
0.98779 0.0122101 0
0.824117 0.175883 0
0.987672 0.0123277 0
0.890915 0.109085 0
0.308363 0.691637 0
0.875505 0.124495 0
0.796093 0.203908 0
0.906468 0.093532 0
0.843286 0.156714 0
0.934629 0.0653706 0
0.732518 0.267482 0
0.985573 0.0144266 0
0.907237 0.092763 0
0.956675 0.0433255 0
0.0137604 0.98624 0
0.968815 0.0311849 0
0.976074 0.0239265 0
0.982872 0.0171281 0
0.960598 0.0394025 0
0.947558 0.052442 0
0.966466 0.0335338 0
0.666878 0.333122 0
0.874583 0.125417 0
0.954173 0.0458269 0
0.853263 0.146737 0
0.986289 0.0137112 0
0.503961 0.496039 0
0.759248 0.240752 0
0.969544 0.0304562 0
0.935926 0.0640744 0
0.992316 0.00768362 0
0.969151 0.0308486 0
0.981389 0.0186109 0
0.991571 0.00842935 0
0.423939 0.576061 0
0.980669 0.0193306 0
0.990854 0.00914612 0
0.99037 0.00962951 0
0.977297 0.0227032 0
0.991365 0.0086347 0
0.967764 0.0322355 0
0.866429 0.133571 0
0.974329 0.0256709 0
0.969581 0.0304188 0
0.973179 0.0268213 0
0.0267008 0.973299 0
0.988095 0.0119048 0
0.961881 0.0381192 0
0.827438 0.172562 0
0.981978 0.018022 0
0.893174 0.106826 0
0.983789 0.0162112 0
0.9405 0.0595004 0
0.671821 0.328179 0
0.986444 0.0135563 0
0.908029 0.091971 0
0.976744 0.0232564 0
0.988318 0.0116821 0
0.714542 0.285458 0
0.930849 0.0691506 0
0.638816 0.361184 0
0.965163 0.0348367 0
0.963942 0.0360582 0
0.0681423 0.931858 0
0.988018 0.0119816 0
0.185427 0.814573 0
0.966721 0.0332789 0
0.283686 0.716314 0
0.978484 0.021516 0
0.683448 0.316552 0
0.827996 0.172004 0
0.981648 0.0183519 0
0.969443 0.0305569 0
0.942713 0.0572866 0
0.984236 0.0157636 0
0.983002 0.0169976 0
0.972637 0.0273629 0
0.47557 0.52443 0
0.987413 0.012587 0
0.986184 0.013816 0
0.980408 0.019592 0
0.558891 0.441109 0
0.953753 0.0462473 0
0.896965 0.103035 0
0.972727 0.0272729 0
0.99088 0.00911971 0
0.958347 0.0416533 0
0.96252 0.0374798 0
0.992562 0.00743802 0
0.991134 0.00886591 0
0.936929 0.0630705 0
0.98889 0.0111101 0
0.975937 0.0240627 0
0.824898 0.175102 0
0.991018 0.00898163 0
0.956557 0.0434433 0
0.903447 0.0965527 0
0.987103 0.0128973 0
0.83142 0.16858 0
0.509767 0.490233 0
0.988624 0.0113762 0
0.721384 0.278616 0
0.988198 0.011802 0
0.506697 0.493303 0
0.901225 0.0987754 0
0.981422 0.0185781 0
0.381606 0.618394 0
0.981405 0.0185947 0
0.981596 0.0184042 0
0.961794 0.0382055 0
0.97982 0.0201797 0
0.928021 0.0719789 0
0.980784 0.0192162 0
0.958985 0.041015 0
0.773046 0.226954 0
0.991195 0.00880541 0
0.983186 0.0168144 0
0.963061 0.0369391 0
0.975281 0.0247191 0
0.98248 0.0175197 0
0.991108 0.00889164 0
0.209046 0.790954 0
0.921553 0.0784471 0
0.224025 0.775975 0
0.872596 0.127404 0
0.951594 0.0484062 0
0.958766 0.0412344 0
0.975067 0.0249331 0
0.951398 0.0486023 0
0.921662 0.0783382 0
0.918506 0.0814942 0
0.318667 0.681333 0
0.987223 0.0127774 0
0.975707 0.0242926 0
0.0235303 0.97647 0
0.13283 0.86717 0
0.976632 0.0233682 0
0.976959 0.0230406 0
0.989677 0.0103226 0
0.922204 0.0777963 0
0.977281 0.0227189 0
0.951406 0.0485935 0
0.983308 0.0166921 0
0.839209 0.160791 0
0.91325 0.0867502 0
0.982787 0.017213 0
0.966625 0.0333747 0
0.973673 0.0263274 0
0.0373273 0.962673 0
0.988568 0.0114315 0
0.962107 0.0378928 0
0.971569 0.028431 0
0.985344 0.014656 0
0.982569 0.0174309 0
0.730592 0.269408 0
0.932567 0.0674332 0
0.922661 0.0773388 0
0.983297 0.0167028 0
0.979627 0.0203726 0
0.990283 0.0097165 0
0.861806 0.138194 0
0.989295 0.010705 0
0.700518 0.299482 0
0.989202 0.0107978 0
0.934065 0.0659349 0
0.980638 0.0193623 0
0.926023 0.0739771 0
0.915044 0.0849563 0
0.973502 0.0264981 0
0.922563 0.0774367 0
0.988165 0.0118352 0
0.158397 0.841603 0
0.675502 0.324498 0
0.962596 0.0374039 0
0.99436 0.00563973 0
0.990658 0.00934217 0
0.903698 0.0963022 0
0.964609 0.0353907 0
0.990112 0.00988761 0
0.84306 0.15694 0
0.830503 0.169497 0
0.983255 0.0167453 0
0.993102 0.0068977 0
0.979316 0.0206836 0
0.223096 0.776904 0
0.055781 0.944219 0
0.984569 0.0154305 0
0.545107 0.454893 0
0.99184 0.00815994 0
0.975138 0.0248621 0
0.980582 0.0194179 0
0.98918 0.0108204 0
0.960163 0.0398372 0
0.984497 0.0155027 0
0.855282 0.144718 0
0.366891 0.633109 0
0.812967 0.187033 0
0.444395 0.555605 0
0.887683 0.112317 0
0.985898 0.0141019 0
0.724256 0.275744 0
0.54469 0.45531 0
0.9786 0.0214 0
0.989507 0.0104927 0
0.625537 0.374463 0
0.930374 0.0696257 0
0.0487446 0.951255 0
0.970565 0.0294349 0
0.825592 0.174408 0
0.988041 0.0119592 0
0.0659049 0.934095 0
0.985173 0.014827 0
0.97095 0.0290496 0
0.710944 0.289056 0
0.987458 0.0125419 0
0.778024 0.221976 0
0.824805 0.175195 0
0.405851 0.594149 0
0.989375 0.0106248 0
0.86754 0.13246 0
0.592951 0.407049 0
0.985802 0.0141977 0
0.988309 0.0116908 0
0.868562 0.131438 0
0.922421 0.077579 0
0.912139 0.0878612 0
0.99152 0.00847965 0
0.965121 0.0348792 0
0.96107 0.0389304 0
0.670661 0.329339 0
0.992139 0.00786125 0
0.989443 0.0105567 0
0.978521 0.0214791 0
0.987191 0.0128086 0
0.976346 0.0236536 0
0.971902 0.0280975 0
0.978287 0.0217126 0
0.928777 0.0712228 0
0.382959 0.617041 0
0.98067 0.0193299 0
0.983319 0.016681 0
0.35219 0.64781 0
0.967716 0.0322841 0
0.986824 0.0131755 0
0.990402 0.00959809 0
0.990621 0.00937875 0
0.958608 0.0413915 0
0.430662 0.569338 0
0.0448893 0.955111 0
0.989103 0.0108971 0
0.977219 0.0227812 0
0.98411 0.0158896 0
0.959629 0.0403707 0
0.979909 0.0200906 0
0.874919 0.125081 0
0.470058 0.529941 0
0.984033 0.015967 0
0.950275 0.0497249 0
0.875995 0.124005 0
0.961618 0.0383817 0
0.957768 0.0422316 0
0.698436 0.301564 0
0.873702 0.126298 0
0.538697 0.461304 0
0.790864 0.209136 0
0.644114 0.355886 0
0.965586 0.0344144 0
0.941059 0.058941 0
0.983694 0.0163062 0
0.913266 0.0867338 0
0.982897 0.0171035 0
0.928821 0.0711786 0
0.93358 0.0664205 0
0.640325 0.359675 0
0.968177 0.0318232 0
0.981563 0.0184366 0
0.98293 0.0170699 0
0.903672 0.0963286 0
0.99053 0.00946957 0
0.929146 0.0708536 0
0.987974 0.0120256 0
0.911297 0.0887029 0
0.832 0.168 0
0.990401 0.0095986 0
0.834182 0.165818 0
0.986911 0.0130892 0
0.980573 0.019427 0
0.862785 0.137215 0
0.981765 0.0182346 0
0.983914 0.0160858 0
0.882465 0.117535 0
0.946473 0.0535274 0
0.939431 0.0605693 0
0.973898 0.0261015 0
0.867717 0.132283 0
0.965174 0.0348265 0
0.950731 0.0492689 0
0.696543 0.303457 0
0.606468 0.393532 0
0.945735 0.0542647 0
0.988525 0.0114753 0
0.946194 0.053806 0
0.721068 0.278932 0
0.985367 0.0146327 0
0.988025 0.0119748 0
0.545285 0.454715 0
0.0808473 0.919153 0
0.985049 0.0149508 0
0.992604 0.00739545 0
0.395563 0.604437 0
0.990738 0.00926159 0
0.939979 0.0600213 0
0.979631 0.0203687 0
0.873853 0.126147 0
0.956546 0.0434544 0
0.986583 0.0134174 0
0.99412 0.00588002 0
0.909297 0.0907028 0
0.736643 0.263357 0
0.820078 0.179922 0
0.987633 0.0123667 0
0.936177 0.0638227 0
0.968567 0.0314326 0
0.795104 0.204896 0
0.921041 0.0789587 0
0.839281 0.160719 0
0.943268 0.0567316 0
0.905393 0.0946074 0
0.220319 0.779681 0
0.981065 0.0189348 0
0.945805 0.0541953 0
0.781643 0.218357 0
0.912324 0.0876756 0
0.592461 0.407539 0
0.305 0.695 0
0.704638 0.295362 0
0.984694 0.0153058 0
0.958922 0.0410777 0
0.906336 0.0936636 0
0.98546 0.0145398 0
0.914479 0.085521 0
0.9867 0.0133004 0
0.92152 0.0784804 0
0.965003 0.0349966 0
0.981993 0.0180068 0
0.961681 0.0383187 0
0.441655 0.558345 0
0.933863 0.066137 0
0.986444 0.0135561 0
0.984227 0.0157732 0
0.968622 0.031378 0
0.946496 0.0535035 0
0.394369 0.605631 0
0.869408 0.130592 0
0.980373 0.0196268 0
0.985267 0.0147331 0
0.950566 0.0494345 0
0.981785 0.0182151 0
0.989041 0.0109587 0
0.978784 0.0212157 0
0.988872 0.0111277 0
0.0608002 0.9392 0
0.566604 0.433396 0
0.946603 0.0533965 0
0.984612 0.0153884 0
0.975147 0.0248525 0
0.981342 0.0186577 0
0.688874 0.311126 0
0.392312 0.607688 0
0.981251 0.0187488 0
0.489745 0.510255 0
0.988017 0.0119833 0
0.463968 0.536032 0
0.974481 0.0255195 0
0.827804 0.172196 0
0.983506 0.0164942 0
0.788325 0.211675 0
0.945722 0.0542782 0
0.987329 0.0126705 0
0.897901 0.102099 0
0.901655 0.0983451 0
0.989046 0.010954 0
0.531239 0.468761 0
0.851207 0.148793 0
0.953847 0.0461532 0
0.679222 0.320778 0
0.989935 0.0100645 0
0.963649 0.0363512 0
0.984628 0.0153725 0
0.97253 0.0274702 0
0.881321 0.118679 0
0.991373 0.00862706 0
0.987857 0.0121433 0
0.992278 0.00772158 0
0.959992 0.040008 0
0.937402 0.062598 0
0.794982 0.205018 0
0.398389 0.601611 0
0.983695 0.0163053 0
0.987391 0.0126095 0
0.982217 0.0177834 0
0.986744 0.0132558 0
0.981463 0.0185365 0
0.983169 0.016831 0
0.724737 0.275263 0
0.653366 0.346634 0
0.971749 0.0282505 0
0.945713 0.0542867 0
0.689546 0.310454 0
0.903455 0.0965447 0
0.883964 0.116036 0
0.932279 0.0677212 0
0.954726 0.045274 0
0.973571 0.0264286 0
0.958555 0.0414446 0
0.932828 0.0671718 0
0.942544 0.0574556 0
0.931413 0.0685869 0
0.985916 0.0140843 0
0.991595 0.00840482 0
0.979106 0.0208944 0
0.960389 0.0396113 0
0.983293 0.0167068 0
0.900653 0.0993469 0
0.95013 0.0498695 0
0.950376 0.0496236 0
0.980701 0.0192992 0
0.9671 0.0329002 0
0.946759 0.0532407 0
0.700602 0.299398 0
0.935801 0.0641987 0
0.854084 0.145916 0
0.971475 0.0285252 0
0.206882 0.793118 0
0.984034 0.0159656 0
0.894304 0.105696 0
0.963368 0.0366316 0
0.986338 0.0136624 0
0.990993 0.00900694 0
0.368729 0.631271 0
0.97358 0.02642 0
0.872197 0.127803 0
0.98438 0.0156202 0
0.851589 0.148411 0
0.988809 0.0111912 0
0.919576 0.0804236 0
0.572334 0.427666 0
0.984028 0.0159719 0
0.981981 0.0180189 0
0.911014 0.0889862 0
0.485973 0.514027 0
0.764658 0.235342 0
0.814531 0.185469 0
0.955689 0.044311 0
0.975731 0.024269 0
0.928314 0.0716861 0
0.680196 0.319804 0
0.662772 0.337228 0
0.942112 0.0578881 0
0.985391 0.0146088 0
0.877935 0.122066 0
0.975836 0.0241637 0
0.987114 0.0128855 0
0.936279 0.0637213 0
0.949143 0.0508572 0
0.835414 0.164586 0
0.568047 0.431953 0
0.99031 0.00969006 0
0.956516 0.0434843 0
0.986309 0.0136907 0
0.898286 0.101714 0
0.689277 0.310723 0
0.984821 0.0151787 0
0.993742 0.00625808 0
0.976669 0.0233307 0
0.75084 0.24916 0
0.94269 0.0573099 0
0.755112 0.244888 0
0.984722 0.015278 0
0.980601 0.0193986 0
0.982337 0.0176626 0
0.17511 0.82489 0
0.970895 0.0291046 0
0.706983 0.293017 0
0.801858 0.198142 0
0.983397 0.0166034 0
0.990057 0.009943 0
0.97842 0.0215801 0
0.972171 0.0278294 0
0.78257 0.21743 0
0.977218 0.022782 0
0.843461 0.156539 0
0.976868 0.0231319 0
0.988113 0.0118866 0
0.99242 0.0075802 0
0.803392 0.196608 0
0.989677 0.0103229 0
0.984345 0.0156553 0
0.964817 0.0351829 0
0.968411 0.0315887 0
0.990672 0.00932781 0
0.961008 0.0389925 0
0.989586 0.0104136 0
0.975852 0.0241484 0
0.760089 0.239911 0
0.935665 0.0643347 0
0.900916 0.0990845 0
0.917249 0.082751 0
0.964357 0.0356432 0
0.977492 0.0225084 0
0.991651 0.00834943 0
0.977503 0.0224973 0
0.941907 0.0580929 0
0.981795 0.0182047 0
0.878881 0.121119 0
0.985016 0.0149838 0
0.991754 0.00824577 0
0.989279 0.0107214 0
0.965109 0.0348912 0
0.990158 0.00984174 0
0.464287 0.535713 0
0.833103 0.166897 0
0.989028 0.0109721 0
0.964298 0.035702 0
0.986366 0.0136343 0
0.790615 0.209385 0
0.987585 0.0124152 0
0.868024 0.131976 0
0.984855 0.0151449 0
0.859273 0.140727 0
0.988636 0.0113638 0
0.990667 0.00933313 0
0.971826 0.0281741 0
0.901872 0.0981281 0
0.981997 0.0180033 0
0.986439 0.0135611 0
0.814105 0.185895 0
0.987853 0.0121468 0
0.989759 0.0102407 0
0.979648 0.0203516 0
0.987043 0.0129567 0
0.849524 0.150476 0
0.884095 0.115905 0
0.986187 0.0138135 0
0.933084 0.0669164 0
0.59693 0.40307 0
0.976459 0.0235408 0
0.871919 0.128081 0
0.902815 0.0971847 0
0.917952 0.0820485 0
0.973421 0.0265786 0
0.954509 0.0454913 0
0.0774605 0.92254 0
0.315786 0.684214 0
0.958967 0.041033 0
0.926788 0.0732122 0
0.818298 0.181702 0
0.966701 0.033299 0
0.87413 0.12587 0
0.990038 0.00996191 0
0.971071 0.0289288 0
0.978152 0.0218481 0
0.970599 0.0294009 0
0.024424 0.975576 0
0.691916 0.308084 0
0.29233 0.70767 0
0.633928 0.366073 0
0.986582 0.0134177 0
0.98653 0.0134701 0
0.989808 0.0101924 0
0.990171 0.00982851 0
0.787866 0.212135 0
0.976146 0.0238537 0
0.39589 0.60411 0
0.056403 0.943597 0
0.978668 0.0213317 0
0.909191 0.0908091 0
0.403333 0.596667 0
0.987215 0.0127852 0
0.487372 0.512628 0
0.984209 0.0157915 0
0.921618 0.0783817 0
0.0112876 0.988712 1
0.195103 0.804897 1
0.880484 0.119516 1
0.0626733 0.937327 1
0.174746 0.825254 1
0.223812 0.776188 1
0.0972126 0.902787 1
0.0173323 0.982668 1
0.569617 0.430383 1
0.137372 0.862628 1
0.0225039 0.977496 1
0.868149 0.131851 1
0.0165322 0.983468 1
0.288229 0.711771 1
0.0146993 0.985301 1
0.248959 0.751041 1
0.208416 0.791584 1
0.066783 0.933217 1
0.137275 0.862725 1
0.766276 0.233724 1
0.103975 0.896025 1
0.0183451 0.981655 1
0.0739026 0.926097 1
0.246751 0.753249 1
0.0196129 0.980387 1
0.116394 0.883606 1
0.0405561 0.959444 1
0.0200096 0.97999 1
0.0788615 0.921139 1
0.0474308 0.952569 1
0.0266537 0.973346 1
0.0949212 0.905079 1
0.204659 0.795341 1
0.00908781 0.990912 1
0.115352 0.884648 1
0.0348367 0.965163 1
0.0623373 0.937663 1
0.01884 0.98116 1
0.0114418 0.988558 1
0.0637741 0.936226 1
0.095713 0.904287 1
0.196272 0.803728 1
0.0227747 0.977225 1
0.781502 0.218498 1
0.0126293 0.987371 1
0.0644583 0.935542 1
0.0134775 0.986522 1
0.538175 0.461825 1
0.544401 0.455599 1
0.85681 0.14319 1
0.0128838 0.987116 1
0.0949453 0.905055 1
0.83832 0.16168 1
0.0123348 0.987665 1
0.683222 0.316778 1
0.625283 0.374717 1
0.0511805 0.94882 1
0.0309046 0.969095 1
0.11758 0.88242 1
0.187558 0.812442 1
0.177799 0.822201 1
0.16442 0.83558 1
0.013949 0.986051 1
0.0159378 0.984062 1
0.0364709 0.963529 1
0.736865 0.263135 1
0.0393914 0.960609 1
0.161201 0.838799 1
0.0947294 0.905271 1
0.0250841 0.974916 1
0.0789835 0.921016 1
0.0259611 0.974039 1
0.073763 0.926237 1
0.281375 0.718625 1
0.935738 0.064262 1
0.0709223 0.929078 1
0.0217397 0.97826 1
0.134001 0.865999 1
0.00718907 0.992811 1
0.0135402 0.98646 1
0.0248356 0.975164 1
0.20753 0.79247 1
0.748323 0.251677 1
0.00762713 0.992373 1
0.456946 0.543054 1
0.193172 0.806828 1
0.0684047 0.931595 1
0.0137155 0.986284 1
0.128402 0.871598 1
0.239572 0.760428 1
0.0350387 0.964961 1
0.00739547 0.992604 1
0.179303 0.820697 1
0.0779296 0.92207 1
0.0158628 0.984137 1
0.0299718 0.970028 1
0.00771437 0.992286 1
0.721962 0.278038 1
0.100463 0.899537 1
0.396716 0.603284 1
0.0283722 0.971628 1
0.0643376 0.935662 1
0.752499 0.247501 1
0.0239161 0.976084 1
0.0493261 0.950674 1
0.464816 0.535184 1
0.0274919 0.972508 1
0.0919976 0.908002 1
0.0456697 0.95433 1
0.10452 0.89548 1
0.025652 0.974348 1
0.0508112 0.949189 1
0.725094 0.274906 1
0.0273165 0.972683 1
0.214332 0.785668 1
0.0164337 0.983566 1
0.0138878 0.986112 1
0.0195708 0.980429 1
0.0160451 0.983955 1
0.0464138 0.953586 1
0.10562 0.89438 1
0.100537 0.899463 1
0.0405582 0.959442 1
0.490089 0.509911 1
0.0216951 0.978305 1
0.200082 0.799918 1
0.984485 0.0155152 1
0.0105204 0.98948 1
0.0113357 0.988664 1
0.113775 0.886225 1
0.0108948 0.989105 1
0.0364187 0.963581 1
0.0207914 0.979209 1
0.0378618 0.962138 1
0.0419125 0.958088 1
0.0341116 0.965888 1
0.0117929 0.988207 1
0.0104622 0.989538 1
0.00891641 0.991084 1
0.28385 0.71615 1
0.00675352 0.993246 1
0.0977489 0.902251 1
0.1128 0.8872 1
0.502504 0.497496 1
0.0471337 0.952866 1
0.0209773 0.979023 1
0.0322859 0.967714 1
0.0112179 0.988782 1
0.390572 0.609428 1
0.722374 0.277626 1
0.00904964 0.99095 1
0.0101889 0.989811 1
0.013275 0.986725 1
0.0158682 0.984132 1
0.669794 0.330206 1
0.297076 0.702923 1
0.120267 0.879732 1
0.0456767 0.954323 1
0.221661 0.778339 1
0.0304905 0.969509 1
0.0545276 0.945472 1
0.0462315 0.953769 1
0.0750644 0.924936 1
0.0211315 0.978868 1
0.0694073 0.930593 1
0.082847 0.917153 1
0.956196 0.0438039 1
0.947201 0.0527993 1
0.0336823 0.966318 1
0.0505632 0.949437 1
0.00998433 0.990016 1
0.0403042 0.959696 1
0.8334 0.1666 1
0.0492874 0.950713 1
0.208173 0.791827 1
0.0287833 0.971217 1
0.115281 0.884719 1
0.972537 0.0274627 1
0.0157283 0.984272 1
0.27187 0.72813 1
0.0505266 0.949473 1
0.811611 0.188389 1
0.0177845 0.982216 1
0.0227348 0.977265 1
0.348703 0.651297 1
0.0564265 0.943574 1
0.0667541 0.933246 1
0.427382 0.572618 1
0.0321876 0.967812 1
0.230514 0.769486 1
0.0256153 0.974385 1
0.225525 0.774475 1
0.724269 0.275731 1
0.0747958 0.925204 1
0.480906 0.519094 1
0.782959 0.217041 1
0.403262 0.596738 1
0.0246547 0.975345 1
0.0303928 0.969607 1
0.129491 0.870509 1
0.0398326 0.960167 1
0.0641763 0.935824 1
0.0201332 0.979867 1
0.0580201 0.94198 1
0.321537 0.678463 1
0.011766 0.988234 1
0.00831803 0.991682 1
0.324091 0.675909 1
0.33702 0.66298 1
0.0311571 0.968843 1
0.0169195 0.98308 1
0.00986829 0.990132 1
0.869405 0.130595 1
0.15677 0.84323 1
0.0501708 0.949829 1
0.0113929 0.988607 1
0.832177 0.167823 1
0.127604 0.872396 1
0.0379909 0.962009 1
0.00735083 0.992649 1
0.059976 0.940024 1
0.0179216 0.982078 1
0.013348 0.986652 1
0.523368 0.476632 1
0.0092733 0.990727 1
0.199264 0.800736 1
0.0166365 0.983364 1
0.543894 0.456106 1
0.0615816 0.938418 1
0.737829 0.262171 1
0.0443734 0.955627 1
0.06465 0.93535 1
0.300476 0.699524 1
0.0380844 0.961916 1
0.0954775 0.904523 1
0.023572 0.976428 1
0.0843576 0.915642 1
0.344441 0.655559 1
0.224408 0.775592 1
0.0286503 0.97135 1
0.300632 0.699368 1
0.887585 0.112415 1
0.115492 0.884507 1
0.032405 0.967595 1
0.20114 0.79886 1
0.343954 0.656046 1
0.333279 0.666721 1
0.00779837 0.992202 1
0.0182945 0.981705 1
0.0128296 0.98717 1
0.00854115 0.991459 1
0.115312 0.884688 1
0.147191 0.852809 1
0.0254505 0.974549 1
0.616897 0.383103 1
0.259876 0.740124 1
0.0441298 0.95587 1
0.0939669 0.906033 1
0.0142982 0.985702 1
0.988818 0.0111816 1
0.0115772 0.988423 1
0.131231 0.868769 1
0.320985 0.679015 1
0.0541293 0.945871 1
0.0255111 0.974489 1
0.0173325 0.982668 1
0.0180344 0.981966 1
0.00853844 0.991462 1
0.810139 0.189861 1
0.234217 0.765783 1
0.0890658 0.910934 1
0.794563 0.205437 1
0.834761 0.165239 1
0.945497 0.0545034 1
0.0132154 0.986785 1
0.0306117 0.969388 1
0.0233686 0.976631 1
0.07468 0.92532 1
0.0208539 0.979146 1
0.0270861 0.972914 1
0.00869264 0.991307 1
0.0121895 0.98781 1
0.136406 0.863594 1
0.0272346 0.972765 1
0.121759 0.878241 1
0.00939877 0.990601 1
0.0259378 0.974062 1
0.329092 0.670908 1
0.0241524 0.975848 1
0.0229406 0.977059 1
0.0515317 0.948468 1
0.0392083 0.960792 1
0.45524 0.54476 1
0.0239048 0.976095 1
0.0512952 0.948705 1
0.170362 0.829638 1
0.0191616 0.980838 1
0.39201 0.60799 1
0.0126581 0.987342 1
0.186438 0.813563 1
0.051547 0.948453 1
0.463777 0.536223 1
0.0105971 0.989403 1
0.0462097 0.95379 1
0.0141337 0.985866 1
0.0527793 0.947221 1
0.258056 0.741944 1
0.0306959 0.969304 1
0.182921 0.817079 1
0.109779 0.890221 1
0.0203556 0.979644 1
0.735647 0.264353 1
0.126047 0.873953 1
0.0324554 0.967545 1
0.73666 0.26334 1
0.358592 0.641408 1
0.734678 0.265322 1
0.0143607 0.985639 1
0.907175 0.0928246 1
0.0840678 0.915932 1
0.531411 0.468589 1
0.023111 0.976889 1
0.0831317 0.916868 1
0.0170564 0.982944 1
0.660798 0.339202 1
0.119682 0.880318 1
0.372752 0.627248 1
0.0261419 0.973858 1
0.00963653 0.990363 1
0.0344184 0.965582 1
0.0134697 0.98653 1
0.0406733 0.959327 1
0.0122703 0.98773 1
0.838804 0.161196 1
0.195311 0.80469 1
0.147717 0.852283 1
0.0845764 0.915424 1
0.131795 0.868205 1
0.0125339 0.987466 1
0.0709257 0.929074 1
0.407818 0.592182 1
0.0401217 0.959878 1
0.295817 0.704183 1
0.367421 0.632579 1
0.490736 0.509264 1
0.0222781 0.977722 1
0.0132603 0.98674 1
0.318737 0.681263 1
0.0621459 0.937854 1
0.0143794 0.985621 1
0.176554 0.823446 1
0.0925902 0.90741 1
0.0279794 0.972021 1
0.551643 0.448357 1
0.66603 0.33397 1
0.0733794 0.926621 1
0.0544257 0.945574 1
0.888106 0.111894 1
0.00902732 0.990973 1
0.0148428 0.985157 1
0.575949 0.424051 1
0.0695405 0.930459 1
0.695648 0.304352 1
0.0205118 0.979488 1
0.0172423 0.982758 1
0.181469 0.818531 1
0.0806131 0.919387 1
0.150403 0.849597 1
0.514894 0.485106 1
0.0936239 0.906376 1
0.575513 0.424487 1
0.896673 0.103327 1
0.122964 0.877036 1
0.958226 0.0417739 1
0.0364564 0.963544 1
0.535843 0.464157 1
0.040816 0.959184 1
0.821177 0.178823 1
0.594099 0.405901 1
0.0405979 0.959402 1
0.451013 0.548987 1
0.00953665 0.990463 1
0.0430328 0.956967 1
0.0114951 0.988505 1
0.0290728 0.970927 1
0.0373301 0.96267 1
0.0780075 0.921993 1
0.940487 0.0595128 1
0.234483 0.765517 1
0.00784138 0.992159 1
0.0510064 0.948994 1
0.465969 0.534031 1
0.0111281 0.988872 1
0.0119371 0.988063 1
0.129382 0.870618 1
0.374628 0.625372 1
0.00904101 0.990959 1
0.15431 0.845689 1
0.510856 0.489144 1
0.105075 0.894925 1
0.200013 0.799987 1
0.0982497 0.90175 1
0.00851577 0.991484 1
0.0133262 0.986674 1
0.0153964 0.984604 1
0.401054 0.598946 1
0.0154249 0.984575 1
0.0760939 0.923906 1
0.390962 0.609038 1
0.0374412 0.962559 1
0.153702 0.846298 1
0.514364 0.485636 1
0.760971 0.239029 1
0.536724 0.463276 1
0.504675 0.495325 1
0.676558 0.323442 1
0.0337578 0.966242 1
0.013496 0.986504 1
0.140367 0.859633 1
0.0174613 0.982539 1
0.0586633 0.941337 1
0.197247 0.802753 1
0.072724 0.927276 1
0.0219171 0.978083 1
0.047035 0.952965 1
0.0114682 0.988532 1
0.652969 0.347031 1
0.0468474 0.953153 1
0.031962 0.968038 1
0.111651 0.888349 1
0.650518 0.349482 1
0.00882755 0.991172 1
0.161864 0.838136 1
0.0086862 0.991314 1
0.028839 0.971161 1
0.685626 0.314374 1
0.141506 0.858494 1
0.0650802 0.93492 1
0.0193172 0.980683 1
0.0184872 0.981513 1
0.922834 0.0771656 1
0.0257999 0.9742 1
0.027615 0.972385 1
0.886517 0.113483 1
0.244839 0.755161 1
0.660751 0.339249 1
0.0262473 0.973753 1
0.193569 0.806431 1
0.0304303 0.96957 1
0.0126519 0.987348 1
0.0207185 0.979282 1
0.890909 0.109091 1
0.0110921 0.988908 1
0.0154098 0.98459 1
0.310555 0.689445 1
0.0364919 0.963508 1
0.110761 0.889239 1
0.875156 0.124844 1
0.161245 0.838755 1
0.0204548 0.979545 1
0.0148816 0.985119 1
0.0289984 0.971002 1
0.01362 0.98638 1
0.339833 0.660167 1
0.637068 0.362932 1
0.0215667 0.978433 1
0.382064 0.617936 1
0.0398917 0.960108 1
0.213548 0.786452 1
0.00750294 0.992497 1
0.240916 0.759084 1
0.0238262 0.976174 1
0.263656 0.736344 1
0.0820936 0.917906 1
0.216797 0.783203 1
0.523184 0.476816 1
0.0285101 0.97149 1
0.00956297 0.990437 1
0.0455029 0.954497 1
0.0837621 0.916238 1
0.0242577 0.975742 1
0.251019 0.748981 1
0.0345734 0.965427 1
0.721796 0.278204 1
0.0131437 0.986856 1
0.0700771 0.929923 1
0.0147079 0.985292 1
0.0157 0.9843 1
0.351417 0.648583 1
0.0235588 0.976441 1
0.00899857 0.991001 1
0.0265066 0.973493 1
0.287023 0.712977 1
0.441236 0.558764 1
0.0195917 0.980408 1
0.0453814 0.954619 1
0.921932 0.0780676 1
0.952581 0.0474193 1
0.166493 0.833507 1
0.215039 0.784961 1
0.00783467 0.992165 1
0.177487 0.822513 1
0.0107643 0.989236 1
0.0454215 0.954579 1
0.0395421 0.960458 1
0.230899 0.769101 1
0.268091 0.731909 1
0.229913 0.770088 1
0.0367671 0.963233 1
0.0100681 0.989932 1
0.196283 0.803717 1
0.244648 0.755352 1
0.0533728 0.946627 1
0.781837 0.218163 1
0.0607603 0.93924 1
0.0238875 0.976112 1
0.00824879 0.991751 1
0.0149887 0.985011 1
0.0118464 0.988154 1
0.388903 0.611097 1
0.100916 0.899084 1
0.0654407 0.934559 1
0.467613 0.532387 1
0.20099 0.79901 1
0.0327888 0.967211 1
0.0518497 0.94815 1
0.233402 0.766598 1
0.378661 0.621339 1
0.0305988 0.969401 1
0.208211 0.791789 1
0.760173 0.239827 1
0.00909586 0.990904 1
0.0700691 0.929931 1
0.243352 0.756648 1
0.0202073 0.979793 1
0.480534 0.519466 1
0.478016 0.521984 1
0.01263 0.98737 1
0.161331 0.838669 1
0.0225242 0.977476 1
0.0279316 0.972068 1
0.550892 0.449108 1
0.635329 0.364671 1
0.0337531 0.966247 1
0.026956 0.973044 1
0.0610304 0.93897 1
0.130499 0.869501 1
0.0332073 0.966793 1
0.0128442 0.987156 1
0.0244667 0.975533 1
0.00805707 0.991943 1
0.195131 0.804869 1
0.0428364 0.957164 1
0.0190128 0.980987 1
0.0117113 0.988289 1
0.0770548 0.922945 1
0.227923 0.772077 1
0.870943 0.129056 1
0.00679177 0.993208 1
0.0522977 0.947702 1
0.154189 0.845811 1
0.48934 0.510661 1
0.0289074 0.971093 1
0.0258605 0.974139 1
0.187024 0.812976 1
0.0132507 0.986749 1
0.0597725 0.940227 1
0.0137278 0.986272 1
0.809002 0.190998 1
0.0548607 0.945139 1
0.929515 0.0704847 1
0.27388 0.72612 1
0.171231 0.828769 1
0.0411382 0.958862 1
0.0927103 0.90729 1
0.010607 0.989393 1
0.0364363 0.963564 1
0.129463 0.870537 1
0.0168684 0.983132 1
0.0264046 0.973595 1
0.0168482 0.983152 1
0.0287712 0.971229 1
0.226584 0.773416 1
0.0330089 0.966991 1
0.016215 0.983785 1
0.0429453 0.957055 1
0.871964 0.128036 1
0.126149 0.873851 1
0.0279652 0.972035 1
0.0103264 0.989674 1
0.0100697 0.98993 1
0.110952 0.889048 1
0.20272 0.79728 1
0.344329 0.655671 1
0.320313 0.679687 1
0.0522692 0.947731 1
0.360385 0.639615 1
0.00895939 0.991041 1
0.0170457 0.982954 1
0.0968215 0.903179 1
0.0249172 0.975083 1
0.32016 0.67984 1
0.94756 0.0524402 1
0.688096 0.311904 1
0.114978 0.885022 1
0.0114025 0.988597 1
0.0337247 0.966275 1
0.317547 0.682453 1
0.0164822 0.983518 1
0.391362 0.608638 1
0.0321553 0.967845 1
0.0199514 0.980049 1
0.032477 0.967523 1
0.030588 0.969412 1
0.0114508 0.988549 1
0.00827893 0.991721 1
0.0158498 0.98415 1
0.939022 0.0609782 1
0.0176344 0.982366 1
0.0262138 0.973786 1
0.706734 0.293267 1
0.312011 0.687989 1
0.161161 0.838839 1
0.0532737 0.946726 1
0.208087 0.791913 1
0.0215714 0.978429 1
0.0734736 0.926526 1
0.376588 0.623412 1
0.0316852 0.968315 1
0.0343653 0.965635 1
0.0153937 0.984606 1
0.770643 0.229357 1
0.0477311 0.952269 1
0.244722 0.755278 1
0.0272485 0.972751 1
0.0841497 0.91585 1
0.00815442 0.991846 1
0.0151608 0.984839 1
0.448097 0.551903 1
0.203244 0.796756 1
0.156962 0.843038 1
0.00862802 0.991372 1
0.196039 0.803961 1
0.558192 0.441808 1
0.0242248 0.975775 1
0.0248119 0.975188 1
0.0666739 0.933326 1
0.0201195 0.979881 1
0.00942433 0.990576 1
0.919563 0.0804369 1
0.0589587 0.941041 1
0.0213459 0.978654 1
0.0455197 0.95448 1
0.0172227 0.982777 1
0.0215535 0.978446 1
0.35597 0.64403 1
0.0195006 0.980499 1
0.0239235 0.976076 1
0.0846395 0.915361 1
0.0176972 0.982303 1
0.00968164 0.990318 1
0.0245494 0.975451 1
0.0218073 0.978193 1
0.885183 0.114817 1
0.0299106 0.970089 1
0.0497674 0.950233 1
0.00959497 0.990405 1
0.0473282 0.952672 1
0.386379 0.613621 1
0.125541 0.874459 1
0.093176 0.906824 1
0.0140935 0.985907 1
0.0243994 0.975601 1
0.0418129 0.958187 1
0.0444469 0.955553 1
0.015588 0.984412 1
0.0399963 0.960004 1
0.318273 0.681727 1
0.798227 0.201773 1
0.0168129 0.983187 1
0.0212502 0.97875 1
0.69124 0.30876 1
0.425485 0.574515 1
0.647716 0.352284 1
0.0143141 0.985686 1
0.0245916 0.975408 1
0.0511746 0.948825 1
0.0152764 0.984724 1
0.877049 0.122951 1
0.0178024 0.982198 1
0.0784319 0.921568 1
0.0530233 0.946977 1
0.0253187 0.974681 1
0.0229079 0.977092 1
0.0276123 0.972388 1
0.00985459 0.990145 1
0.0251468 0.974853 1
0.0124579 0.987542 1
0.836483 0.163517 1
0.0333291 0.966671 1
0.0169401 0.98306 1
0.225267 0.774733 1
0.114791 0.885209 1
0.0662794 0.933721 1
0.0335967 0.966403 1
0.0252549 0.974745 1
0.0311224 0.968878 1
0.28531 0.71469 1
0.209668 0.790332 1
0.383079 0.616921 1
0.149661 0.850339 1
0.0244658 0.975534 1
0.0892748 0.910725 1
0.00965465 0.990345 1
0.0656764 0.934324 1
0.0292504 0.97075 1
0.760414 0.239586 1
0.179838 0.820162 1
0.148192 0.851808 1
0.0236099 0.97639 1
0.0264632 0.973537 1
0.896663 0.103337 1
0.80028 0.19972 1
0.00922509 0.990775 1
0.289091 0.710909 1
0.0283435 0.971656 1
0.022781 0.977219 1
0.013947 0.986053 1
0.0119116 0.988088 1
0.24303 0.75697 1
0.322231 0.677769 1
0.0109006 0.989099 1
0.0250127 0.974987 1
0.632987 0.367013 1
0.0586528 0.941347 1
0.0289313 0.971069 1
0.0357653 0.964235 1
0.0306938 0.969306 1
0.018986 0.981014 1
0.0109839 0.989016 1
0.957159 0.0428415 1
0.00809421 0.991906 1
0.0118559 0.988144 1
0.850057 0.149943 1
0.0842742 0.915726 1
0.0238446 0.976155 1
0.0646993 0.935301 1
0.0146418 0.985358 1
0.0209549 0.979045 1
0.0546184 0.945382 1
0.0718515 0.928149 1
0.282838 0.717162 1
0.196334 0.803666 1
0.327762 0.672238 1
0.537554 0.462446 1
0.010572 0.989428 1
0.0739372 0.926063 1
0.83181 0.16819 1
0.315112 0.684888 1
0.0216676 0.978332 1
0.833439 0.166561 1
0.124909 0.875091 1
0.211622 0.788378 1
0.270792 0.729208 1
0.199245 0.800755 1
0.0224439 0.977556 1
0.0759944 0.924006 1
0.0439052 0.956095 1
0.0190609 0.980939 1
0.801725 0.198275 1
0.0637002 0.9363 1
0.00848721 0.991513 1
0.040112 0.959888 1
0.311833 0.688167 1
0.0160177 0.983982 1
0.816567 0.183433 1
0.0345259 0.965474 1
0.0139771 0.986023 1
0.0150199 0.98498 1
0.00952152 0.990479 1
0.105525 0.894475 1
0.19646 0.80354 1
0.0551272 0.944873 1
0.0388796 0.96112 1
0.0385728 0.961427 1
0.176087 0.823913 1
0.0176746 0.982325 1
0.0186382 0.981362 1
0.424265 0.575735 1
0.0236621 0.976338 1
0.0116771 0.988323 1
0.674144 0.325856 1
0.0618276 0.938172 1
0.0208302 0.97917 1
0.0323437 0.967656 1
0.460059 0.539941 1
0.160152 0.839848 1
0.631708 0.368292 1
0.172672 0.827329 1
0.0695554 0.930445 1
0.784674 0.215326 1
0.241054 0.758946 1
0.68294 0.31706 1
0.843213 0.156787 1
0.00753023 0.99247 1
0.0675935 0.932407 1
0.354171 0.645829 1
0.00934259 0.990657 1
0.860606 0.139394 1
0.0481509 0.951849 1
0.00814194 0.991858 1
0.124613 0.875387 1
0.412458 0.587542 1
0.0233424 0.976658 1
0.0112686 0.988731 1
0.616425 0.383575 1
0.165467 0.834533 1
0.106074 0.893927 1
0.146404 0.853596 1
0.00767246 0.992328 1
0.0132666 0.986733 1
0.0684025 0.931598 1
0.0612858 0.938714 1
0.0274291 0.972571 1
0.23208 0.76792 1
0.977187 0.0228134 1
0.446871 0.553129 1
0.297839 0.702161 1
0.452946 0.547054 1
0.0396177 0.960382 1
0.18731 0.81269 1
0.0235927 0.976407 1
0.0984293 0.901571 1
0.0868781 0.913122 1
0.0637817 0.936218 1
0.04877 0.95123 1
0.0150588 0.984941 1
0.0115612 0.988439 1
0.211775 0.788225 1
0.010128 0.989872 1
0.0299775 0.970022 1
0.0264168 0.973583 1
0.540085 0.459915 1
0.0124242 0.987576 1
0.0447941 0.955206 1
0.938576 0.0614237 1
0.98281 0.0171895 1
0.0190311 0.980969 1
0.0157472 0.984253 1
0.120769 0.879231 1
0.57696 0.42304 1
0.00940944 0.990591 1
0.0179206 0.982079 1
0.714265 0.285735 1
0.469427 0.530573 1
0.0415614 0.958439 1
0.00991684 0.990083 1
0.0399887 0.960011 1
0.0160131 0.983987 1
0.0132183 0.986782 1
0.0119871 0.988013 1
0.0680323 0.931968 1
0.50952 0.49048 1
0.0210248 0.978975 1
0.0350504 0.96495 1
0.204019 0.795981 1
0.568225 0.431775 1
0.0404067 0.959593 1
0.0873507 0.912649 1
0.0466297 0.95337 1
0.0123195 0.98768 1
0.0215066 0.978494 1
0.00912997 0.99087 1
0.0272 0.9728 1
0.05453 0.94547 1
0.0113888 0.988611 1
0.0703418 0.929658 1
0.010683 0.989317 1
0.0128151 0.987185 1
0.00960342 0.990397 1
0.0212115 0.978788 1
0.0350047 0.964995 1
0.0729198 0.92708 1
0.0109962 0.989004 1
0.966977 0.0330225 1
0.0751561 0.924844 1
0.0212617 0.978738 1
0.0245754 0.975425 1
0.0200496 0.97995 1
0.0120772 0.987923 1
0.0660891 0.933911 1
0.453471 0.546529 1
0.165808 0.834192 1
0.0819279 0.918072 1
0.00947283 0.990527 1
0.274765 0.725235 1
0.829728 0.170272 1
0.0547991 0.945201 1
0.0138487 0.986151 1
0.0145484 0.985452 1
0.0232573 0.976743 1
0.0905386 0.909461 1
0.243576 0.756424 1
0.0152014 0.984799 1
0.592719 0.407281 1
0.255469 0.744531 1
0.0999496 0.90005 1
0.624899 0.375101 1
0.0759027 0.924097 1
0.112676 0.887325 1
0.00993255 0.990067 1
0.347343 0.652657 1
0.0649557 0.935044 1
0.0113266 0.988673 1
0.0085211 0.991479 1
0.0786055 0.921395 1
0.426068 0.573932 1
0.0296528 0.970347 1
0.00802272 0.991977 1
0.0270858 0.972914 1
0.0406548 0.959345 1
0.333232 0.666768 1
0.626854 0.373145 1
0.0395345 0.960466 1
0.280919 0.719081 1
0.132131 0.867869 1
0.0176835 0.982316 1
0.812935 0.187065 1
0.103545 0.896455 1
0.364762 0.635238 1
0.0251404 0.97486 1
0.940221 0.0597794 1
0.0793687 0.920631 1
0.0903563 0.909644 1
0.0140915 0.985909 1
0.0093322 0.990668 1
0.0355962 0.964404 1
0.0163792 0.983621 1
0.0126438 0.987356 1
0.00987852 0.990121 1
0.0422013 0.957799 1
0.00797814 0.992022 1
0.0232007 0.976799 1
0.270245 0.729755 1
0.0202566 0.979743 1
0.0313406 0.968659 1
0.0217292 0.978271 1
0.540088 0.459912 1
0.0540955 0.945904 1
0.0357078 0.964292 1
0.566875 0.433125 1
0.0337277 0.966272 1
0.0825859 0.917414 1
0.0484219 0.951578 1
0.586511 0.413489 1
0.0364602 0.96354 1
0.0133027 0.986697 1
0.919881 0.0801189 1
0.0752862 0.924714 1
0.0634204 0.93658 1
0.168685 0.831315 1
0.168174 0.831826 1
0.323016 0.676984 1
0.340541 0.659459 1
0.0371441 0.962856 1
0.0167754 0.983225 1
0.0152635 0.984737 1
0.0806852 0.919315 1
0.0217093 0.978291 1
0.257539 0.742461 1
0.81006 0.18994 1
0.0517775 0.948223 1
0.197137 0.802863 1
0.0749941 0.925006 1
0.023091 0.976909 1
0.0663748 0.933625 1
0.145862 0.854138 1
0.814876 0.185124 1
0.285941 0.714059 1
0.128435 0.871565 1
0.0451306 0.954869 1
0.0299841 0.970016 1
0.170992 0.829008 1
0.0565593 0.943441 1
0.00993955 0.99006 1
0.0545495 0.94545 1
0.0351053 0.964895 1
0.0196904 0.98031 1
0.798051 0.201948 1
0.0130336 0.986966 1
0.0373676 0.962632 1
0.200631 0.799369 1
0.353707 0.646293 1
0.01851 0.98149 1
0.95018 0.0498203 1
0.0235365 0.976463 1
0.0561805 0.943819 1
0.70882 0.29118 1
0.00730373 0.992696 1
0.0939685 0.906032 1
