0.983511 0.0164891 0
0.977611 0.022389 0
0.921484 0.0785165 0
0.943838 0.056162 0
0.263346 0.736654 0
0.982465 0.0175348 0
0.943551 0.0564491 0
0.933538 0.0664615 0
0.946117 0.0538832 0
0.582531 0.417469 0
0.95604 0.0439598 0
0.876889 0.123111 0
0.906296 0.0937035 0
0.344297 0.655703 0
0.909225 0.0907748 0
0.673443 0.326557 0
0.108066 0.891934 0
0.733672 0.266328 0
0.1979 0.8021 0
0.957943 0.0420566 0
0.949849 0.0501514 0
0.929085 0.0709151 0
0.981756 0.0182442 0
0.712419 0.287581 0
0.911331 0.088669 0
0.949075 0.0509246 0
0.989697 0.0103026 0
0.957011 0.0429888 0
0.931107 0.0688932 0
0.915754 0.0842456 0
0.916558 0.0834417 0
0.485845 0.514155 0
0.948348 0.0516519 0
0.987457 0.0125425 0
0.562476 0.437524 0
0.974494 0.0255064 0
0.984933 0.0150667 0
0.666297 0.333703 0
0.945827 0.0541726 0
0.974859 0.0251412 0
0.906117 0.0938833 0
0.812396 0.187604 0
0.961085 0.0389144 0
0.58944 0.41056 0
0.973808 0.0261924 0
0.967398 0.0326021 0
0.964262 0.0357384 0
0.869864 0.130136 0
0.986136 0.0138635 0
0.911603 0.0883974 0
0.911031 0.0889689 0
0.947603 0.0523971 0
0.886667 0.113333 0
0.984181 0.015819 0
0.947114 0.0528861 0
0.982402 0.0175981 0
0.987851 0.0121488 0
0.917511 0.082489 0
0.543564 0.456436 0
0.901341 0.0986595 0
0.0206617 0.979338 0
0.986404 0.0135959 0
0.336323 0.663677 0
0.945982 0.0540183 0
0.457048 0.542952 0
0.985816 0.0141836 0
0.22218 0.77782 0
0.975672 0.0243282 0
0.684901 0.315099 0
0.987598 0.0124015 0
0.971793 0.0282066 0
0.881124 0.118876 0
0.95233 0.0476699 0
0.94726 0.0527401 0
0.140246 0.859754 0
0.966877 0.0331234 0
0.983866 0.0161344 0
0.941616 0.0583837 0
0.976496 0.0235037 0
0.828576 0.171424 0
0.958202 0.0417978 0
0.982563 0.0174373 0
0.984261 0.0157391 0
0.653613 0.346387 0
0.670752 0.329248 0
0.960411 0.039589 0
0.723916 0.276084 0
0.934429 0.0655711 0
0.737963 0.262037 0
0.87237 0.12763 0
0.900377 0.0996233 0
0.960285 0.0397152 0
0.98896 0.01104 0
0.964446 0.0355544 0
0.980459 0.0195412 0
0.974788 0.025212 0
0.984869 0.015131 0
0.878526 0.121474 0
0.942401 0.057599 0
0.985766 0.0142342 0
0.791806 0.208194 0
0.973758 0.0262422 0
0.987669 0.0123308 0
0.976798 0.0232024 0
0.990771 0.00922917 0
0.510034 0.489966 0
0.965559 0.0344412 0
0.851191 0.148809 0
0.973056 0.0269436 0
0.974158 0.0258422 0
0.801014 0.198986 0
0.986509 0.0134912 0
0.146767 0.853233 0
0.974616 0.0253843 0
0.990504 0.00949627 0
0.964628 0.0353718 0
0.646692 0.353308 0
0.401042 0.598958 0
0.337132 0.662869 0
0.0418429 0.958157 0
0.917793 0.0822068 0
0.807727 0.192273 0
0.957953 0.0420469 0
0.987632 0.012368 0
0.983826 0.016174 0
0.950905 0.0490955 0
0.859599 0.140401 0
0.966833 0.0331669 0
0.344554 0.655446 0
0.984488 0.0155119 0
0.0112115 0.988789 0
0.790487 0.209513 0
0.946793 0.0532065 0
0.965905 0.0340953 0
0.990605 0.0093954 0
0.993009 0.00699108 0
0.66226 0.33774 0
0.988465 0.0115348 0
0.969344 0.0306559 0
0.893939 0.106061 0
0.963749 0.0362511 0
0.96706 0.0329402 0
0.963358 0.0366418 0
0.985749 0.0142513 0
0.937308 0.0626916 0
0.97609 0.0239097 0
0.986547 0.0134526 0
0.942248 0.0577516 0
0.916177 0.0838227 0
0.503139 0.496861 0
0.958121 0.0418785 0
0.914082 0.0859178 0
0.973156 0.0268438 0
0.617782 0.382219 0
0.494749 0.505251 0
0.601599 0.398401 0
0.950745 0.0492551 0
0.602154 0.397846 0
0.697605 0.302395 0
0.868927 0.131073 0
0.957569 0.0424308 0
0.962893 0.0371065 0
0.988321 0.0116791 0
0.989909 0.0100913 0
0.895611 0.104389 0
0.889109 0.110891 0
0.772555 0.227445 0
0.984528 0.0154721 0
0.975578 0.0244224 0
0.985419 0.0145808 0
0.957348 0.042652 0
0.251294 0.748706 0
0.0586574 0.941343 0
0.978779 0.0212212 0
0.949985 0.0500147 0
0.914423 0.0855774 0
0.136585 0.863415 0
0.820063 0.179938 0
0.922746 0.077254 0
0.877555 0.122445 0
0.962592 0.0374082 0
0.978164 0.0218362 0
0.948569 0.0514315 0
0.19225 0.80775 0
0.338657 0.661343 0
0.517389 0.482611 0
0.988775 0.0112245 0
0.0315779 0.968422 0
0.740383 0.259617 0
0.942518 0.0574815 0
0.98465 0.0153494 0
0.956706 0.0432939 0
0.907768 0.0922322 0
0.940329 0.0596705 0
0.980741 0.0192594 0
0.987946 0.0120545 0
0.972719 0.0272809 0
0.638891 0.361109 0
0.978769 0.0212313 0
0.944244 0.0557563 0
0.953158 0.0468421 0
0.977296 0.0227036 0
0.753105 0.246895 0
0.979858 0.0201422 0
0.209168 0.790832 0
0.969579 0.030421 0
0.986244 0.013756 0
0.953577 0.0464229 0
0.979347 0.0206533 0
0.522462 0.477538 0
0.642542 0.357458 0
0.0726017 0.927398 0
0.977843 0.0221575 0
0.916963 0.0830366 0
0.961446 0.0385541 0
0.924467 0.0755334 0
0.13396 0.86604 0
0.985607 0.0143926 0
0.863004 0.136996 0
0.656916 0.343084 0
0.985003 0.0149966 0
0.984262 0.0157384 0
0.993247 0.006753 0
0.831426 0.168574 0
0.978827 0.0211734 0
0.904922 0.0950777 0
0.0478589 0.952141 0
0.981315 0.0186853 0
0.642501 0.357499 0
0.952217 0.0477831 0
0.373485 0.626515 0
0.896996 0.103005 0
0.608074 0.391926 0
0.987735 0.012265 0
0.971774 0.028226 0
0.982755 0.017245 0
0.975469 0.0245308 0
0.681191 0.318809 0
0.989348 0.0106519 0
0.981097 0.0189033 0
0.273699 0.726301 0
0.915093 0.0849073 0
0.293751 0.706249 0
0.988682 0.0113176 0
0.928417 0.0715828 0
0.74849 0.25151 0
0.956489 0.0435113 0
0.984606 0.0153944 0
0.882812 0.117188 0
0.436996 0.563004 0
0.381591 0.618409 0
0.978842 0.0211578 0
0.984434 0.0155655 0
0.849606 0.150394 0
0.409763 0.590237 0
0.499269 0.500731 0
0.983603 0.0163975 0
0.279843 0.720157 0
0.134677 0.865323 0
0.946684 0.0533159 0
0.899973 0.100027 0
0.165009 0.834991 0
0.975872 0.0241282 0
0.774312 0.225688 0
0.97772 0.0222795 0
0.908793 0.091207 0
0.93995 0.0600505 0
0.980932 0.0190675 0
0.834372 0.165628 0
0.984427 0.0155727 0
0.960809 0.0391914 0
0.12819 0.87181 0
0.979447 0.0205525 0
0.645684 0.354316 0
0.989526 0.0104737 0
0.97414 0.0258604 0
0.970436 0.0295635 0
0.980735 0.0192654 0
0.978314 0.0216858 0
0.24958 0.75042 0
0.929667 0.0703326 0
0.394903 0.605097 0
0.984127 0.0158732 0
0.972593 0.0274073 0
0.767986 0.232014 0
0.929603 0.0703971 0
0.987276 0.012724 0
0.980112 0.0198885 0
0.967429 0.032571 0
0.875601 0.124399 0
0.23492 0.76508 0
0.985077 0.0149228 0
0.150838 0.849162 0
0.869784 0.130216 0
0.948114 0.0518859 0
0.974213 0.0257865 0
0.986589 0.013411 0
0.929039 0.0709613 0
0.979726 0.0202736 0
0.983897 0.0161031 0
0.857838 0.142162 0
0.974587 0.0254127 0
0.973836 0.0261644 0
0.9879 0.0121002 0
0.89068 0.10932 0
0.974606 0.025394 0
0.528914 0.471086 0
0.981046 0.0189541 0
0.987968 0.012032 0
0.984008 0.0159917 0
0.978458 0.0215415 0
0.696384 0.303616 0
0.953158 0.0468417 0
0.977114 0.0228862 0
0.928225 0.071775 0
0.974914 0.025086 0
0.706742 0.293258 0
0.624959 0.375041 0
0.835003 0.164996 0
0.623565 0.376435 0
0.981824 0.0181763 0
0.867694 0.132306 0
0.944178 0.0558221 0
0.979836 0.0201639 0
0.086113 0.913887 0
0.939053 0.0609467 0
0.946835 0.0531655 0
0.979509 0.0204914 0
0.980204 0.0197956 0
0.316069 0.683931 0
0.971859 0.0281412 0
0.965165 0.0348347 0
0.962913 0.0370865 0
0.983072 0.0169275 0
0.960644 0.039356 0
0.971445 0.0285555 0
0.807694 0.192306 0
0.98257 0.0174297 0
0.743582 0.256418 0
0.431933 0.568067 0
0.957399 0.0426009 0
0.758927 0.241073 0
0.987792 0.0122075 0
0.989889 0.0101105 0
0.941734 0.058266 0
0.985844 0.0141562 0
0.983434 0.0165661 0
0.557231 0.442769 0
0.935576 0.0644243 0
0.813411 0.186589 0
0.916543 0.0834571 0
0.236677 0.763323 0
0.969292 0.0307075 0
0.986903 0.0130966 0
0.984607 0.0153932 0
0.938211 0.0617892 0
0.984922 0.0150776 0
0.974639 0.0253609 0
0.964856 0.0351442 0
0.316393 0.683607 0
0.937089 0.0629108 0
0.980966 0.0190337 0
0.585537 0.414463 0
0.990672 0.00932824 0
0.957546 0.042454 0
0.623046 0.376954 0
0.98756 0.0124404 0
0.974115 0.0258848 0
0.794094 0.205906 0
0.968387 0.0316126 0
0.891829 0.108171 0
0.976414 0.0235858 0
0.892833 0.107166 0
0.113309 0.886691 0
0.961268 0.0387318 0
0.977772 0.0222276 0
0.982207 0.0177933 0
0.956826 0.0431738 0
0.596398 0.403602 0
0.871518 0.128482 0
0.978009 0.021991 0
0.967025 0.0329754 0
0.87071 0.129289 0
0.962459 0.0375414 0
0.981569 0.0184307 0
0.954976 0.0450236 0
0.975038 0.0249617 0
0.988525 0.0114746 0
0.0122569 0.987743 0
0.981668 0.0183322 0
0.149508 0.850492 0
0.896946 0.103053 0
0.850286 0.149714 0
0.98717 0.0128299 0
0.973577 0.0264227 0
0.974363 0.0256372 0
0.985528 0.0144718 0
0.985164 0.0148362 0
0.9458 0.0541997 0
0.293585 0.706415 0
0.888165 0.111835 0
0.886607 0.113393 0
0.955525 0.0444754 0
0.955486 0.0445136 0
0.978337 0.0216634 0
0.746489 0.253511 0
0.975972 0.0240284 0
0.861823 0.138177 0
0.704773 0.295227 0
0.973476 0.0265241 0
0.94729 0.0527097 0
0.812485 0.187515 0
0.978611 0.0213892 0
0.307796 0.692204 0
0.599493 0.400507 0
0.0281924 0.971808 0
0.964541 0.0354589 0
0.809006 0.190994 0
0.983386 0.016614 0
0.779061 0.220939 0
0.983647 0.016353 0
0.843401 0.156599 0
0.208595 0.791405 0
0.839922 0.160078 0
0.690001 0.309999 0
0.858557 0.141443 0
0.722297 0.277703 0
0.892793 0.107207 0
0.615384 0.384616 0
0.980164 0.0198364 0
0.859147 0.140853 0
0.934816 0.0651836 0
0.0126818 0.987318 0
0.956758 0.0432415 0
0.967221 0.0327785 0
0.976547 0.0234526 0
0.94102 0.0589802 0
0.92334 0.0766598 0
0.956856 0.0431435 0
0.579924 0.420076 0
0.842073 0.157927 0
0.942827 0.0571729 0
0.747913 0.252087 0
0.980821 0.0191791 0
0.410057 0.589943 0
0.638287 0.361713 0
0.956608 0.0433917 0
0.895056 0.104944 0
0.990224 0.00977629 0
0.957883 0.0421166 0
0.975613 0.0243875 0
0.989293 0.0107071 0
0.31047 0.68953 0
0.974117 0.0258833 0
0.989296 0.0107038 0
0.986928 0.0130716 0
0.966448 0.0335515 0
0.989191 0.0108091 0
0.952709 0.0472912 0
0.771701 0.228299 0
0.963603 0.0363974 0
0.955233 0.0447672 0
0.957416 0.0425845 0
0.0189729 0.981027 0
0.984724 0.0152756 0
0.938766 0.0612338 0
0.750792 0.249208 0
0.978379 0.0216211 0
0.7964 0.2036 0
0.977458 0.0225415 0
0.916567 0.0834328 0
0.562894 0.437106 0
0.981112 0.0188885 0
0.874137 0.125863 0
0.968251 0.0317492 0
0.984637 0.0153627 0
0.655911 0.344089 0
0.910368 0.0896324 0
0.539491 0.460509 0
0.954187 0.0458135 0
0.95184 0.0481605 0
0.0488582 0.951142 0
0.985352 0.0146484 0
0.100471 0.899529 0
0.953705 0.046295 0
0.171836 0.828164 0
0.971698 0.0283025 0
0.578459 0.421541 0
0.765858 0.234142 0
0.977032 0.0229681 0
0.957099 0.0429005 0
0.925126 0.0748741 0
0.97768 0.0223202 0
0.975745 0.0242554 0
0.956627 0.043373 0
0.335342 0.664658 0
0.983623 0.0163769 0
0.981174 0.0188259 0
0.968955 0.031045 0
0.485426 0.514574 0
0.934846 0.0651536 0
0.84935 0.15065 0
0.963678 0.0363219 0
0.98839 0.0116098 0
0.944281 0.0557187 0
0.946345 0.053655 0
0.990546 0.00945365 0
0.988878 0.0111216 0
0.911381 0.0886187 0
0.985329 0.0146714 0
0.965646 0.0343541 0
0.763177 0.236823 0
0.988112 0.0118884 0
0.933456 0.0665444 0
0.873724 0.126276 0
0.983422 0.0165779 0
0.720303 0.279697 0
0.398875 0.601125 0
0.985213 0.0147874 0
0.646988 0.353012 0
0.983551 0.0164486 0
0.318023 0.681977 0
0.840546 0.159454 0
0.974907 0.0250932 0
0.2418 0.7582 0
0.976338 0.0236624 0
0.974643 0.0253574 0
0.949534 0.0504664 0
0.971995 0.0280054 0
0.902196 0.0978042 0
0.977194 0.022806 0
0.943366 0.0566343 0
0.666579 0.333421 0
0.988719 0.0112806 0
0.978671 0.0213295 0
0.951155 0.0488455 0
0.964481 0.0355195 0
0.975443 0.0245568 0
0.98926 0.0107396 0
0.171248 0.828752 0
0.900414 0.0995863 0
0.155931 0.844069 0
0.817315 0.182685 0
0.933598 0.0664025 0
0.942714 0.0572855 0
0.964761 0.0352394 0
0.924393 0.0756066 0
0.892132 0.107868 0
0.873846 0.126154 0
0.240484 0.759516 0
0.983895 0.016105 0
0.968451 0.0315487 0
0.0195784 0.980422 0
0.0732009 0.926799 0
0.970624 0.029376 0
0.97138 0.02862 0
0.986581 0.0134186 0
0.887549 0.112452 0
0.970992 0.0290077 0
0.932962 0.0670377 0
0.977295 0.0227049 0
0.820351 0.179649 0
0.885207 0.114793 0
0.978883 0.0211172 0
0.94913 0.05087 0
0.965621 0.034379 0
0.0292826 0.970717 0
0.98484 0.0151598 0
0.940228 0.0597724 0
0.961438 0.0385622 0
0.976272 0.0237283 0
0.975262 0.0247379 0
0.55444 0.44556 0
0.909954 0.0900456 0
0.839445 0.160555 0
0.979432 0.0205678 0
0.974262 0.0257379 0
0.988155 0.0118448 0
0.794974 0.205026 0
0.98602 0.0139804 0
0.641609 0.358391 0
0.986562 0.0134384 0
0.91166 0.0883398 0
0.973655 0.0263446 0
0.910318 0.0896822 0
0.887202 0.112798 0
0.966594 0.033406 0
0.883632 0.116368 0
0.985636 0.0143637 0
0.134485 0.865515 0
0.536314 0.463686 0
0.945641 0.0543589 0
0.993051 0.00694866 0
0.988225 0.0117753 0
0.868079 0.131921 0
0.932709 0.0672909 0
0.986377 0.0136234 0
0.763229 0.236771 0
0.703202 0.296798 0
0.976177 0.0238228 0
0.991452 0.00854758 0
0.972882 0.0271176 0
0.164265 0.835735 0
0.0434554 0.956545 0
0.981633 0.0183666 0
0.320757 0.679243 0
0.989798 0.0102018 0
0.961843 0.0381569 0
0.977124 0.0228756 0
0.986101 0.0138992 0
0.946678 0.0533219 0
0.9823 0.0177003 0
0.794916 0.205084 0
0.268015 0.731985 0
0.771818 0.228182 0
0.360107 0.639893 0
0.796085 0.203915 0
0.98156 0.0184398 0
0.490673 0.509327 0
0.447598 0.552402 0
0.97025 0.0297497 0
0.987082 0.0129182 0
0.552425 0.447575 0
0.911832 0.0881677 0
0.0364692 0.963531 0
0.956282 0.043718 0
0.765988 0.234012 0
0.984563 0.0154366 0
0.0619072 0.938093 0
0.981518 0.0184818 0
0.957884 0.042116 0
0.624922 0.375078 0
0.983808 0.0161919 0
0.670927 0.329073 0
0.749894 0.250105 0
0.275516 0.724484 0
0.98532 0.01468 0
0.849132 0.150868 0
0.500818 0.499182 0
0.980222 0.0197784 0
0.983684 0.0163161 0
0.799204 0.200796 0
0.860442 0.139558 0
0.862935 0.137065 0
0.98893 0.0110696 0
0.959943 0.0400567 0
0.940818 0.0591817 0
0.562192 0.437808 0
0.990142 0.00985751 0
0.986552 0.0134478 0
0.970115 0.0298855 0
0.981692 0.0183081 0
0.96224 0.0377596 0
0.961242 0.0387578 0
0.971075 0.0289253 0
0.899067 0.100933 0
0.250199 0.749801 0
0.974285 0.0257154 0
0.976001 0.0239993 0
0.268766 0.731234 0
0.950088 0.0499119 0
0.982407 0.017593 0
0.987983 0.0120169 0
0.988241 0.0117591 0
0.940643 0.0593571 0
0.340726 0.659274 0
0.029237 0.970763 0
0.986663 0.0133369 0
0.967476 0.0325237 0
0.97929 0.0207096 0
0.944286 0.055714 0
0.973228 0.0267719 0
0.81803 0.18197 0
0.364572 0.635428 0
0.979689 0.0203109 0
0.932782 0.067218 0
0.836651 0.163349 0
0.949293 0.0507068 0
0.936663 0.0633365 0
0.620977 0.379023 0
0.79657 0.20343 0
0.484219 0.515781 0
0.762616 0.237384 0
0.531536 0.468464 0
0.948565 0.0514345 0
0.916911 0.0830892 0
0.978207 0.0217929 0
0.882821 0.117179 0
0.975662 0.0243381 0
0.876935 0.123065 0
0.903603 0.0963973 0
0.572938 0.427062 0
0.952885 0.0471151 0
0.9756 0.0244 0
0.978455 0.0215453 0
0.864497 0.135503 0
0.987939 0.012061 0
0.902054 0.0979459 0
0.983344 0.0166564 0
0.867812 0.132188 0
0.748026 0.251974 0
0.9871 0.0129001 0
0.76895 0.23105 0
0.982719 0.0172813 0
0.972996 0.027004 0
0.811798 0.188202 0
0.975948 0.0240521 0
0.978931 0.0210686 0
0.832163 0.167837 0
0.930246 0.0697545 0
0.921507 0.0784929 0
0.965033 0.0349669 0
0.817245 0.182755 0
0.953443 0.0465573 0
0.920006 0.0799942 0
0.561051 0.438949 0
0.488669 0.511331 0
0.923373 0.0766273 0
0.985651 0.0143493 0
0.924569 0.0754307 0
0.624819 0.375181 0
0.980243 0.0197569 0
0.984847 0.0151531 0
0.354606 0.645394 0
0.0583989 0.941601 0
0.977566 0.0224338 0
0.990997 0.00900271 0
0.287025 0.712975 0
0.987884 0.0121162 0
0.901517 0.0984832 0
0.975025 0.0249751 0
0.802092 0.197908 0
0.944566 0.0554341 0
0.981988 0.018012 0
0.992591 0.00740944 0
0.835493 0.164507 0
0.641317 0.358683 0
0.790906 0.209094 0
0.98369 0.0163101 0
0.920949 0.0790508 0
0.955056 0.0449443 0
0.74976 0.25024 0
0.894209 0.105791 0
0.767136 0.232864 0
0.900397 0.0996031 0
0.853289 0.146711 0
0.134732 0.865268 0
0.970414 0.0295862 0
0.928757 0.0712432 0
0.700489 0.299511 0
0.881045 0.118955 0
0.51782 0.482181 0
0.18619 0.81381 0
0.61023 0.389771 0
0.980273 0.0197274 0
0.94517 0.0548299 0
0.88256 0.11744 0
0.97989 0.0201103 0
0.895175 0.104825 0
0.982655 0.0173451 0
0.882439 0.117561 0
0.946659 0.0533407 0
0.975335 0.0246651 0
0.952332 0.0476684 0
0.332338 0.667663 0
0.923857 0.0761428 0
0.982148 0.0178524 0
0.978985 0.0210147 0
0.959332 0.0406676 0
0.936617 0.0633827 0
0.21551 0.78449 0
0.852138 0.147862 0
0.973642 0.026358 0
0.980263 0.0197369 0
0.92684 0.0731599 0
0.974709 0.0252912 0
0.985244 0.0147561 0
0.971325 0.0286753 0
0.986082 0.0139181 0
0.0426926 0.957307 0
0.507388 0.492612 0
0.927076 0.0729245 0
0.979634 0.0203657 0
0.968351 0.0316491 0
0.973825 0.026175 0
0.552409 0.447591 0
0.301532 0.698468 0
0.97607 0.0239298 0
0.397334 0.602666 0
0.984346 0.015654 0
0.324335 0.675665 0
0.966169 0.0338313 0
0.726879 0.27312 0
0.978618 0.0213821 0
0.707263 0.292737 0
0.920195 0.0798053 0
0.982711 0.0172888 0
0.857583 0.142417 0
0.859036 0.140964 0
0.985429 0.0145712 0
0.449858 0.550142 0
0.824767 0.175233 0
0.942697 0.0573034 0
0.555475 0.444525 0
0.987762 0.0122381 0
0.951172 0.0488278 0
0.977364 0.0226357 0
0.964072 0.0359276 0
0.834825 0.165175 0
0.988871 0.0111286 0
0.984334 0.0156665 0
0.990415 0.00958497 0
0.943307 0.056693 0
0.910697 0.0893032 0
0.766974 0.233026 0
0.301613 0.698387 0
0.971671 0.0283293 0
0.983078 0.0169218 0
0.976238 0.0237619 0
0.982355 0.0176453 0
0.974335 0.0256655 0
0.976362 0.0236382 0
0.679851 0.320149 0
0.61586 0.38414 0
0.960846 0.0391537 0
0.910807 0.0891931 0
0.553872 0.446128 0
0.859437 0.140563 0
0.859957 0.140043 0
0.900286 0.0997144 0
0.940013 0.0599874 0
0.966375 0.0336251 0
0.940928 0.0590725 0
0.885866 0.114134 0
0.931121 0.0688785 0
0.893061 0.106939 0
0.982386 0.0176143 0
0.989305 0.0106954 0
0.972546 0.0274541 0
0.946224 0.0537757 0
0.978234 0.0217655 0
0.872246 0.127754 0
0.923677 0.0763228 0
0.911039 0.0889607 0
0.977712 0.0222879 0
0.957625 0.0423755 0
0.918305 0.0816952 0
0.618637 0.381363 0
0.884607 0.115393 0
0.817715 0.182285 0
0.959927 0.0400726 0
0.138169 0.861831 0
0.978337 0.0216629 0
0.844043 0.155957 0
0.949497 0.0505034 0
0.981807 0.0181929 0
0.988535 0.011465 0
0.289907 0.710093 0
0.963178 0.036822 0
0.795764 0.204236 0
0.979714 0.0202857 0
0.823261 0.176739 0
0.986234 0.0137664 0
0.87658 0.12342 0
0.506069 0.493931 0
0.976682 0.0233176 0
0.97163 0.0283702 0
0.888296 0.111704 0
0.316417 0.683583 0
0.618913 0.381087 0
0.723904 0.276096 0
0.942506 0.057494 0
0.970391 0.0296091 0
0.913905 0.0860947 0
0.648893 0.351107 0
0.583531 0.416469 0
0.898272 0.101728 0
0.980609 0.0193905 0
0.823136 0.176864 0
0.967678 0.0323217 0
0.983863 0.0161368 0
0.879977 0.120023 0
0.928935 0.0710649 0
0.770942 0.229058 0
0.455749 0.544251 0
0.988128 0.0118724 0
0.944263 0.0557373 0
0.983365 0.0166346 0
0.85606 0.14394 0
0.578294 0.421706 0
0.981895 0.0181047 0
0.992193 0.00780714 0
0.969378 0.0306216 0
0.611592 0.388408 0
0.913633 0.0863668 0
0.723329 0.276671 0
0.97967 0.0203302 0
0.972685 0.0273153 0
0.974485 0.025515 0
0.125192 0.874808 0
0.952838 0.0471623 0
0.589645 0.410355 0
0.752913 0.247087 0
0.977461 0.0225388 0
0.98727 0.0127301 0
0.970015 0.0299855 0
0.95912 0.0408799 0
0.735714 0.264286 0
0.971383 0.0286169 0
0.796486 0.203514 0
0.967868 0.0321317 0
0.983937 0.0160631 0
0.990294 0.00970636 0
0.769993 0.230007 0
0.986603 0.013397 0
0.980211 0.0197893 0
0.952136 0.0478642 0
0.955603 0.0443968 0
0.987992 0.0120078 0
0.945485 0.0545148 0
0.986528 0.0134724 0
0.96677 0.0332302 0
0.657269 0.342731 0
0.906843 0.0931574 0
0.875673 0.124327 0
0.88447 0.11553 0
0.952129 0.0478707 0
0.967625 0.0323752 0
0.989344 0.0106561 0
0.967389 0.032611 0
0.912174 0.087826 0
0.977103 0.0228967 0
0.833114 0.166886 0
0.980303 0.0196974 0
0.989616 0.0103842 0
0.985992 0.0140084 0
0.95177 0.0482297 0
0.988186 0.0118137 0
0.364141 0.635859 0
0.769506 0.230494 0
0.985004 0.014996 0
0.952341 0.0476594 0
0.982498 0.0175018 0
0.707382 0.292618 0
0.982973 0.0170272 0
0.807049 0.192951 0
0.98056 0.01944 0
0.811698 0.188302 0
0.985466 0.0145341 0
0.987592 0.0124077 0
0.954368 0.0456322 0
0.849949 0.150051 0
0.976511 0.0234889 0
0.981974 0.0180265 0
0.719852 0.280148 0
0.984522 0.0154776 0
0.986532 0.0134675 0
0.972054 0.0279462 0
0.983027 0.0169725 0
0.76639 0.23361 0
0.801344 0.198656 0
0.982694 0.0173059 0
0.910841 0.0891591 0
0.549428 0.450572 0
0.967138 0.0328624 0
0.826258 0.173742 0
0.81494 0.18506 0
0.893296 0.106704 0
0.963376 0.0366238 0
0.922765 0.0772348 0
0.0532234 0.946777 0
0.240998 0.759002 0
0.929886 0.0701144 0
0.875838 0.124162 0
0.779761 0.220239 0
0.952339 0.0476611 0
0.831549 0.168451 0
0.986677 0.013323 0
0.960088 0.0399123 0
0.9709 0.0291003 0
0.962362 0.0376376 0
0.0208611 0.979139 0
0.611729 0.388271 0
0.195315 0.804685 0
0.546597 0.453403 0
0.982087 0.0179126 0
0.982508 0.0174921 0
0.987217 0.0127825 0
0.987541 0.0124585 0
0.62262 0.37738 0
0.961061 0.0389389 0
0.286114 0.713886 0
0.0439436 0.956056 0
0.968665 0.0313347 0
0.887363 0.112637 0
0.364734 0.635266 0
0.984103 0.0158971 0
0.356073 0.643927 0
0.978642 0.0213576 0
0.887952 0.112048 0
0.0119689 0.988031 1
0.117316 0.882684 1
0.808314 0.191686 1
0.0421752 0.957825 1
0.121637 0.878363 1
0.186584 0.813416 1
0.0861236 0.913876 1
0.0171583 0.982842 1
0.371901 0.628099 1
0.110408 0.889592 1
0.0186466 0.981353 1
0.818883 0.181117 1
0.0168686 0.983131 1
0.211864 0.788136 1
0.0137483 0.986252 1
0.164442 0.835558 1
0.14502 0.85498 1
0.0454481 0.954552 1
0.0969554 0.903045 1
0.664114 0.335886 1
0.0673024 0.932698 1
0.0169175 0.983083 1
0.056458 0.943542 1
0.177363 0.822637 1
0.0184955 0.981504 1
0.0820497 0.91795 1
0.0358391 0.964161 1
0.0192885 0.980712 1
0.0677887 0.932211 1
0.0386392 0.961361 1
0.0249705 0.97503 1
0.062703 0.937297 1
0.118863 0.881137 1
0.00937735 0.990623 1
0.0779103 0.92209 1
0.0246313 0.975369 1
0.041873 0.958127 1
0.020428 0.979572 1
0.0115122 0.988488 1
0.0574408 0.942559 1
0.0704555 0.929544 1
0.153946 0.846054 1
0.0200348 0.979965 1
0.737145 0.262855 1
0.011682 0.988318 1
0.0539082 0.946092 1
0.0132283 0.986772 1
0.443415 0.556585 1
0.442167 0.557833 1
0.812068 0.187932 1
0.0130298 0.98697 1
0.0800165 0.919984 1
0.755537 0.244463 1
0.0117935 0.988206 1
0.512242 0.487758 1
0.484463 0.515537 1
0.0426223 0.957378 1
0.0262598 0.97374 1
0.0770731 0.922927 1
0.145556 0.854444 1
0.136874 0.863126 1
0.117498 0.882502 1
0.0141839 0.985816 1
0.0164064 0.983594 1
0.0354226 0.964577 1
0.610424 0.389576 1
0.0367878 0.963212 1
0.122733 0.877267 1
0.0527821 0.947218 1
0.016719 0.983281 1
0.0445744 0.955426 1
0.0210029 0.978997 1
0.0562668 0.943733 1
0.207117 0.792883 1
0.907285 0.0927148 1
0.0508881 0.949112 1
0.0160028 0.983997 1
0.122389 0.877611 1
0.00813836 0.991862 1
0.0143441 0.985656 1
0.0239125 0.976087 1
0.13134 0.86866 1
0.711285 0.288715 1
0.00853912 0.991461 1
0.401256 0.598744 1
0.111169 0.888831 1
0.0586186 0.941381 1
0.0135062 0.986494 1
0.106019 0.893981 1
0.182503 0.817497 1
0.0285066 0.971493 1
0.00818228 0.991818 1
0.13121 0.86879 1
0.0678613 0.932139 1
0.0166662 0.983334 1
0.0195088 0.980491 1
0.00870176 0.991298 1
0.685157 0.314843 1
0.0565027 0.943497 1
0.282889 0.717111 1
0.0254318 0.974568 1
0.0390881 0.960912 1
0.694192 0.305808 1
0.0231409 0.976859 1
0.033813 0.966187 1
0.332978 0.667022 1
0.0231317 0.976868 1
0.0622663 0.937734 1
0.034298 0.965702 1
0.0999711 0.900029 1
0.0212807 0.978719 1
0.0423471 0.957653 1
0.676839 0.323161 1
0.0261335 0.973867 1
0.157985 0.842015 1
0.0157843 0.984216 1
0.0123366 0.987663 1
0.0196819 0.980318 1
0.0162152 0.983785 1
0.031326 0.968674 1
0.0825715 0.917428 1
0.071569 0.928431 1
0.0285447 0.971455 1
0.392223 0.607777 1
0.0203633 0.979637 1
0.186038 0.813962 1
0.980269 0.0197311 1
0.0108359 0.989164 1
0.0113983 0.988602 1
0.0817094 0.918291 1
0.0118886 0.988111 1
0.0344692 0.965531 1
0.0197296 0.98027 1
0.027913 0.972087 1
0.0303175 0.969683 1
0.0247165 0.975283 1
0.013066 0.986934 1
0.0107949 0.989205 1
0.00964014 0.99036 1
0.198391 0.801609 1
0.00788544 0.992115 1
0.0771607 0.922839 1
0.0841432 0.915857 1
0.372583 0.627417 1
0.0310156 0.968984 1
0.0188629 0.981137 1
0.0293822 0.970618 1
0.0114988 0.988501 1
0.268637 0.731363 1
0.664824 0.335176 1
0.0102516 0.989748 1
0.0109965 0.989003 1
0.0126372 0.987363 1
0.0152473 0.984753 1
0.611309 0.388691 1
0.223118 0.776882 1
0.104163 0.895837 1
0.0340731 0.965927 1
0.148275 0.851725 1
0.0283158 0.971684 1
0.0458775 0.954123 1
0.039599 0.960401 1
0.0617786 0.938221 1
0.0238051 0.976195 1
0.0541115 0.945888 1
0.058149 0.941851 1
0.930506 0.069494 1
0.918977 0.0810234 1
0.0275278 0.972472 1
0.0352022 0.964798 1
0.0107055 0.989295 1
0.0379349 0.962065 1
0.794003 0.205997 1
0.0371696 0.96283 1
0.159338 0.840662 1
0.0220902 0.97791 1
0.079982 0.920018 1
0.950939 0.0490606 1
0.0153747 0.984625 1
0.215327 0.784673 1
0.0322421 0.967758 1
0.727478 0.272522 1
0.0172388 0.982761 1
0.0213728 0.978627 1
0.20691 0.79309 1
0.048628 0.951372 1
0.046147 0.953853 1
0.331666 0.668334 1
0.028016 0.971984 1
0.14948 0.85052 1
0.0204001 0.9796 1
0.149504 0.850496 1
0.591084 0.408916 1
0.0503392 0.949661 1
0.421498 0.578502 1
0.692569 0.307431 1
0.31361 0.68639 1
0.0234163 0.976584 1
0.0250268 0.974973 1
0.0969516 0.903048 1
0.0406949 0.959305 1
0.0396906 0.960309 1
0.0174911 0.982509 1
0.0432572 0.956743 1
0.258259 0.741741 1
0.0122122 0.987788 1
0.00934195 0.990658 1
0.24381 0.75619 1
0.240882 0.759118 1
0.0320364 0.967964 1
0.0178879 0.982112 1
0.0108568 0.989143 1
0.817916 0.182084 1
0.125852 0.874148 1
0.0468794 0.953121 1
0.0116018 0.988398 1
0.779917 0.220083 1
0.0889914 0.911009 1
0.0298073 0.970193 1
0.0086117 0.991388 1
0.0445692 0.955431 1
0.0180863 0.981914 1
0.0137366 0.986263 1
0.37116 0.62884 1
0.0105336 0.989466 1
0.124161 0.875839 1
0.0177721 0.982228 1
0.379518 0.620482 1
0.0521027 0.947897 1
0.668255 0.331745 1
0.0411814 0.958819 1
0.0419625 0.958037 1
0.205406 0.794594 1
0.0298118 0.970188 1
0.0651481 0.934852 1
0.0215553 0.978445 1
0.0574043 0.942596 1
0.235369 0.764631 1
0.123332 0.876667 1
0.0247502 0.97525 1
0.221029 0.778971 1
0.855712 0.144288 1
0.0682469 0.931753 1
0.0263072 0.973693 1
0.130343 0.869657 1
0.296887 0.703113 1
0.276041 0.723959 1
0.0087173 0.991283 1
0.0179617 0.982038 1
0.0119863 0.988014 1
0.00967704 0.990323 1
0.0979099 0.90209 1
0.0719603 0.92804 1
0.0205393 0.979461 1
0.441397 0.558603 1
0.23769 0.76231 1
0.0337127 0.966287 1
0.0836226 0.916377 1
0.0133544 0.986646 1
0.98639 0.0136098 1
0.0120238 0.987976 1
0.0966931 0.903307 1
0.244852 0.755148 1
0.0502561 0.949744 1
0.0246247 0.975375 1
0.0169276 0.983072 1
0.0158458 0.984154 1
0.00993595 0.990064 1
0.754152 0.245848 1
0.128199 0.871801 1
0.0662725 0.933728 1
0.692974 0.307026 1
0.737393 0.262607 1
0.919372 0.0806277 1
0.0146441 0.985356 1
0.0230541 0.976946 1
0.0234408 0.976559 1
0.0516744 0.948326 1
0.0166595 0.983341 1
0.0257685 0.974232 1
0.0103054 0.989695 1
0.0128277 0.987172 1
0.125068 0.874933 1
0.0260909 0.973909 1
0.0905897 0.90941 1
0.00997099 0.990029 1
0.0218476 0.978152 1
0.301659 0.698341 1
0.0190702 0.98093 1
0.0220509 0.977949 1
0.041403 0.958597 1
0.0277297 0.97227 1
0.290083 0.709917 1
0.0209276 0.979072 1
0.0387227 0.961277 1
0.172422 0.827578 1
0.0192582 0.980742 1
0.305677 0.694323 1
0.0135317 0.986468 1
0.141441 0.858559 1
0.0389343 0.961066 1
0.364338 0.635662 1
0.0114859 0.988514 1
0.0395617 0.960438 1
0.0116697 0.98833 1
0.0457937 0.954206 1
0.179392 0.820608 1
0.0268604 0.97314 1
0.109486 0.890514 1
0.0648429 0.935157 1
0.01998 0.98002 1
0.66834 0.33166 1
0.0868685 0.913131 1
0.0257542 0.974246 1
0.646071 0.353929 1
0.295602 0.704399 1
0.61888 0.38112 1
0.0135819 0.986418 1
0.860389 0.139611 1
0.0680005 0.932 1
0.519021 0.480979 1
0.02272 0.97728 1
0.0788544 0.921146 1
0.0159428 0.984057 1
0.551619 0.448381 1
0.0953734 0.904627 1
0.315953 0.684047 1
0.0210653 0.978935 1
0.010773 0.989227 1
0.0273229 0.972677 1
0.0142269 0.985773 1
0.0387169 0.961283 1
0.0128041 0.987196 1
0.77961 0.22039 1
0.164824 0.835176 1
0.106662 0.893338 1
0.0621143 0.937886 1
0.0850867 0.914913 1
0.0126106 0.987389 1
0.0520394 0.947961 1
0.292063 0.707937 1
0.0352322 0.964768 1
0.194038 0.805962 1
0.277836 0.722164 1
0.336674 0.663326 1
0.0176354 0.982365 1
0.0128331 0.987167 1
0.27419 0.72581 1
0.0466774 0.953323 1
0.0128534 0.987147 1
0.143852 0.856148 1
0.0896514 0.910349 1
0.0189876 0.981012 1
0.418277 0.581723 1
0.580153 0.419847 1
0.0601928 0.939807 1
0.0389876 0.961012 1
0.828905 0.171095 1
0.00925863 0.990741 1
0.0166369 0.983363 1
0.502555 0.497445 1
0.0502598 0.94974 1
0.57119 0.42881 1
0.0186662 0.981334 1
0.0182095 0.981791 1
0.133616 0.866384 1
0.044463 0.955537 1
0.117622 0.882378 1
0.350563 0.649437 1
0.0546938 0.945306 1
0.442153 0.557847 1
0.862797 0.137203 1
0.0905618 0.909438 1
0.934191 0.0658094 1
0.0267917 0.973208 1
0.465287 0.534713 1
0.0398861 0.960114 1
0.714228 0.285772 1
0.493829 0.506171 1
0.0305979 0.969402 1
0.290937 0.709063 1
0.00997956 0.99002 1
0.0377738 0.962226 1
0.0114407 0.988559 1
0.0248887 0.975111 1
0.0303573 0.969643 1
0.0557124 0.944288 1
0.92744 0.0725596 1
0.180065 0.819935 1
0.0089041 0.991096 1
0.0433733 0.956627 1
0.440894 0.559106 1
0.0114691 0.988531 1
0.0121468 0.987853 1
0.102283 0.897717 1
0.307714 0.692286 1
0.00960376 0.990396 1
0.129722 0.870278 1
0.356341 0.643659 1
0.0763713 0.923629 1
0.12404 0.87596 1
0.0646485 0.935351 1
0.0100491 0.989951 1
0.0140329 0.985967 1
0.0144838 0.985516 1
0.316163 0.683837 1
0.0141243 0.985876 1
0.0516623 0.948338 1
0.240845 0.759155 1
0.0364483 0.963552 1
0.136626 0.863374 1
0.458335 0.541665 1
0.720571 0.279429 1
0.428323 0.571677 1
0.386162 0.613838 1
0.492586 0.507414 1
0.0295415 0.970459 1
0.0127067 0.987293 1
0.0873851 0.912615 1
0.0177301 0.98227 1
0.0425543 0.957446 1
0.130636 0.869364 1
0.0605837 0.939416 1
0.0183615 0.981639 1
0.0419516 0.958048 1
0.0120722 0.987928 1
0.528194 0.471806 1
0.0383511 0.961649 1
0.0276851 0.972315 1
0.0624457 0.937554 1
0.600334 0.399666 1
0.00967425 0.990326 1
0.0965256 0.903474 1
0.0102683 0.989732 1
0.0209404 0.97906 1
0.573121 0.426879 1
0.12519 0.87481 1
0.0496579 0.950342 1
0.0174239 0.982576 1
0.0181126 0.981887 1
0.904159 0.0958409 1
0.0255886 0.974411 1
0.0242872 0.975713 1
0.816231 0.183769 1
0.134543 0.865457 1
0.592642 0.407358 1
0.0232596 0.97674 1
0.134215 0.865785 1
0.0211225 0.978877 1
0.0130099 0.98699 1
0.0207333 0.979267 1
0.859387 0.140613 1
0.0120638 0.987936 1
0.0154461 0.984554 1
0.2493 0.7507 1
0.0266296 0.97337 1
0.0850582 0.914942 1
0.807016 0.192984 1
0.100271 0.899729 1
0.0187913 0.981209 1
0.0147082 0.985292 1
0.0282154 0.971785 1
0.0128909 0.987109 1
0.222139 0.777861 1
0.542008 0.457992 1
0.0233212 0.976679 1
0.233957 0.766043 1
0.034794 0.965206 1
0.131126 0.868874 1
0.0088278 0.991172 1
0.194397 0.805603 1
0.0210949 0.978905 1
0.220589 0.779411 1
0.0543691 0.945631 1
0.210528 0.789472 1
0.404133 0.595867 1
0.0250596 0.97494 1
0.0105679 0.989432 1
0.0350215 0.964978 1
0.0866208 0.913379 1
0.0227857 0.977214 1
0.202058 0.797942 1
0.028208 0.971792 1
0.65473 0.34527 1
0.0125258 0.987474 1
0.0477372 0.952263 1
0.0143798 0.98562 1
0.0158406 0.984159 1
0.242022 0.757978 1
0.0208261 0.979174 1
0.010379 0.989621 1
0.0207914 0.979209 1
0.2105 0.7895 1
0.28263 0.71737 1
0.0168879 0.983112 1
0.0311104 0.96889 1
0.878838 0.121162 1
0.939923 0.0600769 1
0.120401 0.879599 1
0.162522 0.837478 1
0.00863803 0.991362 1
0.137302 0.862698 1
0.0118186 0.988181 1
0.0408029 0.959197 1
0.0314712 0.968529 1
0.176432 0.823569 1
0.220842 0.779158 1
0.213349 0.786651 1
0.0279586 0.972041 1
0.0106564 0.989344 1
0.125429 0.874571 1
0.160011 0.839989 1
0.0390781 0.960922 1
0.639501 0.360499 1
0.0441384 0.955862 1
0.0221022 0.977898 1
0.0093349 0.990665 1
0.0154062 0.984594 1
0.0130308 0.986969 1
0.247504 0.752496 1
0.0665201 0.93348 1
0.0536754 0.946325 1
0.342677 0.657323 1
0.145719 0.854281 1
0.0282137 0.971786 1
0.0421332 0.957867 1
0.18034 0.81966 1
0.267276 0.732724 1
0.022588 0.977412 1
0.161073 0.838927 1
0.584219 0.415781 1
0.0101342 0.989866 1
0.0650827 0.934917 1
0.143347 0.856653 1
0.0207348 0.979265 1
0.403082 0.596918 1
0.344556 0.655444 1
0.0128587 0.987141 1
0.115223 0.884777 1
0.0197578 0.980242 1
0.0239287 0.976071 1
0.438215 0.561785 1
0.494207 0.505793 1
0.0282155 0.971784 1
0.0191255 0.980874 1
0.0546607 0.945339 1
0.0845697 0.91543 1
0.029434 0.970566 1
0.0139508 0.986049 1
0.0235003 0.9765 1
0.00900432 0.990996 1
0.175721 0.824279 1
0.0342854 0.965715 1
0.0162575 0.983742 1
0.0118095 0.988191 1
0.0698982 0.930102 1
0.147212 0.852788 1
0.84911 0.15089 1
0.00760225 0.992398 1
0.0441962 0.955804 1
0.109347 0.890653 1
0.317854 0.682146 1
0.024457 0.975543 1
0.0199791 0.980021 1
0.131592 0.868408 1
0.0123776 0.987622 1
0.0414689 0.958531 1
0.0133753 0.986625 1
0.744366 0.255634 1
0.0359149 0.964085 1
0.909949 0.0900508 1
0.190866 0.809134 1
0.136094 0.863906 1
0.028562 0.971438 1
0.0591128 0.940887 1
0.0108642 0.989136 1
0.0303453 0.969655 1
0.0816167 0.918383 1
0.0176978 0.982302 1
0.0207066 0.979293 1
0.0159066 0.984093 1
0.0245632 0.975437 1
0.191178 0.808822 1
0.0278112 0.972189 1
0.0151147 0.984885 1
0.0343301 0.96567 1
0.79967 0.20033 1
0.0808531 0.919147 1
0.0251719 0.974828 1
0.0113282 0.988672 1
0.0102505 0.989749 1
0.0849581 0.915042 1
0.120127 0.879873 1
0.226659 0.773341 1
0.222986 0.777014 1
0.0426043 0.957396 1
0.332472 0.667528 1
0.0103058 0.989694 1
0.0160162 0.983984 1
0.0833367 0.916663 1
0.0193518 0.980648 1
0.223264 0.776736 1
0.91709 0.0829097 1
0.585132 0.414868 1
0.0914092 0.908591 1
0.0112436 0.988756 1
0.032573 0.967427 1
0.234076 0.765925 1
0.0156555 0.984344 1
0.288499 0.711501 1
0.0274707 0.972529 1
0.019818 0.980182 1
0.0280207 0.971979 1
0.0291392 0.970861 1
0.0121145 0.987885 1
0.00879064 0.991209 1
0.0158321 0.984168 1
0.919092 0.0809081 1
0.0173732 0.982627 1
0.0224005 0.977599 1
0.584862 0.415138 1
0.213722 0.786278 1
0.0897694 0.910231 1
0.0518794 0.948121 1
0.163051 0.836949 1
0.0188429 0.981157 1
0.0438645 0.956136 1
0.298019 0.701981 1
0.0267005 0.9733 1
0.035163 0.964837 1
0.0167619 0.983238 1
0.70942 0.29058 1
0.0365569 0.963443 1
0.198721 0.801279 1
0.0234549 0.976545 1
0.0616435 0.938357 1
0.00911725 0.990883 1
0.0138205 0.98618 1
0.350283 0.649717 1
0.128593 0.871407 1
0.0953674 0.904633 1
0.0099759 0.990024 1
0.130834 0.869166 1
0.492896 0.507104 1
0.0218462 0.978154 1
0.0197695 0.98023 1
0.044352 0.955648 1
0.0159548 0.984045 1
0.0103328 0.989667 1
0.874315 0.125685 1
0.0461983 0.953802 1
0.0219894 0.978011 1
0.0407695 0.95923 1
0.0188821 0.981118 1
0.0204328 0.979567 1
0.22093 0.77907 1
0.0180841 0.981916 1
0.0215238 0.978476 1
0.0552178 0.944782 1
0.0156652 0.984335 1
0.0104607 0.989539 1
0.0250257 0.974974 1
0.0209605 0.979039 1
0.784726 0.215274 1
0.0262363 0.973764 1
0.0371505 0.962849 1
0.00989904 0.990101 1
0.0336919 0.966308 1
0.294058 0.705942 1
0.10767 0.89233 1
0.0782135 0.921786 1
0.0146277 0.985372 1
0.0191745 0.980826 1
0.036171 0.963829 1
0.0359679 0.964032 1
0.0169188 0.983081 1
0.0322232 0.967777 1
0.221226 0.778774 1
0.730221 0.269779 1
0.0146372 0.985363 1
0.0181981 0.981802 1
0.58986 0.41014 1
0.305351 0.694649 1
0.560387 0.439613 1
0.0138352 0.986165 1
0.0223089 0.977691 1
0.040996 0.959004 1
0.0137011 0.986299 1
0.833891 0.166109 1
0.0164091 0.983591 1
0.0697278 0.930272 1
0.0447688 0.955231 1
0.0229817 0.977018 1
0.0235195 0.97648 1
0.0240101 0.97599 1
0.0109483 0.989052 1
0.0216522 0.978348 1
0.0136741 0.986326 1
0.783394 0.216606 1
0.0276892 0.972311 1
0.0178542 0.982146 1
0.182932 0.817068 1
0.0795794 0.920421 1
0.0436229 0.956377 1
0.024495 0.975505 1
0.019588 0.980412 1
0.0333273 0.966673 1
0.231017 0.768983 1
0.157741 0.842259 1
0.276894 0.723106 1
0.117771 0.882229 1
0.0260516 0.973948 1
0.0558143 0.944186 1
0.010213 0.989787 1
0.042698 0.957302 1
0.0294274 0.970573 1
0.707626 0.292374 1
0.112475 0.887525 1
0.117565 0.882435 1
0.0213415 0.978658 1
0.021028 0.978972 1
0.853937 0.146063 1
0.709105 0.290895 1
0.0100932 0.989907 1
0.223532 0.776468 1
0.0281106 0.971889 1
0.0187664 0.981234 1
0.0148923 0.985108 1
0.0112139 0.988786 1
0.133522 0.866478 1
0.185234 0.814766 1
0.0120811 0.987919 1
0.0232273 0.976773 1
0.543572 0.456428 1
0.0483317 0.951668 1
0.0257519 0.974248 1
0.0328355 0.967164 1
0.0260824 0.973918 1
0.0183528 0.981647 1
0.0118536 0.988146 1
0.938927 0.0610728 1
0.00901827 0.990982 1
0.0120188 0.987981 1
0.72718 0.27282 1
0.0728812 0.927119 1
0.0222894 0.977711 1
0.0536171 0.946383 1
0.0140373 0.985963 1
0.0189209 0.981079 1
0.0424087 0.957591 1
0.0552991 0.944701 1
0.206212 0.793788 1
0.168267 0.831733 1
0.219597 0.780403 1
0.465944 0.534056 1
0.0114064 0.988594 1
0.0557852 0.944215 1
0.752189 0.247811 1
0.238917 0.761083 1
0.0188603 0.98114 1
0.77043 0.22957 1
0.097602 0.902398 1
0.152222 0.847778 1
0.187677 0.812323 1
0.141119 0.858881 1
0.0191869 0.980813 1
0.0649079 0.935092 1
0.037844 0.962156 1
0.0186237 0.981376 1
0.74587 0.25413 1
0.0459444 0.954056 1
0.00911903 0.990881 1
0.0279853 0.972015 1
0.193238 0.806762 1
0.0158399 0.98416 1
0.716152 0.283848 1
0.0314552 0.968545 1
0.014142 0.985858 1
0.0151678 0.984832 1
0.00960912 0.990391 1
0.0786503 0.92135 1
0.141098 0.858902 1
0.0440546 0.955945 1
0.0308706 0.969129 1
0.035761 0.964239 1
0.148784 0.851216 1
0.017039 0.982961 1
0.0168203 0.98318 1
0.314747 0.685253 1
0.0221224 0.977878 1
0.0120964 0.987904 1
0.555409 0.444591 1
0.0535097 0.94649 1
0.0219811 0.978019 1
0.0303591 0.969641 1
0.278897 0.721103 1
0.140778 0.859222 1
0.555639 0.444361 1
0.110275 0.889725 1
0.0401147 0.959885 1
0.635053 0.364947 1
0.180236 0.819764 1
0.572905 0.427095 1
0.758565 0.241435 1
0.00875497 0.991245 1
0.0546216 0.945378 1
0.271349 0.728651 1
0.0101456 0.989854 1
0.755379 0.244621 1
0.0317933 0.968207 1
0.0089917 0.991008 1
0.0706586 0.929341 1
0.373078 0.626922 1
0.0227759 0.977224 1
0.0117812 0.988219 1
0.517897 0.482103 1
0.105538 0.894462 1
0.0803565 0.919643 1
0.12274 0.87726 1
0.00815024 0.99185 1
0.0141985 0.985802 1
0.0628648 0.937135 1
0.0366751 0.963325 1
0.0248853 0.975115 1
0.118475 0.881525 1
0.968587 0.0314127 1
0.409083 0.590917 1
0.214744 0.785256 1
0.282284 0.717716 1
0.0281986 0.971801 1
0.0946905 0.905309 1
0.023839 0.976161 1
0.0525727 0.947427 1
0.0679744 0.932026 1
0.0506035 0.949396 1
0.0353858 0.964614 1
0.0135932 0.986407 1
0.0114485 0.988551 1
0.146129 0.853871 1
0.0113255 0.988674 1
0.0211966 0.978803 1
0.0223264 0.977674 1
0.413738 0.586262 1
0.0131119 0.986888 1
0.0421699 0.95783 1
0.889716 0.110284 1
0.978425 0.0215751 1
0.0170403 0.98296 1
0.0173505 0.98265 1
0.0856952 0.914305 1
0.45887 0.54113 1
0.00973513 0.990265 1
0.015588 0.984412 1
0.668614 0.331386 1
0.392512 0.607488 1
0.036634 0.963366 1
0.0109629 0.989037 1
0.0384169 0.961583 1
0.0167959 0.983204 1
0.0132328 0.986767 1
0.012307 0.987693 1
0.0598358 0.940164 1
0.412212 0.587788 1
0.0221455 0.977854 1
0.0346878 0.965312 1
0.135492 0.864508 1
0.465901 0.534099 1
0.0336263 0.966374 1
0.0780428 0.921957 1
0.0411328 0.958867 1
0.0129919 0.987008 1
0.0204987 0.979501 1
0.0104385 0.989561 1
0.0235304 0.97647 1
0.0480119 0.951988 1
0.0109545 0.989046 1
0.0479209 0.952079 1
0.0113332 0.988667 1
0.0133101 0.98669 1
0.00979534 0.990205 1
0.0204334 0.979567 1
0.0258968 0.974103 1
0.0564494 0.943551 1
0.0114261 0.988574 1
0.945367 0.0546326 1
0.0476668 0.952333 1
0.0169202 0.98308 1
0.022638 0.977362 1
0.0205408 0.979459 1
0.0123447 0.987655 1
0.05803 0.94197 1
0.333218 0.666782 1
0.126808 0.873192 1
0.0618493 0.938151 1
0.00988783 0.990112 1
0.198117 0.801883 1
0.764167 0.235833 1
0.0483421 0.951658 1
0.013558 0.986442 1
0.0132374 0.986763 1
0.017852 0.982148 1
0.0813401 0.91866 1
0.191485 0.808514 1
0.0167534 0.983247 1
0.523844 0.476156 1
0.200222 0.799778 1
0.0652512 0.934749 1
0.529192 0.470808 1
0.0636815 0.936318 1
0.0790555 0.920945 1
0.01157 0.98843 1
0.273818 0.726182 1
0.0442421 0.955758 1
0.0131385 0.986862 1
0.00936802 0.990632 1
0.0671634 0.932837 1
0.322452 0.677548 1
0.0291973 0.970803 1
0.00929238 0.990708 1
0.0217144 0.978286 1
0.0305978 0.969402 1
0.259074 0.740926 1
0.476887 0.523113 1
0.0289333 0.971067 1
0.244559 0.755441 1
0.0886991 0.911301 1
0.0182019 0.981798 1
0.733478 0.266522 1
0.0788665 0.921134 1
0.24983 0.75017 1
0.0200551 0.979945 1
0.918207 0.0817932 1
0.07023 0.92977 1
0.0714009 0.928599 1
0.01309 0.98691 1
0.00968651 0.990314 1
0.0271979 0.972802 1
0.0151858 0.984814 1
0.0130873 0.986913 1
0.0115187 0.988481 1
0.030925 0.969075 1
0.00895367 0.991046 1
0.0213684 0.978632 1
0.192126 0.807874 1
0.018798 0.981202 1
0.0257362 0.974264 1
0.0190478 0.980952 1
0.453262 0.546738 1
0.0444401 0.95556 1
0.0290333 0.970967 1
0.479192 0.520808 1
0.0309786 0.969021 1
0.0714464 0.928554 1
0.0392351 0.960765 1
0.402781 0.597219 1
0.0306976 0.969302 1
0.0145687 0.985431 1
0.903398 0.0966016 1
0.0465486 0.953451 1
0.0527856 0.947214 1
0.133287 0.866713 1
0.119627 0.880373 1
0.217177 0.782823 1
0.228713 0.771287 1
0.0379937 0.962006 1
0.0158218 0.984178 1
0.0141169 0.985883 1
0.0634711 0.936529 1
0.0191834 0.980817 1
0.156275 0.843725 1
0.758178 0.241822 1
0.0512721 0.948728 1
0.128535 0.871465 1
0.0521426 0.947857 1
0.0183593 0.981641 1
0.0439531 0.956047 1
0.133506 0.866494 1
0.773359 0.226641 1
0.238264 0.761736 1
0.0864421 0.913558 1
0.0336251 0.966375 1
0.0209543 0.979046 1
0.1342 0.865801 1
0.0366375 0.963363 1
0.0104086 0.989591 1
0.0313875 0.968613 1
0.0355654 0.964435 1
0.0204311 0.979569 1
0.758524 0.241476 1
0.0124789 0.987521 1
0.0317788 0.968221 1
0.171599 0.828401 1
0.308681 0.691319 1
0.0193089 0.980691 1
0.938311 0.061689 1
0.0219697 0.97803 1
0.0483457 0.951654 1
0.592758 0.407242 1
0.00803403 0.991966 1
0.0795565 0.920443 1
