0.984114 0.0158859 0
0.977638 0.0223618 0
0.952507 0.0474925 0
0.94784 0.0521603 0
0.237609 0.762391 0
0.981552 0.0184477 0
0.956193 0.043807 0
0.955563 0.0444372 0
0.959815 0.0401852 0
0.691035 0.308965 0
0.968635 0.0313654 0
0.917521 0.0824791 0
0.936506 0.063494 0
0.513792 0.486208 0
0.904276 0.0957244 0
0.826349 0.173651 0
0.132808 0.867192 0
0.809488 0.190512 0
0.287482 0.712518 0
0.958228 0.0417721 0
0.95878 0.0412203 0
0.924209 0.0757911 0
0.976163 0.023837 0
0.840626 0.159374 0
0.929938 0.0700616 0
0.961352 0.0386483 0
0.986891 0.0131095 0
0.967699 0.0323012 0
0.916745 0.0832546 0
0.92308 0.0769199 0
0.918254 0.0817456 0
0.57413 0.42587 0
0.950945 0.0490554 0
0.985404 0.014596 0
0.702447 0.297553 0
0.974093 0.0259066 0
0.982509 0.0174914 0
0.791144 0.208856 0
0.937363 0.0626369 0
0.977131 0.0228687 0
0.890928 0.109072 0
0.728811 0.271189 0
0.965208 0.0347919 0
0.740295 0.259705 0
0.97362 0.0263804 0
0.96385 0.0361496 0
0.973693 0.0263066 0
0.908033 0.0919668 0
0.981412 0.0185876 0
0.941378 0.058622 0
0.919646 0.080354 0
0.960912 0.0390876 0
0.916728 0.0832715 0
0.981725 0.0182755 0
0.962722 0.0372777 0
0.980918 0.0190818 0
0.985058 0.0149423 0
0.944593 0.0554069 0
0.670652 0.329348 0
0.938648 0.0613522 0
0.0294306 0.970569 0
0.985298 0.0147016 0
0.30288 0.69712 0
0.958 0.0420002 0
0.613596 0.386404 0
0.983936 0.0160642 0
0.210634 0.789366 0
0.972492 0.0275083 0
0.773458 0.226542 0
0.984664 0.0153358 0
0.975223 0.0247766 0
0.914989 0.0850106 0
0.959543 0.0404566 0
0.952022 0.0479782 0
0.193237 0.806763 0
0.97031 0.0296896 0
0.978727 0.0212726 0
0.953924 0.0460758 0
0.973923 0.0260767 0
0.87925 0.12075 0
0.967577 0.0324231 0
0.982003 0.0179967 0
0.981276 0.0187242 0
0.807203 0.192797 0
0.814287 0.185713 0
0.959761 0.040239 0
0.83567 0.16433 0
0.936367 0.0636327 0
0.750911 0.249089 0
0.887583 0.112417 0
0.934299 0.0657007 0
0.962669 0.0373311 0
0.988008 0.0119925 0
0.972634 0.0273657 0
0.9783 0.0217004 0
0.975883 0.024117 0
0.982036 0.0179635 0
0.927188 0.0728115 0
0.922925 0.0770752 0
0.983006 0.0169944 0
0.86949 0.13051 0
0.975742 0.0242582 0
0.986545 0.0134551 0
0.976967 0.0230325 0
0.988155 0.0118445 0
0.629208 0.370792 0
0.966658 0.0333415 0
0.843455 0.156545 0
0.967261 0.0327388 0
0.974542 0.0254585 0
0.867721 0.132279 0
0.984543 0.0154572 0
0.233283 0.766717 0
0.973266 0.0267337 0
0.9878 0.0121995 0
0.965754 0.034246 0
0.73029 0.26971 0
0.544818 0.455182 0
0.403704 0.596296 0
0.072716 0.927284 0
0.915084 0.0849165 0
0.893198 0.106802 0
0.967494 0.0325064 0
0.984669 0.0153309 0
0.980305 0.0196946 0
0.940313 0.0596873 0
0.923557 0.0764431 0
0.972406 0.027594 0
0.342745 0.657255 0
0.982757 0.0172432 0
0.0175695 0.982431 0
0.867491 0.132509 0
0.961712 0.0382884 0
0.967439 0.0325612 0
0.988732 0.0112681 0
0.990754 0.00924578 0
0.669392 0.330608 0
0.986603 0.013397 0
0.965276 0.0347238 0
0.931043 0.0689569 0
0.969351 0.030649 0
0.973988 0.026012 0
0.959618 0.0403821 0
0.984939 0.015061 0
0.942025 0.0579745 0
0.974301 0.0256989 0
0.984772 0.0152277 0
0.961805 0.0381946 0
0.936338 0.0636622 0
0.667549 0.332451 0
0.9655 0.0345004 0
0.940067 0.0599326 0
0.976394 0.0236055 0
0.771328 0.228672 0
0.725895 0.274105 0
0.722488 0.277512 0
0.965486 0.0345142 0
0.749564 0.250437 0
0.791565 0.208435 0
0.913965 0.0860346 0
0.971368 0.0286324 0
0.971338 0.0286618 0
0.985857 0.0141426 0
0.988373 0.0116269 0
0.926872 0.0731278 0
0.90181 0.0981903 0
0.877034 0.122966 0
0.981723 0.018277 0
0.975869 0.0241312 0
0.983856 0.0161438 0
0.960806 0.0391942 0
0.401283 0.598717 0
0.134974 0.865026 0
0.979673 0.0203271 0
0.959604 0.0403963 0
0.93161 0.0683896 0
0.249058 0.750942 0
0.85347 0.14653 0
0.941914 0.0580862 0
0.922848 0.0771524 0
0.968203 0.0317973 0
0.979403 0.0205967 0
0.962635 0.0373646 0
0.30155 0.69845 0
0.420694 0.579306 0
0.657523 0.342478 0
0.98675 0.01325 0
0.0363056 0.963694 0
0.836274 0.163726 0
0.955469 0.0445308 0
0.981264 0.0187357 0
0.96677 0.0332296 0
0.943477 0.0565229 0
0.961516 0.0384837 0
0.98022 0.0197797 0
0.985076 0.0149239 0
0.968395 0.0316046 0
0.724351 0.275649 0
0.974598 0.025402 0
0.954382 0.0456176 0
0.965925 0.0340751 0
0.975137 0.0248626 0
0.859455 0.140545 0
0.980987 0.0190125 0
0.197849 0.802151 0
0.966868 0.0331316 0
0.984048 0.0159525 0
0.94947 0.0505296 0
0.980844 0.0191557 0
0.619379 0.380621 0
0.802955 0.197045 0
0.0880835 0.911917 0
0.976797 0.0232033 0
0.919996 0.0800043 0
0.966459 0.0335407 0
0.943312 0.0566876 0
0.270851 0.729149 0
0.98566 0.0143397 0
0.888522 0.111478 0
0.80284 0.19716 0
0.983272 0.0167279 0
0.981973 0.0180269 0
0.991052 0.0089477 0
0.871857 0.128143 0
0.979937 0.0200633 0
0.935492 0.0645078 0
0.098845 0.901155 0
0.982434 0.0175662 0
0.770883 0.229117 0
0.95217 0.0478301 0
0.549462 0.450538 0
0.937239 0.0627606 0
0.642612 0.357388 0
0.985733 0.0142671 0
0.974665 0.0253351 0
0.982403 0.0175969 0
0.973072 0.0269277 0
0.7464 0.2536 0
0.986304 0.0136959 0
0.979522 0.0204784 0
0.357298 0.642702 0
0.943293 0.0567065 0
0.404065 0.595935 0
0.985819 0.0141809 0
0.943249 0.0567505 0
0.796578 0.203422 0
0.945621 0.0543794 0
0.983615 0.0163853 0
0.925892 0.0741084 0
0.615458 0.384542 0
0.526673 0.473327 0
0.976274 0.0237264 0
0.983377 0.0166228 0
0.888545 0.111455 0
0.590598 0.409402 0
0.644863 0.355137 0
0.982138 0.0178618 0
0.316385 0.683615 0
0.301268 0.698732 0
0.957083 0.0429175 0
0.932777 0.0672233 0
0.261371 0.738629 0
0.977765 0.0222353 0
0.751893 0.248107 0
0.974522 0.0254785 0
0.919846 0.0801538 0
0.947043 0.052957 0
0.979518 0.0204816 0
0.847139 0.152861 0
0.980229 0.0197713 0
0.962109 0.0378908 0
0.154753 0.845247 0
0.978568 0.021432 0
0.79128 0.20872 0
0.987285 0.0127152 0
0.973656 0.0263438 0
0.966546 0.033454 0
0.980169 0.0198307 0
0.97922 0.0207802 0
0.480687 0.519313 0
0.948025 0.0519754 0
0.550871 0.449129 0
0.981803 0.0181967 0
0.963139 0.0368615 0
0.867656 0.132344 0
0.936373 0.0636272 0
0.985864 0.0141364 0
0.977288 0.0227124 0
0.962705 0.0372948 0
0.921442 0.0785584 0
0.333055 0.666945 0
0.984441 0.015559 0
0.166171 0.833829 0
0.920185 0.0798148 0
0.955912 0.0440883 0
0.973596 0.0264037 0
0.984091 0.0159089 0
0.919924 0.0800761 0
0.977424 0.0225757 0
0.981108 0.0188923 0
0.870045 0.129955 0
0.978246 0.0217544 0
0.970249 0.0297511 0
0.985172 0.0148284 0
0.885277 0.114723 0
0.977473 0.0225273 0
0.554509 0.445491 0
0.979563 0.0204374 0
0.985829 0.0141711 0
0.982229 0.017771 0
0.976419 0.0235814 0
0.771206 0.228794 0
0.960721 0.0392791 0
0.979066 0.0209337 0
0.92889 0.0711096 0
0.976403 0.0235973 0
0.815439 0.184561 0
0.709525 0.290475 0
0.882426 0.117574 0
0.758323 0.241677 0
0.982851 0.0171494 0
0.917108 0.0828915 0
0.946395 0.0536053 0
0.976903 0.0230968 0
0.113553 0.886447 0
0.952999 0.0470006 0
0.954972 0.0450284 0
0.981034 0.0189655 0
0.979673 0.0203269 0
0.347571 0.652428 0
0.974072 0.0259281 0
0.96988 0.03012 0
0.968327 0.0316733 0
0.979976 0.0200238 0
0.964961 0.0350394 0
0.967843 0.0321574 0
0.849571 0.150429 0
0.978513 0.0214874 0
0.793349 0.206651 0
0.475667 0.524333 0
0.959572 0.0404283 0
0.848474 0.151526 0
0.985241 0.0147589 0
0.987855 0.0121455 0
0.952275 0.0477246 0
0.983557 0.016443 0
0.982571 0.0174288 0
0.730358 0.269642 0
0.93738 0.0626195 0
0.888429 0.111571 0
0.91861 0.0813903 0
0.357936 0.642064 0
0.969008 0.0309922 0
0.985867 0.0141334 0
0.984641 0.0153589 0
0.955361 0.0446394 0
0.981583 0.018417 0
0.975497 0.0245026 0
0.971657 0.0283435 0
0.3883 0.6117 0
0.94739 0.0526096 0
0.976171 0.0238292 0
0.746689 0.253311 0
0.989008 0.0109924 0
0.969183 0.0308171 0
0.801799 0.198201 0
0.985677 0.0143229 0
0.969605 0.0303947 0
0.785601 0.214399 0
0.971318 0.0286825 0
0.913574 0.0864265 0
0.976433 0.0235666 0
0.912206 0.0877942 0
0.169064 0.830936 0
0.96057 0.0394296 0
0.97346 0.02654 0
0.981364 0.0186364 0
0.949513 0.050487 0
0.630324 0.369676 0
0.884098 0.115902 0
0.978108 0.021892 0
0.967067 0.0329325 0
0.879778 0.120222 0
0.969249 0.0307514 0
0.978367 0.0216328 0
0.965666 0.0343336 0
0.977029 0.0229714 0
0.985318 0.0146821 0
0.0196376 0.980362 0
0.977717 0.0222835 0
0.232969 0.767031 0
0.915308 0.084692 0
0.903051 0.0969493 0
0.98402 0.0159798 0
0.974006 0.0259938 0
0.976469 0.0235311 0
0.983889 0.0161111 0
0.982313 0.0176869 0
0.930747 0.069253 0
0.437319 0.562681 0
0.911891 0.0881092 0
0.909736 0.0902638 0
0.95908 0.0409195 0
0.959158 0.040842 0
0.978382 0.0216184 0
0.822078 0.177922 0
0.972021 0.0279787 0
0.865129 0.134871 0
0.815956 0.184044 0
0.972765 0.0272352 0
0.951345 0.048655 0
0.871404 0.128596 0
0.980202 0.0197976 0
0.429155 0.570845 0
0.776635 0.223365 0
0.0499257 0.950074 0
0.966154 0.0338463 0
0.813036 0.186964 0
0.981764 0.0182361 0
0.882357 0.117643 0
0.980372 0.0196279 0
0.897754 0.102246 0
0.209379 0.790621 0
0.890051 0.109949 0
0.808801 0.191199 0
0.90489 0.0951095 0
0.826177 0.173823 0
0.924749 0.0752512 0
0.684562 0.315438 0
0.978217 0.0217827 0
0.920472 0.0795277 0
0.949983 0.0500168 0
0.0203429 0.979657 0
0.965684 0.0343155 0
0.971785 0.0282153 0
0.97082 0.0291802 0
0.950652 0.0493476 0
0.941116 0.0588844 0
0.966369 0.0336314 0
0.744935 0.255065 0
0.874762 0.125238 0
0.949643 0.0503566 0
0.848134 0.151866 0
0.980762 0.0192377 0
0.582453 0.417547 0
0.744803 0.255197 0
0.965474 0.0345262 0
0.917444 0.0825564 0
0.987885 0.0121154 0
0.956898 0.0431021 0
0.978163 0.0218371 0
0.986331 0.0136689 0
0.437822 0.562178 0
0.974695 0.0253046 0
0.986319 0.0136812 0
0.985187 0.0148126 0
0.974974 0.0250262 0
0.986723 0.0132771 0
0.968439 0.0315605 0
0.74469 0.25531 0
0.968075 0.0319251 0
0.962159 0.0378413 0
0.959119 0.0408808 0
0.0214915 0.978508 0
0.982596 0.017404 0
0.913665 0.0863348 0
0.732625 0.267375 0
0.974464 0.0255359 0
0.860608 0.139392 0
0.977858 0.0221421 0
0.943137 0.0568625 0
0.662086 0.337914 0
0.9798 0.0201999 0
0.901041 0.0989594 0
0.969419 0.0305809 0
0.981968 0.018032 0
0.816737 0.183263 0
0.937066 0.0629336 0
0.732207 0.267793 0
0.963978 0.0360221 0
0.965266 0.0347338 0
0.076991 0.923009 0
0.981868 0.0181322 0
0.144113 0.855887 0
0.963929 0.0360715 0
0.19599 0.80401 0
0.979966 0.020034 0
0.723587 0.276413 0
0.727203 0.272797 0
0.976627 0.0233727 0
0.965529 0.0344713 0
0.90902 0.09098 0
0.976655 0.023345 0
0.976642 0.0233581 0
0.960953 0.0390475 0
0.528815 0.471185 0
0.983243 0.0167571 0
0.979119 0.0208806 0
0.968717 0.0312833 0
0.655014 0.344986 0
0.946661 0.0533386 0
0.894359 0.105641 0
0.965725 0.0342751 0
0.986653 0.0133474 0
0.953291 0.0467094 0
0.958118 0.0418819 0
0.988527 0.0114729 0
0.986051 0.0139486 0
0.90769 0.0923097 0
0.983573 0.0164267 0
0.97001 0.0299905 0
0.763694 0.236306 0
0.986929 0.0130709 0
0.946696 0.0533041 0
0.926429 0.073571 0
0.979607 0.0203933 0
0.759923 0.240077 0
0.564008 0.435992 0
0.981627 0.0183726 0
0.75245 0.24755 0
0.983421 0.0165793 0
0.429236 0.570764 0
0.86258 0.13742 0
0.977789 0.022211 0
0.285137 0.714863 0
0.975666 0.024334 0
0.979165 0.0208349 0
0.953361 0.0466394 0
0.973999 0.0260006 0
0.917837 0.0821629 0
0.970426 0.0295739 0
0.95778 0.0422197 0
0.77514 0.22486 0
0.986126 0.0138743 0
0.975747 0.0242529 0
0.957448 0.0425515 0
0.964437 0.0355628 0
0.976979 0.0230209 0
0.985135 0.0148648 0
0.236216 0.763784 0
0.940551 0.0594494 0
0.211836 0.788164 0
0.88483 0.11517 0
0.947786 0.0522139 0
0.962844 0.0371557 0
0.971183 0.0288167 0
0.941735 0.0582647 0
0.926019 0.073981 0
0.904985 0.0950154 0
0.404652 0.595348 0
0.979676 0.0203241 0
0.971058 0.0289415 0
0.0294712 0.970529 0
0.119035 0.880965 0
0.972395 0.0276051 0
0.976322 0.0236782 0
0.983669 0.0163306 0
0.931673 0.0683274 0
0.974209 0.0257915 0
0.948454 0.0515461 0
0.979055 0.0209447 0
0.911428 0.0885718 0
0.848811 0.151189 0
0.97853 0.0214699 0
0.959584 0.0404158 0
0.965838 0.0341622 0
0.0633247 0.936675 0
0.98092 0.01908 0
0.948343 0.0516575 0
0.964327 0.0356735 0
0.978282 0.0217182 0
0.974127 0.0258734 0
0.578177 0.421823 0
0.928294 0.0717063 0
0.834601 0.165399 0
0.979731 0.0202687 0
0.973965 0.0260352 0
0.985944 0.014056 0
0.859273 0.140727 0
0.985579 0.014421 0
0.78064 0.21936 0
0.984761 0.0152389 0
0.947766 0.0522336 0
0.974201 0.0257991 0
0.942761 0.0572389 0
0.93132 0.0686802 0
0.971013 0.0289866 0
0.914035 0.0859648 0
0.982597 0.0174026 0
0.261827 0.738173 0
0.642454 0.357546 0
0.955239 0.0447606 0
0.990588 0.00941253 0
0.985326 0.0146738 0
0.914145 0.0858545 0
0.952404 0.0475959 0
0.985114 0.0148862 0
0.785159 0.214841 0
0.808376 0.191624 0
0.976519 0.0234808 0
0.988825 0.0111751 0
0.973923 0.0260771 0
0.331474 0.668526 0
0.0513077 0.948692 0
0.979609 0.020391 0
0.353289 0.646711 0
0.986615 0.0133846 0
0.967329 0.032671 0
0.97319 0.0268104 0
0.984787 0.0152129 0
0.953051 0.046949 0
0.976362 0.0236381 0
0.881034 0.118966 0
0.397723 0.602277 0
0.851648 0.148352 0
0.56213 0.43787 0
0.878248 0.121752 0
0.978617 0.0213829 0
0.524266 0.475734 0
0.617192 0.382808 0
0.973618 0.0263815 0
0.983962 0.016038 0
0.73344 0.26656 0
0.922506 0.0774938 0
0.0727924 0.927208 0
0.951658 0.0483421 0
0.867982 0.132018 0
0.983164 0.0168356 0
0.162903 0.837097 0
0.978226 0.0217744 0
0.967618 0.0323822 0
0.805893 0.194107 0
0.981044 0.0189561 0
0.682746 0.317254 0
0.832673 0.167327 0
0.330569 0.669431 0
0.983997 0.0160032 0
0.90202 0.0979802 0
0.660622 0.339378 0
0.979833 0.020167 0
0.979749 0.0202514 0
0.8599 0.1401 0
0.89996 0.10004 0
0.891964 0.108036 0
0.987308 0.0126918 0
0.957563 0.0424372 0
0.94175 0.05825 0
0.605035 0.394965 0
0.98875 0.0112501 0
0.985171 0.0148293 0
0.969981 0.030019 0
0.98184 0.0181597 0
0.969303 0.0306971 0
0.966602 0.0333983 0
0.979842 0.0201578 0
0.917844 0.0821561 0
0.260713 0.739286 0
0.973868 0.0261316 0
0.977662 0.0223385 0
0.489614 0.510386 0
0.958932 0.0410681 0
0.980227 0.019773 0
0.985036 0.0149638 0
0.98625 0.0137497 0
0.95632 0.0436801 0
0.521195 0.478805 0
0.0359103 0.96409 0
0.982814 0.0171857 0
0.969037 0.0309628 0
0.976042 0.0239584 0
0.944492 0.0555076 0
0.975964 0.0240357 0
0.910324 0.089676 0
0.518332 0.481668 0
0.979803 0.0201966 0
0.938584 0.0614159 0
0.904849 0.0951505 0
0.959133 0.0408674 0
0.953739 0.0462607 0
0.798707 0.201293 0
0.879539 0.120461 0
0.687652 0.312348 0
0.747536 0.252464 0
0.725433 0.274567 0
0.950897 0.0491026 0
0.877363 0.122637 0
0.979651 0.020349 0
0.913103 0.086897 0
0.976525 0.0234754 0
0.91268 0.0873199 0
0.918414 0.0815856 0
0.745464 0.254536 0
0.953566 0.0464341 0
0.971944 0.0280564 0
0.973855 0.0261451 0
0.914626 0.0853736 0
0.985158 0.0148419 0
0.886954 0.113046 0
0.981511 0.0184888 0
0.894992 0.105008 0
0.844374 0.155626 0
0.984477 0.0155231 0
0.839369 0.160631 0
0.981817 0.0181829 0
0.974501 0.0254994 0
0.889305 0.110694 0
0.976907 0.0230934 0
0.977908 0.022092 0
0.859733 0.140267 0
0.911743 0.0882567 0
0.949349 0.0506508 0
0.965987 0.0340131 0
0.804607 0.195393 0
0.951346 0.0486544 0
0.938241 0.0617588 0
0.694432 0.305568 0
0.627192 0.372808 0
0.946217 0.0537833 0
0.981669 0.0183308 0
0.917109 0.0828905 0
0.693527 0.306473 0
0.978554 0.0214463 0
0.981498 0.0185022 0
0.439435 0.560565 0
0.0742607 0.925739 0
0.977539 0.0224612 0
0.987972 0.0120279 0
0.319409 0.680591 0
0.98479 0.0152104 0
0.902216 0.0977842 0
0.972287 0.0277127 0
0.817534 0.182466 0
0.959627 0.0403727 0
0.978268 0.0217316 0
0.99058 0.00942004 0
0.869631 0.130369 0
0.745078 0.254922 0
0.863378 0.136622 0
0.982435 0.017565 0
0.942824 0.057176 0
0.965941 0.0340594 0
0.867366 0.132634 0
0.930673 0.0693266 0
0.872587 0.127413 0
0.930393 0.0696066 0
0.859589 0.140411 0
0.219611 0.780389 0
0.97499 0.0250105 0
0.945201 0.054799 0
0.807351 0.192649 0
0.888221 0.111779 0
0.548648 0.451352 0
0.24997 0.75003 0
0.732021 0.267979 0
0.980532 0.0194684 0
0.946855 0.0531447 0
0.927653 0.0723472 0
0.976934 0.0230655 0
0.886094 0.113906 0
0.981347 0.0186532 0
0.915519 0.0844807 0
0.959799 0.0402012 0
0.965791 0.0342089 0
0.941622 0.0583783 0
0.51523 0.48477 0
0.918513 0.0814874 0
0.979967 0.0200329 0
0.979542 0.0204576 0
0.968016 0.0319836 0
0.944331 0.0556686 0
0.206282 0.793718 0
0.889129 0.110871 0
0.979618 0.0203822 0
0.981022 0.0189779 0
0.929668 0.0703325 0
0.97697 0.0230304 0
0.984142 0.015858 0
0.969912 0.0300883 0
0.984107 0.0158934 0
0.0654569 0.934543 0
0.699957 0.300043 0
0.941765 0.0582351 0
0.978549 0.0214512 0
0.971161 0.0288391 0
0.972126 0.0278741 0
0.655904 0.344096 0
0.439711 0.560289 0
0.974406 0.0255944 0
0.539557 0.460443 0
0.981454 0.0185455 0
0.359225 0.640775 0
0.962143 0.0378575 0
0.794351 0.205649 0
0.975646 0.0243537 0
0.738981 0.261019 0
0.929419 0.0705811 0
0.982133 0.0178671 0
0.84999 0.15001 0
0.899753 0.100247 0
0.984094 0.0159065 0
0.632843 0.367157 0
0.820892 0.179108 0
0.945982 0.0540179 0
0.671574 0.328427 0
0.985492 0.0145076 0
0.943968 0.0560318 0
0.976173 0.0238275 0
0.962646 0.0373544 0
0.901644 0.0983562 0
0.985974 0.014026 0
0.980995 0.0190052 0
0.987436 0.0125641 0
0.934677 0.0653233 0
0.934087 0.0659127 0
0.770264 0.229736 0
0.458367 0.541633 0
0.977228 0.0227719 0
0.982726 0.0172736 0
0.976375 0.0236247 0
0.98031 0.0196901 0
0.972813 0.0271873 0
0.978871 0.0211288 0
0.659643 0.340357 0
0.752839 0.247161 0
0.966178 0.0338222 0
0.945002 0.0549979 0
0.595244 0.404756 0
0.915257 0.0847427 0
0.867087 0.132913 0
0.940917 0.059083 0
0.95634 0.0436602 0
0.966834 0.0331659 0
0.956291 0.0437091 0
0.931767 0.0682326 0
0.929787 0.0702128 0
0.914262 0.0857377 0
0.979843 0.0201566 0
0.985757 0.0142432 0
0.976582 0.023418 0
0.964303 0.035697 0
0.979227 0.0207732 0
0.915487 0.0845125 0
0.93559 0.0644095 0
0.892561 0.107439 0
0.979725 0.0202753 0
0.965335 0.034665 0
0.928651 0.071349 0
0.7579 0.2421 0
0.875801 0.124199 0
0.85491 0.14509 0
0.965646 0.0343539 0
0.182026 0.817974 0
0.979228 0.0207719 0
0.905254 0.0947456 0
0.961335 0.0386653 0
0.980276 0.0197241 0
0.987124 0.0128756 0
0.428388 0.571612 0
0.96816 0.0318403 0
0.868466 0.131534 0
0.980675 0.0193246 0
0.880266 0.119734 0
0.982848 0.0171522 0
0.921492 0.0785077 0
0.728004 0.271996 0
0.97783 0.02217 0
0.972782 0.0272179 0
0.886594 0.113406 0
0.407284 0.592716 0
0.746774 0.253226 0
0.82415 0.17585 0
0.958438 0.0415618 0
0.969367 0.0306334 0
0.951601 0.0483987 0
0.727492 0.272508 0
0.739067 0.260933 0
0.915527 0.0844728 0
0.978039 0.0219612 0
0.899234 0.100766 0
0.97074 0.0292604 0
0.97799 0.02201 0
0.860465 0.139535 0
0.952547 0.0474532 0
0.871507 0.128493 0
0.463354 0.536646 0
0.9856 0.0143999 0
0.959956 0.0400439 0
0.978548 0.0214524 0
0.911244 0.0887562 0
0.736766 0.263234 0
0.98057 0.0194297 0
0.990054 0.00994565 0
0.971289 0.0287114 0
0.727004 0.272996 0
0.926145 0.0738554 0
0.814564 0.185436 0
0.976836 0.0231643 0
0.971317 0.0286828 0
0.975992 0.0240079 0
0.217335 0.782665 0
0.965347 0.0346531 0
0.691776 0.308224 0
0.699462 0.300538 0
0.979809 0.0201907 0
0.983863 0.0161371 0
0.972238 0.0277623 0
0.964154 0.0358458 0
0.823429 0.176571 0
0.970108 0.0298919 0
0.814162 0.185838 0
0.97229 0.0277099 0
0.983587 0.0164128 0
0.987722 0.0122782 0
0.854798 0.145202 0
0.984613 0.0153868 0
0.974064 0.0259365 0
0.960721 0.0392791 0
0.963311 0.0366885 0
0.986556 0.0134436 0
0.94415 0.0558498 0
0.984532 0.0154681 0
0.960918 0.039082 0
0.68061 0.31939 0
0.929893 0.0701071 0
0.899176 0.100824 0
0.893215 0.106785 0
0.958853 0.0411467 0
0.972849 0.0271514 0
0.987603 0.0123968 0
0.957759 0.0422405 0
0.945932 0.0540677 0
0.977235 0.0227648 0
0.903855 0.0961451 0
0.979265 0.0207349 0
0.986952 0.0130485 0
0.984226 0.0157741 0
0.952105 0.0478952 0
0.984201 0.0157994 0
0.615013 0.384987 0
0.863176 0.136824 0
0.983215 0.0167853 0
0.958742 0.0412576 0
0.982766 0.0172337 0
0.816496 0.183504 0
0.98258 0.0174196 0
0.843874 0.156126 0
0.981028 0.0189716 0
0.852406 0.147594 0
0.982666 0.0173339 0
0.98613 0.0138696 0
0.953013 0.0469868 0
0.885047 0.114953 0
0.968152 0.0318479 0
0.978779 0.0212208 0
0.765145 0.234855 0
0.981905 0.0180953 0
0.985284 0.0147161 0
0.972769 0.0272314 0
0.98045 0.0195504 0
0.822364 0.177636 0
0.817078 0.182922 0
0.977776 0.0222242 0
0.942037 0.0579628 0
0.752446 0.247554 0
0.968038 0.0319625 0
0.906602 0.0933976 0
0.863737 0.136263 0
0.912216 0.0877841 0
0.961756 0.0382439 0
0.943083 0.0569168 0
0.0925442 0.907456 0
0.443237 0.556763 0
0.923834 0.076166 0
0.86973 0.13027 0
0.780918 0.219082 0
0.960041 0.0399592 0
0.883056 0.116944 0
0.985611 0.0143894 0
0.955342 0.0446576 0
0.972413 0.0275868 0
0.967795 0.032205 0
0.0338457 0.966154 0
0.760463 0.239537 0
0.244173 0.755827 0
0.693188 0.306812 0
0.981015 0.0189852 0
0.982979 0.017021 0
0.985522 0.0144781 0
0.985161 0.014839 0
0.575967 0.424033 0
0.959571 0.040429 0
0.382847 0.617153 0
0.0686943 0.931306 0
0.965312 0.0346878 0
0.92562 0.0743799 0
0.589261 0.410739 0
0.981625 0.0183749 0
0.470107 0.529893 0
0.97781 0.0221902 0
0.93154 0.06846 0
0.020321 0.979679 1
0.106398 0.893602 1
0.854263 0.145737 1
0.073824 0.926176 1
0.138587 0.861413 1
0.278538 0.721462 1
0.142732 0.857268 1
0.0305358 0.969464 1
0.517906 0.482094 1
0.208151 0.791849 1
0.0301519 0.969848 1
0.880748 0.119252 1
0.0292128 0.970787 1
0.340788 0.659212 1
0.0205589 0.979441 1
0.250042 0.749958 1
0.29919 0.70081 1
0.0785362 0.921464 1
0.133595 0.866405 1
0.807226 0.192774 1
0.0992499 0.90075 1
0.0302991 0.969701 1
0.0797624 0.920238 1
0.266727 0.733273 1
0.0292326 0.970767 1
0.123701 0.876299 1
0.0792828 0.920717 1
0.0323953 0.967605 1
0.160406 0.839594 1
0.0828454 0.917155 1
0.0443014 0.955699 1
0.129911 0.870089 1
0.149963 0.850037 1
0.0136352 0.986365 1
0.125733 0.874267 1
0.0417401 0.95826 1
0.0579673 0.942033 1
0.0439408 0.956059 1
0.018286 0.981714 1
0.124213 0.875787 1
0.0711283 0.928872 1
0.204791 0.795209 1
0.0286978 0.971302 1
0.836545 0.163455 1
0.0174898 0.98251 1
0.127575 0.872425 1
0.0208531 0.979147 1
0.609653 0.390347 1
0.684171 0.315829 1
0.830558 0.169442 1
0.0218233 0.978177 1
0.165916 0.834084 1
0.730584 0.269416 1
0.0183364 0.981664 1
0.580838 0.419162 1
0.487051 0.512949 1
0.0612294 0.938771 1
0.0490074 0.950993 1
0.117578 0.882422 1
0.235536 0.764464 1
0.194472 0.805528 1
0.185445 0.814555 1
0.0251637 0.974836 1
0.031288 0.968712 1
0.0794415 0.920559 1
0.670746 0.329254 1
0.0739747 0.926025 1
0.149374 0.850626 1
0.10095 0.89905 1
0.0282092 0.971791 1
0.0517417 0.948258 1
0.0381013 0.961899 1
0.112257 0.887743 1
0.253713 0.746287 1
0.93578 0.0642196 1
0.0720564 0.927944 1
0.0242936 0.975706 1
0.185556 0.814444 1
0.0128861 0.987114 1
0.0249263 0.975074 1
0.0488861 0.951114 1
0.207594 0.792406 1
0.842626 0.157374 1
0.0134802 0.98652 1
0.635174 0.364826 1
0.139856 0.860144 1
0.111263 0.888737 1
0.0195438 0.980456 1
0.181765 0.818235 1
0.312082 0.687918 1
0.0495739 0.950426 1
0.0134938 0.986506 1
0.210328 0.789672 1
0.128632 0.871368 1
0.0303369 0.969663 1
0.03384 0.96616 1
0.014017 0.985983 1
0.820584 0.179416 1
0.0817168 0.918283 1
0.380904 0.619096 1
0.0495843 0.950416 1
0.0511781 0.948822 1
0.806488 0.193512 1
0.0415746 0.958425 1
0.051081 0.948919 1
0.360276 0.639724 1
0.0328781 0.967122 1
0.0884163 0.911584 1
0.0551115 0.944888 1
0.232749 0.767251 1
0.0338708 0.966129 1
0.0922009 0.907799 1
0.826524 0.173476 1
0.0590442 0.940956 1
0.257348 0.742652 1
0.0290812 0.970919 1
0.019768 0.980232 1
0.0406482 0.959352 1
0.0314488 0.968551 1
0.0434006 0.956599 1
0.132713 0.867287 1
0.0952166 0.904783 1
0.0493455 0.950655 1
0.584395 0.415605 1
0.0360472 0.963953 1
0.345223 0.654777 1
0.981061 0.0189393 1
0.0172284 0.982772 1
0.0191426 0.980857 1
0.119087 0.880913 1
0.0211246 0.978875 1
0.0729836 0.927016 1
0.0378967 0.962103 1
0.038691 0.961309 1
0.0441189 0.955881 1
0.043836 0.956164 1
0.0197248 0.980275 1
0.0164904 0.98351 1
0.0140601 0.98594 1
0.303256 0.696744 1
0.0125305 0.98747 1
0.162853 0.837147 1
0.134297 0.865703 1
0.43102 0.56898 1
0.0466593 0.953341 1
0.0296305 0.970369 1
0.0594304 0.94057 1
0.0170699 0.98293 1
0.334139 0.665861 1
0.743806 0.256194 1
0.0168315 0.983168 1
0.0178788 0.982121 1
0.0193235 0.980677 1
0.0244379 0.975562 1
0.668544 0.331456 1
0.350728 0.649272 1
0.215587 0.784413 1
0.0530232 0.946977 1
0.192306 0.807694 1
0.060886 0.939114 1
0.0823506 0.917649 1
0.0675179 0.932482 1
0.140298 0.859702 1
0.0528571 0.947143 1
0.135803 0.864197 1
0.0670849 0.932915 1
0.939869 0.0601309 1
0.932183 0.0678173 1
0.0541934 0.945807 1
0.0637496 0.93625 1
0.0172128 0.982787 1
0.0931921 0.906808 1
0.888075 0.111925 1
0.0693224 0.930678 1
0.310142 0.689858 1
0.0343833 0.965617 1
0.122398 0.877602 1
0.962825 0.0371751 1
0.0272728 0.972727 1
0.396487 0.603513 1
0.0374387 0.962561 1
0.780364 0.219636 1
0.0271289 0.972871 1
0.0373621 0.962638 1
0.277603 0.722397 1
0.108049 0.891951 1
0.0454847 0.954515 1
0.572786 0.427214 1
0.0543277 0.945672 1
0.135064 0.864936 1
0.0308154 0.969185 1
0.210613 0.789388 1
0.686241 0.313759 1
0.0544501 0.94555 1
0.654815 0.345185 1
0.755219 0.244781 1
0.30785 0.69215 1
0.0482431 0.951757 1
0.0423749 0.957625 1
0.188297 0.811703 1
0.0991769 0.900823 1
0.0546219 0.945378 1
0.0266385 0.973362 1
0.0749318 0.925068 1
0.337816 0.662184 1
0.0182563 0.981744 1
0.0147578 0.985242 1
0.319247 0.680753 1
0.302697 0.697303 1
0.0741438 0.925856 1
0.0344111 0.965589 1
0.0186596 0.98134 1
0.895088 0.104913 1
0.246615 0.753385 1
0.0605288 0.939471 1
0.0192971 0.980703 1
0.860224 0.139776 1
0.155642 0.844358 1
0.0470121 0.952988 1
0.0143537 0.985646 1
0.055484 0.944516 1
0.0353404 0.96466 1
0.0201816 0.979818 1
0.547194 0.452806 1
0.0176624 0.982338 1
0.17949 0.82051 1
0.0390866 0.960913 1
0.550547 0.449453 1
0.104667 0.895333 1
0.826105 0.173895 1
0.074266 0.925734 1
0.0606095 0.939391 1
0.257787 0.742213 1
0.0379778 0.962022 1
0.0839052 0.916095 1
0.0392592 0.960741 1
0.102002 0.897998 1
0.322583 0.677417 1
0.156672 0.843328 1
0.0309611 0.969039 1
0.406018 0.593982 1
0.913695 0.0863046 1
0.0974173 0.902583 1
0.050286 0.949714 1
0.123349 0.876651 1
0.419982 0.580018 1
0.455211 0.544789 1
0.0139881 0.986012 1
0.0322673 0.967733 1
0.0171917 0.982808 1
0.0163657 0.983634 1
0.200877 0.799123 1
0.0869841 0.913016 1
0.0270352 0.972965 1
0.49088 0.50912 1
0.441135 0.558865 1
0.0453743 0.954626 1
0.183648 0.816352 1
0.0218615 0.978138 1
0.984224 0.0157761 1
0.0226985 0.977302 1
0.129073 0.870927 1
0.319309 0.680691 1
0.113498 0.886502 1
0.0467457 0.953254 1
0.0332106 0.966789 1
0.022336 0.977664 1
0.0170511 0.982949 1
0.817345 0.182655 1
0.152101 0.847899 1
0.122895 0.877105 1
0.784428 0.215572 1
0.790865 0.209135 1
0.939286 0.060714 1
0.0280408 0.971959 1
0.0347888 0.965211 1
0.0452203 0.95478 1
0.0650931 0.934907 1
0.0195836 0.980416 1
0.0517665 0.948233 1
0.0194859 0.980514 1
0.0205249 0.979475 1
0.17175 0.82825 1
0.0483269 0.951673 1
0.108072 0.891928 1
0.0159134 0.984087 1
0.0290542 0.970946 1
0.52151 0.47849 1
0.0288259 0.971174 1
0.05221 0.94779 1
0.0707443 0.929256 1
0.0383256 0.961674 1
0.32181 0.67819 1
0.0329162 0.967084 1
0.0625504 0.93745 1
0.381104 0.618896 1
0.0338763 0.966124 1
0.361426 0.638574 1
0.0262143 0.973786 1
0.199168 0.800832 1
0.0605042 0.939496 1
0.545354 0.454646 1
0.0192306 0.980769 1
0.0637371 0.936263 1
0.0184173 0.981583 1
0.0875997 0.9124 1
0.296411 0.703589 1
0.0438886 0.956111 1
0.0953145 0.904685 1
0.076474 0.923526 1
0.0372228 0.962777 1
0.81444 0.18556 1
0.124604 0.875396 1
0.0345278 0.965472 1
0.762604 0.237396 1
0.413647 0.586353 1
0.703342 0.296658 1
0.0206733 0.979327 1
0.920804 0.0791961 1
0.163293 0.836707 1
0.572583 0.427417 1
0.0468094 0.953191 1
0.200338 0.799662 1
0.0219369 0.978063 1
0.549857 0.450143 1
0.125495 0.874505 1
0.470979 0.529021 1
0.0311751 0.968825 1
0.0172282 0.982772 1
0.0465364 0.953464 1
0.0259209 0.974079 1
0.0751061 0.924894 1
0.0222465 0.977754 1
0.854329 0.145671 1
0.279895 0.720105 1
0.199197 0.800803 1
0.0664632 0.933537 1
0.171535 0.828465 1
0.0192681 0.980732 1
0.0770893 0.922911 1
0.442408 0.557592 1
0.0496983 0.950302 1
0.210859 0.789141 1
0.382204 0.617796 1
0.406329 0.593671 1
0.0251383 0.974862 1
0.0174035 0.982597 1
0.427372 0.572628 1
0.0726187 0.927381 1
0.0166878 0.983312 1
0.214561 0.785439 1
0.191083 0.808917 1
0.0214398 0.97856 1
0.491258 0.508742 1
0.696606 0.303394 1
0.123976 0.876024 1
0.0588696 0.94113 1
0.891356 0.108644 1
0.0141013 0.985899 1
0.0380046 0.961995 1
0.507514 0.492486 1
0.103693 0.896307 1
0.534313 0.465687 1
0.0320057 0.967994 1
0.0355777 0.964422 1
0.119098 0.880902 1
0.0462897 0.95371 1
0.184022 0.815978 1
0.35536 0.64464 1
0.0792051 0.920795 1
0.58455 0.41545 1
0.870958 0.129042 1
0.192908 0.807092 1
0.953408 0.0465922 1
0.0330801 0.96692 1
0.484742 0.515258 1
0.0549758 0.945024 1
0.730225 0.269775 1
0.630995 0.369005 1
0.0370606 0.962939 1
0.320226 0.679774 1
0.0150794 0.984921 1
0.0744099 0.92559 1
0.0167996 0.9832 1
0.0363104 0.96369 1
0.0622343 0.937766 1
0.103269 0.896731 1
0.954051 0.0459493 1
0.290247 0.709753 1
0.0141814 0.985819 1
0.0712577 0.928742 1
0.513041 0.486959 1
0.0179283 0.982072 1
0.0186488 0.981351 1
0.179377 0.820623 1
0.47649 0.52351 1
0.0143244 0.985676 1
0.266012 0.733988 1
0.509547 0.490453 1
0.103787 0.896213 1
0.15671 0.84329 1
0.109025 0.890975 1
0.017406 0.982594 1
0.0229399 0.97706 1
0.0227122 0.977288 1
0.453238 0.546762 1
0.0223527 0.977647 1
0.0867395 0.91326 1
0.381591 0.618409 1
0.0510417 0.948958 1
0.308278 0.691722 1
0.662104 0.337896 1
0.841032 0.158968 1
0.589012 0.410988 1
0.483888 0.516112 1
0.557581 0.442419 1
0.0615573 0.938443 1
0.0204409 0.979559 1
0.0973611 0.902639 1
0.0369345 0.963065 1
0.0629911 0.937009 1
0.144638 0.855362 1
0.0933433 0.906657 1
0.0268643 0.973136 1
0.0887258 0.911274 1
0.0201789 0.979821 1
0.659671 0.340329 1
0.0841916 0.915808 1
0.045466 0.954534 1
0.0771841 0.922816 1
0.736018 0.263982 1
0.0158207 0.984179 1
0.186066 0.813934 1
0.018026 0.981974 1
0.0300029 0.969997 1
0.644938 0.355062 1
0.291004 0.708996 1
0.0612025 0.938797 1
0.0252618 0.974738 1
0.0333769 0.966623 1
0.93911 0.0608903 1
0.0452665 0.954733 1
0.0458219 0.954178 1
0.899468 0.100532 1
0.17236 0.82764 1
0.64314 0.35686 1
0.0517178 0.948282 1
0.294488 0.705512 1
0.0279303 0.97207 1
0.0206068 0.979393 1
0.0363482 0.963652 1
0.899826 0.100174 1
0.0207348 0.979265 1
0.0254508 0.974549 1
0.393589 0.606411 1
0.0348269 0.965173 1
0.177651 0.822349 1
0.881446 0.118554 1
0.131661 0.868339 1
0.0322574 0.967743 1
0.0210784 0.978922 1
0.05506 0.94494 1
0.0195028 0.980497 1
0.260007 0.739993 1
0.584679 0.415321 1
0.0542431 0.945757 1
0.431213 0.568787 1
0.0729 0.9271 1
0.20087 0.79913 1
0.0147835 0.985216 1
0.240039 0.759961 1
0.0396832 0.960317 1
0.37363 0.62637 1
0.1119 0.8881 1
0.266248 0.733752 1
0.493233 0.506767 1
0.0401826 0.959817 1
0.0179558 0.982044 1
0.0481021 0.951898 1
0.147993 0.852007 1
0.049074 0.950926 1
0.386559 0.613441 1
0.0552402 0.94476 1
0.679173 0.320827 1
0.0164108 0.983589 1
0.0716479 0.928352 1
0.0209232 0.979077 1
0.0292074 0.970793 1
0.343118 0.656882 1
0.0298185 0.970181 1
0.0175755 0.982425 1
0.0341599 0.96584 1
0.293224 0.706776 1
0.340112 0.659888 1
0.0215037 0.978496 1
0.0340765 0.965923 1
0.926548 0.0734524 1
0.946939 0.0530612 1
0.149832 0.850168 1
0.263181 0.736819 1
0.0132929 0.986707 1
0.197259 0.802741 1
0.0224044 0.977596 1
0.0869926 0.913007 1
0.0495541 0.950446 1
0.257447 0.742553 1
0.423255 0.576745 1
0.400454 0.599546 1
0.0531521 0.946848 1
0.017297 0.982703 1
0.164905 0.835095 1
0.260622 0.739378 1
0.0582187 0.941781 1
0.568469 0.431531 1
0.0674215 0.932579 1
0.0363538 0.963646 1
0.0166175 0.983383 1
0.0299718 0.970028 1
0.0225492 0.977451 1
0.36448 0.63552 1
0.11319 0.88681 1
0.13164 0.86836 1
0.49189 0.50811 1
0.266593 0.733407 1
0.0445317 0.955468 1
0.056328 0.943672 1
0.348262 0.651738 1
0.329194 0.670806 1
0.0393679 0.960632 1
0.349614 0.650386 1
0.673204 0.326796 1
0.0166688 0.983331 1
0.135033 0.864967 1
0.234335 0.765665 1
0.0437714 0.956229 1
0.569928 0.430072 1
0.317239 0.682761 1
0.0223442 0.977656 1
0.193238 0.806762 1
0.0345479 0.965452 1
0.0430134 0.956987 1
0.45594 0.54406 1
0.565816 0.434184 1
0.0515007 0.948499 1
0.0296938 0.970306 1
0.131501 0.868499 1
0.0946873 0.905313 1
0.0465627 0.953437 1
0.0250545 0.974946 1
0.0353034 0.964697 1
0.0146166 0.985383 1
0.228805 0.771195 1
0.0687219 0.931278 1
0.0271635 0.972837 1
0.0210943 0.978906 1
0.138021 0.861979 1
0.160147 0.839853 1
0.908341 0.0916593 1
0.0116091 0.988391 1
0.0755614 0.924439 1
0.182452 0.817548 1
0.505791 0.494209 1
0.0396667 0.960333 1
0.0276928 0.972307 1
0.157936 0.842064 1
0.020931 0.979069 1
0.0642687 0.935731 1
0.0242142 0.975786 1
0.864128 0.135872 1
0.0374706 0.962529 1
0.950659 0.0493406 1
0.253906 0.746094 1
0.246112 0.753887 1
0.041499 0.958501 1
0.118133 0.881867 1
0.0185049 0.981495 1
0.0400008 0.959999 1
0.119478 0.880522 1
0.036883 0.963117 1
0.0404105 0.95959 1
0.0236012 0.976399 1
0.0395432 0.960457 1
0.3628 0.6372 1
0.0513585 0.948641 1
0.0240214 0.975979 1
0.0720632 0.927937 1
0.81819 0.18181 1
0.142704 0.857296 1
0.0389265 0.961074 1
0.0190163 0.980984 1
0.0165307 0.983469 1
0.14974 0.85026 1
0.195156 0.804844 1
0.313313 0.686687 1
0.257547 0.742453 1
0.0893328 0.910667 1
0.525022 0.474978 1
0.0175183 0.982482 1
0.0247093 0.975291 1
0.189202 0.810798 1
0.0271227 0.972877 1
0.255704 0.744296 1
0.933213 0.0667875 1
0.64649 0.35351 1
0.120579 0.879421 1
0.0198901 0.98011 1
0.0728941 0.927106 1
0.316826 0.683174 1
0.0274282 0.972572 1
0.459722 0.540278 1
0.0464463 0.953554 1
0.0378403 0.96216 1
0.0398527 0.960147 1
0.0679319 0.932068 1
0.0189755 0.981025 1
0.0135419 0.986458 1
0.0237654 0.976235 1
0.949413 0.0505867 1
0.0308688 0.969131 1
0.0399771 0.960023 1
0.710527 0.289473 1
0.382903 0.617097 1
0.121829 0.878171 1
0.114222 0.885778 1
0.309865 0.690135 1
0.0250812 0.974919 1
0.0571681 0.942832 1
0.301651 0.698349 1
0.0362495 0.963751 1
0.0913868 0.908613 1
0.0340079 0.965992 1
0.811543 0.188457 1
0.059706 0.940294 1
0.30557 0.69443 1
0.029993 0.970007 1
0.123451 0.876549 1
0.0143866 0.985613 1
0.0205028 0.979497 1
0.454949 0.545051 1
0.178253 0.821747 1
0.131526 0.868474 1
0.0177612 0.982239 1
0.187326 0.812674 1
0.690729 0.309271 1
0.0397296 0.96027 1
0.0299586 0.970041 1
0.043683 0.956317 1
0.0219122 0.978088 1
0.0167974 0.983203 1
0.900016 0.0999843 1
0.0694512 0.930549 1
0.0436433 0.956357 1
0.0591513 0.940849 1
0.0311074 0.968893 1
0.036204 0.963796 1
0.169891 0.830109 1
0.0306249 0.969375 1
0.0332327 0.966767 1
0.105944 0.894056 1
0.0258219 0.974178 1
0.0175304 0.98247 1
0.0500647 0.949935 1
0.0428238 0.957176 1
0.720828 0.279172 1
0.0490737 0.950926 1
0.0527358 0.947264 1
0.0148411 0.985159 1
0.0520276 0.947972 1
0.518496 0.481504 1
0.202687 0.797313 1
0.143312 0.856688 1
0.0242037 0.975796 1
0.0377671 0.962233 1
0.0609825 0.939018 1
0.0614603 0.93854 1
0.0312323 0.968768 1
0.0527834 0.947217 1
0.347813 0.652187 1
0.86644 0.13356 1
0.0262066 0.973793 1
0.0262715 0.973729 1
0.712495 0.287505 1
0.499326 0.500674 1
0.726113 0.273887 1
0.0236159 0.976384 1
0.0414753 0.958525 1
0.072824 0.927176 1
0.017382 0.982618 1
0.915679 0.0843214 1
0.0299497 0.97005 1
0.125152 0.874848 1
0.061247 0.938753 1
0.0460582 0.953942 1
0.0553199 0.94468 1
0.0435043 0.956496 1
0.0186633 0.981337 1
0.0296862 0.970314 1
0.026328 0.973672 1
0.839648 0.160352 1
0.0545083 0.945492 1
0.0381227 0.961877 1
0.267784 0.732216 1
0.139109 0.860891 1
0.0574794 0.94252 1
0.0343749 0.965625 1
0.0269746 0.973025 1
0.0822395 0.91776 1
0.41503 0.58497 1
0.246588 0.753412 1
0.384738 0.615262 1
0.156306 0.843694 1
0.0575413 0.942459 1
0.106247 0.893753 1
0.0166596 0.98334 1
0.0696329 0.930367 1
0.0580085 0.941992 1
0.811228 0.188772 1
0.204352 0.795648 1
0.224052 0.775948 1
0.0417432 0.958257 1
0.0320819 0.967918 1
0.912734 0.0872656 1
0.773618 0.226382 1
0.015751 0.984249 1
0.356493 0.643507 1
0.0623381 0.937662 1
0.0241104 0.97589 1
0.0303848 0.969615 1
0.016433 0.983567 1
0.255203 0.744797 1
0.25278 0.74722 1
0.0209828 0.979017 1
0.052504 0.947496 1
0.754763 0.245237 1
0.0950893 0.904911 1
0.0379945 0.962005 1
0.0724906 0.927509 1
0.0470533 0.952947 1
0.0310722 0.968928 1
0.0203805 0.97962 1
0.953177 0.0468232 1
0.0142672 0.985733 1
0.0192336 0.980766 1
0.802326 0.197674 1
0.164113 0.835887 1
0.042051 0.957949 1
0.0831567 0.916843 1
0.0173779 0.982622 1
0.0365555 0.963444 1
0.0705756 0.929424 1
0.0774824 0.922518 1
0.309574 0.690426 1
0.28557 0.71443 1
0.228431 0.771569 1
0.67015 0.32985 1
0.0194164 0.980584 1
0.119588 0.880412 1
0.740033 0.259967 1
0.429295 0.570705 1
0.0262787 0.973721 1
0.844041 0.155959 1
0.205256 0.794744 1
0.194129 0.805871 1
0.301541 0.698459 1
0.254083 0.745917 1
0.0350001 0.965 1
0.144556 0.855444 1
0.0807305 0.91927 1
0.0405586 0.959441 1
0.788967 0.211033 1
0.0922819 0.907718 1
0.0133347 0.986665 1
0.049713 0.950287 1
0.261166 0.738834 1
0.0274359 0.972564 1
0.821957 0.178043 1
0.0642907 0.935709 1
0.0249817 0.975018 1
0.0247715 0.975229 1
0.0145872 0.985413 1
0.169511 0.830489 1
0.194478 0.805522 1
0.0523234 0.947677 1
0.0473752 0.952625 1
0.078546 0.921454 1
0.29644 0.70356 1
0.0276236 0.972376 1
0.032219 0.967781 1
0.458256 0.541744 1
0.0399816 0.960019 1
0.0189926 0.981007 1
0.686541 0.313459 1
0.0923968 0.907603 1
0.04324 0.95676 1
0.0581899 0.94181 1
0.344564 0.655436 1
0.205139 0.794861 1
0.582271 0.417729 1
0.214423 0.785577 1
0.0722332 0.927767 1
0.765751 0.234249 1
0.285461 0.714539 1
0.702965 0.297035 1
0.833521 0.166478 1
0.0140503 0.98595 1
0.0909684 0.909032 1
0.343397 0.656603 1
0.0165618 0.983438 1
0.855047 0.144953 1
0.0446364 0.955364 1
0.0144719 0.985528 1
0.0852206 0.914779 1
0.614966 0.385034 1
0.0483997 0.9516 1
0.0201153 0.979885 1
0.722001 0.277999 1
0.209824 0.790176 1
0.13313 0.86687 1
0.261759 0.738241 1
0.0120678 0.987932 1
0.0249453 0.975055 1
0.115124 0.884876 1
0.0450149 0.954985 1
0.0488737 0.951126 1
0.166696 0.833304 1
0.956321 0.043679 1
0.638185 0.361815 1
0.321537 0.678463 1
0.382658 0.617342 1
0.0512309 0.948769 1
0.122072 0.877928 1
0.0558917 0.944108 1
0.0696799 0.93032 1
0.129408 0.870592 1
0.0937611 0.906239 1
0.0503665 0.949633 1
0.0193995 0.980601 1
0.017103 0.982897 1
0.263246 0.736754 1
0.02042 0.97958 1
0.0333693 0.966631 1
0.0323839 0.967616 1
0.541872 0.458128 1
0.0222329 0.977767 1
0.0825438 0.917456 1
0.907256 0.0927436 1
0.978694 0.0213058 1
0.030624 0.969376 1
0.0379477 0.962052 1
0.16291 0.83709 1
0.477478 0.522522 1
0.0146891 0.985311 1
0.0213578 0.978642 1
0.725237 0.274763 1
0.599804 0.400196 1
0.0482732 0.951727 1
0.0186047 0.981395 1
0.0664708 0.933529 1
0.0322585 0.967741 1
0.0207674 0.979233 1
0.0177393 0.982261 1
0.124083 0.875917 1
0.566483 0.433517 1
0.0347682 0.965232 1
0.0802556 0.919744 1
0.167338 0.832661 1
0.520798 0.479202 1
0.0515148 0.948485 1
0.164497 0.835503 1
0.0947922 0.905208 1
0.0210658 0.978934 1
0.0380866 0.961913 1
0.0186646 0.981335 1
0.0417469 0.958253 1
0.064605 0.935395 1
0.0171595 0.982841 1
0.0891299 0.91087 1
0.0172333 0.982767 1
0.0214538 0.978546 1
0.0150523 0.984948 1
0.0437715 0.956229 1
0.0338829 0.966117 1
0.11204 0.88796 1
0.0178245 0.982176 1
0.954123 0.0458767 1
0.0661326 0.933867 1
0.0214208 0.978579 1
0.0373256 0.962674 1
0.0328575 0.967142 1
0.0201272 0.979873 1
0.123175 0.876825 1
0.413864 0.586136 1
0.189329 0.810671 1
0.119222 0.880778 1
0.0159359 0.984064 1
0.264066 0.735934 1
0.87001 0.12999 1
0.1076 0.8924 1
0.0203697 0.97963 1
0.0212842 0.978716 1
0.02096 0.97904 1
0.173471 0.826528 1
0.290213 0.709787 1
0.0320096 0.96799 1
0.636734 0.363266 1
0.358505 0.641495 1
0.131279 0.868721 1
0.638415 0.361585 1
0.113332 0.886668 1
0.120973 0.879027 1
0.0195509 0.980449 1
0.400397 0.599603 1
0.0689763 0.931024 1
0.0242974 0.975703 1
0.0149291 0.985071 1
0.174603 0.825397 1
0.519219 0.480781 1
0.0608677 0.939132 1
0.0143672 0.985633 1
0.0349295 0.96507 1
0.0516402 0.94836 1
0.447528 0.552472 1
0.548133 0.451867 1
0.0595122 0.940488 1
0.352531 0.647469 1
0.115628 0.884372 1
0.0318922 0.968108 1
0.819502 0.180498 1
0.130642 0.869358 1
0.311093 0.688907 1
0.0319572 0.968043 1
0.944987 0.055013 1
0.167712 0.832288 1
0.0871534 0.912847 1
0.0207683 0.979232 1
0.0145734 0.985427 1
0.0485255 0.951474 1
0.0222989 0.977701 1
0.0207738 0.979226 1
0.021433 0.978567 1
0.0372911 0.962709 1
0.0143415 0.985658 1
0.0357339 0.964266 1
0.272059 0.727941 1
0.0355646 0.964435 1
0.0343147 0.965685 1
0.0332817 0.966718 1
0.629871 0.370129 1
0.0646004 0.9354 1
0.0423051 0.957695 1
0.548493 0.451507 1
0.0543013 0.945699 1
0.128533 0.871467 1
0.0585274 0.941473 1
0.542847 0.457152 1
0.052623 0.947377 1
0.0300432 0.969957 1
0.928844 0.0711565 1
0.0498427 0.950157 1
0.113361 0.886639 1
0.235087 0.764913 1
0.218358 0.781642 1
0.218151 0.781849 1
0.251587 0.748413 1
0.0965954 0.903405 1
0.0233243 0.976676 1
0.022324 0.977676 1
0.126726 0.873274 1
0.0340507 0.965949 1
0.202916 0.797084 1
0.796754 0.203246 1
0.142305 0.857695 1
0.152468 0.847532 1
0.0824381 0.917562 1
0.0294622 0.970538 1
0.0864648 0.913535 1
0.327839 0.672161 1
0.78904 0.21096 1
0.415695 0.584305 1
0.0839438 0.916056 1
0.0400894 0.959911 1
0.0265533 0.973447 1
0.249741 0.750259 1
0.0468175 0.953182 1
0.0160137 0.983986 1
0.0358694 0.964131 1
0.0686753 0.931325 1
0.0378897 0.96211 1
0.810103 0.189897 1
0.0210864 0.978914 1
0.064759 0.935241 1
0.308189 0.691811 1
0.535692 0.464308 1
0.0366601 0.96334 1
0.934239 0.0657611 1
0.0463326 0.953667 1
0.0893517 0.910648 1
0.552265 0.447735 1
0.0129744 0.987026 1
0.0966497 0.90335 1
