0.930853 0.0691473 0
0.95209 0.04791 0
0.907549 0.0924508 0
0.941161 0.0588392 0
0.0909872 0.909013 0
0.947526 0.0524742 0
0.895696 0.104304 0
0.890682 0.109318 0
0.917534 0.0824663 0
0.812705 0.187295 0
0.915612 0.0843875 0
0.952253 0.0477472 0
0.903241 0.0967592 0
0.659602 0.340398 0
0.760328 0.239672 0
0.685922 0.314078 0
0.103395 0.896605 0
0.942674 0.0573263 0
0.120611 0.879389 0
0.941223 0.0587766 0
0.768494 0.231506 0
0.633026 0.366974 0
0.935322 0.0646781 0
0.184049 0.815951 0
0.886334 0.113666 0
0.924399 0.0756012 0
0.958837 0.0411634 0
0.861459 0.138541 0
0.469606 0.530394 0
0.818039 0.181961 0
0.949839 0.0501609 0
0.63313 0.36687 0
0.921911 0.0780891 0
0.936537 0.0634626 0
0.869407 0.130593 0
0.913547 0.0864528 0
0.954694 0.0453064 0
0.393755 0.606245 0
0.957048 0.0429516 0
0.935696 0.0643035 0
0.949292 0.0507081 0
0.339068 0.660932 0
0.915745 0.0842552 0
0.718708 0.281292 0
0.929164 0.0708358 0
0.960578 0.0394219 0
0.93715 0.0628495 0
0.602349 0.397651 0
0.947413 0.0525866 0
0.75922 0.24078 0
0.678118 0.321882 0
0.932498 0.0675021 0
0.908799 0.0912009 0
0.937221 0.0627785 0
0.924663 0.0753372 0
0.942081 0.0579193 0
0.953675 0.0463247 0
0.859937 0.140063 0
0.922011 0.0779888 0
0.877516 0.122484 0
0.04884 0.95116 0
0.95527 0.0447302 0
0.190129 0.809871 0
0.865839 0.134161 0
0.367771 0.632229 0
0.947809 0.052191 0
0.180427 0.819573 0
0.943893 0.056107 0
0.440397 0.559603 0
0.955999 0.0440007 0
0.908069 0.0919307 0
0.936511 0.0634892 0
0.901912 0.0980878 0
0.896734 0.103266 0
0.0922999 0.9077 0
0.918747 0.0812526 0
0.952148 0.0478515 0
0.915199 0.0848008 0
0.86763 0.13237 0
0.895799 0.104201 0
0.914046 0.0859541 0
0.936809 0.0631908 0
0.956089 0.0439104 0
0.481985 0.518015 0
0.753956 0.246044 0
0.867142 0.132858 0
0.762684 0.237316 0
0.931401 0.0685987 0
0.247364 0.752636 0
0.744183 0.255817 0
0.428633 0.571367 0
0.935199 0.0648013 0
0.951756 0.0482443 0
0.899112 0.100888 0
0.940454 0.0595456 0
0.935088 0.0649124 0
0.947506 0.0524941 0
0.774379 0.225621 0
0.708606 0.291394 0
0.923507 0.0764931 0
0.641631 0.358369 0
0.93849 0.0615099 0
0.948813 0.051187 0
0.931044 0.0689565 0
0.957515 0.042485 0
0.684646 0.315354 0
0.891114 0.108886 0
0.679956 0.320044 0
0.943603 0.0563969 0
0.959293 0.0407073 0
0.719126 0.280874 0
0.94364 0.0563601 0
0.214824 0.785176 0
0.939042 0.0609581 0
0.943761 0.0562389 0
0.891815 0.108185 0
0.947208 0.0527919 0
0.46335 0.53665 0
0.325143 0.674857 0
0.0732366 0.926763 0
0.879307 0.120693 0
0.76982 0.23018 0
0.867904 0.132096 0
0.952358 0.0476424 0
0.956376 0.0436237 0
0.952568 0.0474318 0
0.773532 0.226468 0
0.905945 0.0940546 0
0.133348 0.866652 0
0.956023 0.0439775 0
0.0609201 0.93908 0
0.550511 0.449489 0
0.892523 0.107477 0
0.922178 0.077822 0
0.957679 0.0423212 0
0.955724 0.0442764 0
0.400596 0.599404 0
0.955463 0.0445367 0
0.932184 0.0678164 0
0.919354 0.0806459 0
0.904599 0.0954006 0
0.901422 0.0985776 0
0.942294 0.0577062 0
0.942231 0.0577686 0
0.939328 0.0606716 0
0.874306 0.125694 0
0.951908 0.0480918 0
0.861201 0.138799 0
0.930348 0.0696516 0
0.249909 0.750091 0
0.901826 0.0981736 0
0.797939 0.202061 0
0.955198 0.0448016 0
0.485439 0.514561 0
0.491691 0.508309 0
0.749383 0.250617 0
0.878435 0.121565 0
0.577444 0.422555 0
0.470781 0.529219 0
0.900183 0.0998166 0
0.867955 0.132045 0
0.922997 0.0770033 0
0.950279 0.049721 0
0.957009 0.0429911 0
0.840016 0.159984 0
0.879435 0.120565 0
0.887489 0.112511 0
0.943736 0.0562641 0
0.944605 0.0553945 0
0.94165 0.0583501 0
0.952991 0.0470086 0
0.440435 0.559565 0
0.0782569 0.921743 0
0.919479 0.0805214 0
0.935754 0.0642465 0
0.854756 0.145244 0
0.0972168 0.902783 0
0.697345 0.302655 0
0.835822 0.164178 0
0.930233 0.0697666 0
0.956385 0.0436151 0
0.953068 0.0469321 0
0.94334 0.0566602 0
0.881798 0.118202 0
0.618091 0.381909 0
0.277056 0.722944 0
0.951345 0.0486549 0
0.0826545 0.917346 0
0.506667 0.493333 0
0.879766 0.120235 0
0.937689 0.0623111 0
0.901787 0.0982129 0
0.711256 0.288744 0
0.944175 0.0558247 0
0.945532 0.0544682 0
0.944653 0.0553469 0
0.952071 0.0479293 0
0.921597 0.0784031 0
0.911159 0.0888409 0
0.924069 0.0759315 0
0.939451 0.0605487 0
0.902893 0.0971068 0
0.911131 0.0888689 0
0.940846 0.0591544 0
0.283243 0.716757 0
0.950476 0.0495244 0
0.949597 0.0504032 0
0.955457 0.0445434 0
0.941315 0.058685 0
0.65477 0.34523 0
0.613988 0.386012 0
0.096028 0.903972 0
0.913836 0.0861639 0
0.928313 0.0716869 0
0.928362 0.071638 0
0.497303 0.502697 0
0.114415 0.885585 0
0.942232 0.0577681 0
0.788382 0.211618 0
0.885146 0.114854 0
0.947491 0.0525092 0
0.944925 0.0550747 0
0.962912 0.0370883 0
0.670303 0.329698 0
0.94057 0.0594302 0
0.915402 0.0845979 0
0.237108 0.762892 0
0.932248 0.0677516 0
0.593526 0.406474 0
0.729751 0.270249 0
0.0924455 0.907555 0
0.902503 0.0974969 0
0.795361 0.204639 0
0.942451 0.0575492 0
0.783337 0.216663 0
0.944829 0.0551713 0
0.953003 0.0469972 0
0.384379 0.615621 0
0.946189 0.0538108 0
0.937081 0.0629185 0
0.201748 0.798252 0
0.779538 0.220462 0
0.565085 0.434915 0
0.956094 0.0439058 0
0.7923 0.2077 0
0.614429 0.385571 0
0.942882 0.057118 0
0.908508 0.0914918 0
0.690648 0.309352 0
0.352485 0.647515 0
0.394964 0.605036 0
0.942867 0.0571334 0
0.921569 0.078431 0
0.857716 0.142284 0
0.536519 0.463481 0
0.420809 0.579191 0
0.892227 0.107773 0
0.288417 0.711583 0
0.0868975 0.913102 0
0.931043 0.0689569 0
0.483328 0.516672 0
0.138235 0.861765 0
0.923624 0.0763761 0
0.521892 0.478108 0
0.955131 0.0448686 0
0.951375 0.0486246 0
0.815181 0.18482 0
0.943081 0.0569189 0
0.840801 0.159199 0
0.960393 0.0396065 0
0.874874 0.125126 0
0.107001 0.892999 0
0.915632 0.0843677 0
0.595522 0.404478 0
0.94085 0.0591495 0
0.945858 0.0541415 0
0.87831 0.12169 0
0.916212 0.0837884 0
0.898955 0.101045 0
0.742089 0.257911 0
0.883903 0.116097 0
0.267695 0.732305 0
0.942159 0.0578409 0
0.951422 0.0485781 0
0.82377 0.17623 0
0.791504 0.208496 0
0.950847 0.0491534 0
0.95425 0.0457497 0
0.946376 0.0536238 0
0.807467 0.192533 0
0.102065 0.897935 0
0.948102 0.0518979 0
0.136901 0.863099 0
0.8298 0.1702 0
0.81144 0.18856 0
0.952738 0.0472619 0
0.95361 0.0463901 0
0.872012 0.127988 0
0.916943 0.0830574 0
0.95323 0.04677 0
0.840628 0.159372 0
0.908794 0.0912055 0
0.909378 0.0906221 0
0.949395 0.0506046 0
0.874877 0.125123 0
0.933309 0.066691 0
0.20064 0.79936 0
0.916252 0.0837484 0
0.947342 0.0526582 0
0.949586 0.0504135 0
0.940811 0.0591885 0
0.811628 0.188372 0
0.771169 0.228831 0
0.932078 0.0679221 0
0.694806 0.305194 0
0.939084 0.0609159 0
0.86615 0.13385 0
0.726573 0.273427 0
0.614093 0.385907 0
0.455886 0.544114 0
0.939686 0.0603139 0
0.896159 0.103841 0
0.661472 0.338527 0
0.956904 0.0430963 0
0.151138 0.848862 0
0.933633 0.0663669 0
0.857478 0.142522 0
0.894821 0.105179 0
0.954142 0.0458576 0
0.294309 0.705691 0
0.808263 0.191737 0
0.621633 0.378367 0
0.805279 0.194721 0
0.959313 0.0406872 0
0.949647 0.0503526 0
0.953953 0.0460467 0
0.751973 0.248027 0
0.905523 0.0944773 0
0.25816 0.74184 0
0.249056 0.750944 0
0.937902 0.0620983 0
0.720602 0.279398 0
0.960282 0.0397177 0
0.954515 0.0454854 0
0.928784 0.0712159 0
0.955149 0.0448514 0
0.94501 0.0549903 0
0.796801 0.203199 0
0.89621 0.103791 0
0.852922 0.147078 0
0.851018 0.148982 0
0.220895 0.779105 0
0.938377 0.0616234 0
0.938238 0.061762 0
0.925795 0.0742047 0
0.933345 0.0666554 0
0.946455 0.0535446 0
0.854908 0.145092 0
0.711299 0.288701 0
0.407349 0.592651 0
0.818446 0.181555 0
0.950826 0.0491736 0
0.840716 0.159284 0
0.94882 0.0511797 0
0.949216 0.0507839 0
0.555476 0.444524 0
0.956976 0.0430243 0
0.957575 0.042425 0
0.601223 0.398777 0
0.910782 0.0892178 0
0.835676 0.164324 0
0.960374 0.0396261 0
0.950429 0.0495714 0
0.393459 0.606541 0
0.82757 0.17243 0
0.954537 0.0454633 0
0.946575 0.0534247 0
0.953092 0.0469083 0
0.329072 0.670928 0
0.495083 0.504917 0
0.947715 0.0522847 0
0.92571 0.0742895 0
0.892343 0.107657 0
0.920531 0.0794687 0
0.928756 0.0712444 0
0.8662 0.1338 0
0.904293 0.0957073 0
0.953554 0.0464455 0
0.0526692 0.947331 0
0.89074 0.10926 0
0.0496374 0.950363 0
0.775023 0.224977 0
0.809903 0.190097 0
0.958209 0.0417912 0
0.928739 0.0712608 0
0.904185 0.0958148 0
0.91072 0.0892802 0
0.944001 0.0559987 0
0.952135 0.0478648 0
0.459399 0.540601 0
0.908886 0.0911135 0
0.742058 0.257942 0
0.95984 0.04016 0
0.89813 0.10187 0
0.893119 0.106881 0
0.42895 0.57105 0
0.948399 0.0516012 0
0.817347 0.182653 0
0.755879 0.244122 0
0.922952 0.0770478 0
0.920578 0.079422 0
0.770765 0.229235 0
0.949404 0.0505963 0
0.504855 0.495145 0
0.797488 0.202512 0
0.108267 0.891733 0
0.877142 0.122858 0
0.690408 0.309592 0
0.926638 0.0733619 0
0.777802 0.222198 0
0.948697 0.0513034 0
0.269654 0.730346 0
0.237529 0.762471 0
0.863958 0.136042 0
0.212909 0.787091 0
0.506802 0.493198 0
0.741547 0.258453 0
0.721236 0.278764 0
0.396428 0.603572 0
0.854595 0.145405 0
0.373361 0.626639 0
0.6845 0.3155 0
0.040322 0.959678 0
0.913121 0.086879 0
0.941388 0.0586119 0
0.883026 0.116974 0
0.832282 0.167718 0
0.92715 0.0728503 0
0.851377 0.148623 0
0.849349 0.150651 0
0.849959 0.150041 0
0.927146 0.0728537 0
0.352028 0.647972 0
0.925859 0.0741414 0
0.652954 0.347046 0
0.571512 0.428488 0
0.899896 0.100104 0
0.830086 0.169914 0
0.955035 0.0449651 0
0.933921 0.0660791 0
0.937466 0.0625339 0
0.94926 0.0507396 0
0.258075 0.741925 0
0.929515 0.070485 0
0.950736 0.0492641 0
0.925815 0.0741851 0
0.917273 0.0827272 0
0.95275 0.0472504 0
0.932035 0.0679652 0
0.636908 0.363092 0
0.925493 0.0745075 0
0.935744 0.0642556 0
0.845137 0.154863 0
0.0445084 0.955492 0
0.950228 0.0497716 0
0.896374 0.103626 0
0.476049 0.523951 0
0.950441 0.0495591 0
0.376569 0.623431 0
0.958637 0.0413627 0
0.618956 0.381044 0
0.651022 0.348978 0
0.88185 0.11815 0
0.90901 0.0909904 0
0.943311 0.0566895 0
0.937135 0.0628646 0
0.746331 0.253669 0
0.917487 0.0825126 0
0.23877 0.76123 0
0.944301 0.0556994 0
0.940195 0.0598055 0
0.0969938 0.903006 0
0.952364 0.0476364 0
0.0705073 0.929493 0
0.839465 0.160535 0
0.0783122 0.921688 0
0.919893 0.080107 0
0.432735 0.567265 0
0.892731 0.107269 0
0.943113 0.0568875 0
0.94226 0.0577397 0
0.897855 0.102145 0
0.908008 0.0919925 0
0.936748 0.0632518 0
0.779763 0.220237 0
0.290685 0.709315 0
0.94572 0.0542795 0
0.944188 0.0558121 0
0.800017 0.199983 0
0.571544 0.428456 0
0.813536 0.186464 0
0.774592 0.225408 0
0.933152 0.066848 0
0.95397 0.04603 0
0.917354 0.0826465 0
0.802147 0.197852 0
0.955543 0.0444566 0
0.954725 0.0452751 0
0.939794 0.0602061 0
0.934176 0.0658244 0
0.94517 0.0548297 0
0.66845 0.33155 0
0.952294 0.0477057 0
0.824037 0.175963 0
0.930412 0.0695882 0
0.952721 0.0472793 0
0.644383 0.355617 0
0.56165 0.43835 0
0.9342 0.0657997 0
0.569847 0.430153 0
0.928354 0.0716456 0
0.281574 0.718426 0
0.827732 0.172268 0
0.809389 0.190611 0
0.151828 0.848172 0
0.946231 0.0537686 0
0.945693 0.0543066 0
0.942276 0.0577235 0
0.925161 0.0748388 0
0.925143 0.0748574 0
0.947482 0.052518 0
0.852765 0.147235 0
0.720559 0.279441 0
0.934048 0.0659516 0
0.942593 0.0574073 0
0.883338 0.116662 0
0.930316 0.0696843 0
0.907244 0.0927556 0
0.957652 0.0423484 0
0.557841 0.442159 0
0.812086 0.187914 0
0.126641 0.873359 0
0.867644 0.132356 0
0.895842 0.104158 0
0.837558 0.162442 0
0.923864 0.0761357 0
0.649775 0.350225 0
0.905775 0.0942252 0
0.459235 0.540765 0
0.51635 0.48365 0
0.94339 0.05661 0
0.926271 0.0737292 0
0.0495945 0.950406 0
0.0569412 0.943059 0
0.923205 0.0767952 0
0.940076 0.0599241 0
0.950556 0.0494439 0
0.646108 0.353892 0
0.944248 0.0557515 0
0.944709 0.0552914 0
0.93791 0.06209 0
0.842926 0.157074 0
0.664284 0.335716 0
0.948081 0.0519195 0
0.918554 0.0814458 0
0.940073 0.0599269 0
0.134755 0.865245 0
0.959621 0.0403794 0
0.803461 0.196539 0
0.908284 0.0917155 0
0.928429 0.0715706 0
0.933743 0.0662565 0
0.408458 0.591542 0
0.91448 0.0855196 0
0.653009 0.346991 0
0.953601 0.0463992 0
0.953304 0.0466956 0
0.96021 0.03979 0
0.868405 0.131595 0
0.946874 0.0531258 0
0.578371 0.421629 0
0.945123 0.054877 0
0.837946 0.162054 0
0.89596 0.10404 0
0.905251 0.0947494 0
0.89251 0.10749 0
0.930635 0.069365 0
0.904976 0.095024 0
0.949898 0.0501024 0
0.193002 0.806998 0
0.272621 0.727379 0
0.88338 0.11662 0
0.962577 0.0374229 0
0.954902 0.0450981 0
0.534129 0.465871 0
0.84753 0.15247 0
0.940297 0.059703 0
0.628388 0.371612 0
0.277234 0.722766 0
0.931396 0.0686039 0
0.953142 0.0468579 0
0.950732 0.0492682 0
0.265011 0.734989 0
0.0566605 0.94334 0
0.947697 0.0523026 0
0.0967989 0.903201 0
0.959941 0.0400587 0
0.88605 0.11395 0
0.936219 0.0637807 0
0.878911 0.121089 0
0.927698 0.0723022 0
0.944142 0.0558581 0
0.764387 0.235613 0
0.141062 0.858938 0
0.933192 0.066808 0
0.103681 0.896319 0
0.325064 0.674936 0
0.914161 0.085839 0
0.454973 0.545027 0
0.307063 0.692937 0
0.942629 0.0573705 0
0.960648 0.0393517 0
0.810447 0.189553 0
0.847619 0.152381 0
0.0975082 0.902492 0
0.873393 0.126607 0
0.829927 0.170073 0
0.953683 0.0463174 0
0.0574208 0.942579 0
0.947601 0.0523992 0
0.915226 0.0847738 0
0.260273 0.739727 0
0.947362 0.052638 0
0.481559 0.518441 0
0.545695 0.454305 0
0.3601 0.6399 0
0.919758 0.0802425 0
0.879067 0.120933 0
0.17332 0.82668 0
0.939459 0.0605414 0
0.862472 0.137528 0
0.721842 0.278158 0
0.504292 0.495708 0
0.686032 0.313968 0
0.950518 0.0494817 0
0.953519 0.0464812 0
0.809591 0.190409 0
0.695562 0.304438 0
0.923782 0.076218 0
0.947553 0.0524473 0
0.895671 0.104329 0
0.863642 0.136358 0
0.894145 0.105855 0
0.918574 0.0814261 0
0.930428 0.0695716 0
0.780625 0.219375 0
0.256723 0.743277 0
0.946897 0.0531028 0
0.923058 0.076942 0
0.568987 0.431013 0
0.896168 0.103832 0
0.927407 0.072593 0
0.962848 0.0371522 0
0.954723 0.0452771 0
0.811788 0.188212 0
0.417525 0.582475 0
0.054632 0.945368 0
0.955612 0.0443882 0
0.932519 0.067481 0
0.956316 0.0436839 0
0.792675 0.207325 0
0.927464 0.0725356 0
0.765063 0.234937 0
0.254449 0.745551 0
0.92577 0.0742301 0
0.92042 0.0795798 0
0.945442 0.0545576 0
0.915586 0.0844143 0
0.517077 0.482923 0
0.706141 0.293859 0
0.383178 0.616822 0
0.315885 0.684115 0
0.954041 0.045959 0
0.530599 0.469401 0
0.950605 0.0493953 0
0.8095 0.1905 0
0.915673 0.0843271 0
0.901973 0.0980267 0
0.936536 0.0634643 0
0.432411 0.567589 0
0.768443 0.231557 0
0.772867 0.227133 0
0.909155 0.0908455 0
0.941128 0.0588717 0
0.936259 0.0637411 0
0.721447 0.278553 0
0.959298 0.0407024 0
0.956083 0.0439174 0
0.88346 0.11654 0
0.846546 0.153454 0
0.845669 0.154331 0
0.951767 0.0482327 0
0.28035 0.71965 0
0.912118 0.0878822 0
0.942266 0.0577341 0
0.678932 0.321068 0
0.918566 0.081434 0
0.940048 0.0599525 0
0.62092 0.37908 0
0.919877 0.0801231 0
0.888949 0.111051 0
0.94215 0.0578499 0
0.855855 0.144145 0
0.941545 0.0584545 0
0.905321 0.094679 0
0.433882 0.566118 0
0.573917 0.426083 0
0.59586 0.40414 0
0.951407 0.0485932 0
0.946478 0.0535217 0
0.745623 0.254377 0
0.954659 0.0453409 0
0.946995 0.0530049 0
0.29989 0.70011 0
0.0743965 0.925604 0
0.928739 0.0712614 0
0.958408 0.041592 0
0.372011 0.627989 0
0.957141 0.0428593 0
0.724468 0.275532 0
0.952168 0.0478319 0
0.584622 0.415378 0
0.908849 0.0911515 0
0.952319 0.0476809 0
0.952436 0.0475643 0
0.654521 0.345479 0
0.675377 0.324623 0
0.790935 0.209065 0
0.926886 0.0731137 0
0.895393 0.104607 0
0.907923 0.0920766 0
0.822902 0.177098 0
0.942282 0.0577175 0
0.780425 0.219575 0
0.485191 0.514809 0
0.816576 0.183424 0
0.205379 0.794621 0
0.929469 0.0705314 0
0.921589 0.0784106 0
0.665485 0.334515 0
0.895924 0.104076 0
0.909594 0.0904059 0
0.213091 0.786909 0
0.730384 0.269616 0
0.931167 0.0688331 0
0.906924 0.0930762 0
0.84106 0.158941 0
0.953946 0.0460544 0
0.779175 0.220825 0
0.94663 0.0533699 0
0.558222 0.441779 0
0.798253 0.201747 0
0.956471 0.043529 0
0.952501 0.0474994 0
0.551056 0.448944 0
0.891233 0.108767 0
0.939506 0.0604939 0
0.926912 0.0730878 0
0.937335 0.0626646 0
0.924682 0.0753178 0
0.104757 0.895243 0
0.916761 0.0832388 0
0.930691 0.0693093 0
0.91085 0.0891496 0
0.829063 0.170937 0
0.899933 0.100067 0
0.942115 0.0578848 0
0.937697 0.0623027 0
0.943996 0.0560045 0
0.0524812 0.947519 0
0.873231 0.126769 0
0.862312 0.137688 0
0.892863 0.107137 0
0.912934 0.0870664 0
0.896163 0.103837 0
0.650208 0.349792 0
0.426124 0.573876 0
0.940396 0.0596041 0
0.771529 0.228471 0
0.955106 0.0448942 0
0.136796 0.863204 0
0.900065 0.0999346 0
0.350291 0.649709 0
0.959125 0.0408755 0
0.91323 0.08677 0
0.720412 0.279588 0
0.94407 0.0559302 0
0.621857 0.378143 0
0.750838 0.249162 0
0.953998 0.0460021 0
0.823711 0.176289 0
0.952789 0.0472107 0
0.938048 0.0619525 0
0.439579 0.560421 0
0.950097 0.0499026 0
0.853664 0.146336 0
0.792715 0.207285 0
0.911486 0.0885143 0
0.868999 0.131001 0
0.95522 0.0447804 0
0.955926 0.0440736 0
0.951825 0.0481752 0
0.95145 0.0485501 0
0.473493 0.526507 0
0.960482 0.039518 0
0.302539 0.697461 0
0.895716 0.104284 0
0.926259 0.0737407 0
0.941318 0.0586816 0
0.883108 0.116892 0
0.931008 0.0689922 0
0.783421 0.21658 0
0.649531 0.350469 0
0.748793 0.251207 0
0.904262 0.0957381 0
0.718032 0.281968 0
0.541469 0.458531 0
0.89906 0.10094 0
0.950496 0.0495041 0
0.682005 0.317995 0
0.94928 0.0507201 0
0.957522 0.042478 0
0.938445 0.061555 0
0.77486 0.22514 0
0.956493 0.0435074 0
0.659227 0.340773 0
0.928738 0.0712617 0
0.960575 0.0394253 0
0.902826 0.0971739 0
0.886748 0.113252 0
0.935109 0.0648912 0
0.907318 0.0926819 0
0.898894 0.101106 0
0.756059 0.243941 0
0.958976 0.0410243 0
0.929298 0.0707017 0
0.848301 0.151699 0
0.573076 0.426924 0
0.550356 0.449644 0
0.830865 0.169135 0
0.943404 0.0565955 0
0.197504 0.802496 0
0.865399 0.134601 0
0.816022 0.183978 0
0.924855 0.0751452 0
0.952596 0.0474036 0
0.951377 0.0486234 0
0.676576 0.323424 0
0.922299 0.0777008 0
0.519305 0.480695 0
0.919235 0.0807652 0
0.930854 0.0691461 0
0.953042 0.0469576 0
0.809976 0.190024 0
0.70299 0.29701 0
0.747663 0.252337 0
0.899827 0.100173 0
0.955973 0.044027 0
0.157904 0.842096 0
0.590926 0.409074 0
0.836755 0.163245 0
0.932811 0.0671893 0
0.951699 0.0483012 0
0.888298 0.111702 0
0.836878 0.163122 0
0.868037 0.131963 0
0.795025 0.204975 0
0.959147 0.0408526 0
0.821742 0.178258 0
0.932929 0.0670715 0
0.950223 0.0497771 0
0.508762 0.491238 0
0.738566 0.261434 0
0.385658 0.614342 0
0.32115 0.67885 0
0.957307 0.0426933 0
0.936625 0.0633755 0
0.921438 0.0785618 0
0.83522 0.16478 0
0.528906 0.471094 0
0.948478 0.0515225 0
0.955313 0.0446869 0
0.920198 0.0798017 0
0.332006 0.667994 0
0.938741 0.0612587 0
0.833942 0.166058 0
0.945359 0.0546409 0
0.934252 0.0657483 0
0.910569 0.089431 0
0.166256 0.833744 0
0.909352 0.0906484 0
0.312549 0.687451 0
0.540363 0.459637 0
0.926088 0.073912 0
0.95915 0.0408504 0
0.943201 0.0567992 0
0.736076 0.263924 0
0.81796 0.18204 0
0.949718 0.0502823 0
0.849873 0.150127 0
0.895932 0.104068 0
0.881211 0.118789 0
0.937938 0.0620618 0
0.844191 0.155809 0
0.944092 0.0559076 0
0.959766 0.0402336 0
0.942999 0.0570008 0
0.938652 0.0613476 0
0.937949 0.0620512 0
0.798793 0.201207 0
0.956068 0.0439319 0
0.953032 0.0469684 0
0.430825 0.569175 0
0.654893 0.345107 0
0.92875 0.0712501 0
0.728588 0.271412 0
0.945065 0.0549346 0
0.918981 0.0810194 0
0.951014 0.048986 0
0.953509 0.0464909 0
0.53771 0.46229 0
0.894162 0.105838 0
0.699973 0.300027 0
0.916773 0.0832274 0
0.947563 0.0524369 0
0.956525 0.0434746 0
0.771996 0.228004 0
0.940006 0.0599936 0
0.471898 0.528102 0
0.300178 0.699822 0
0.94893 0.0510698 0
0.948573 0.0514272 0
0.941602 0.0583979 0
0.313693 0.686307 0
0.887333 0.112667 0
0.890439 0.109561 0
0.954277 0.0457232 0
0.751845 0.248155 0
0.951688 0.0483123 0
0.945464 0.0545356 0
0.834043 0.165957 0
0.782962 0.217038 0
0.946218 0.0537819 0
0.955492 0.0445076 0
0.48271 0.51729 0
0.959214 0.0407857 0
0.92017 0.0798302 0
0.918544 0.0814563 0
0.951009 0.0489911 0
0.682128 0.317872 0
0.559908 0.440092 0
0.952129 0.0478709 0
0.937859 0.0621413 0
0.706138 0.293862 0
0.844908 0.155092 0
0.857448 0.142552 0
0.391695 0.608305 0
0.856458 0.143542 0
0.958723 0.0412766 0
0.783213 0.216787 0
0.066049 0.933951 0
0.14293 0.85707 0
0.820706 0.179294 0
0.556279 0.443721 0
0.631072 0.368928 0
0.9097 0.0903 0
0.824813 0.175187 0
0.949221 0.0507788 0
0.866602 0.133398 0
0.923496 0.0765038 0
0.935453 0.0645474 0
0.0391749 0.960825 0
0.639749 0.360251 0
0.297102 0.702898 0
0.846039 0.153961 0
0.934534 0.0654656 0
0.949462 0.0505381 0
0.953317 0.0466834 0
0.956703 0.0432973 0
0.418434 0.581566 0
0.825001 0.174999 0
0.311996 0.688004 0
0.0506376 0.949362 0
0.8785 0.1215 0
0.941264 0.0587364 0
0.78434 0.21566 0
0.946589 0.0534109 0
0.126157 0.873843 0
0.920478 0.079522 0
0.872789 0.127211 0
0.0376459 0.962354 1
0.0636945 0.936306 1
0.566543 0.433457 1
0.0613938 0.938606 1
0.0763803 0.92362 1
0.36089 0.63911 1
0.193379 0.806621 1
0.0386022 0.961398 1
0.176406 0.823594 1
0.235973 0.764027 1
0.0522287 0.947771 1
0.784482 0.215518 1
0.060809 0.939191 1
0.101216 0.898784 1
0.0546141 0.945386 1
0.160794 0.839206 1
0.292235 0.707765 1
0.0936885 0.906312 1
0.139053 0.860947 1
0.352983 0.647017 1
0.139427 0.860573 1
0.0427914 0.957209 1
0.0959081 0.904092 1
0.66533 0.33467 1
0.111337 0.888663 1
0.14676 0.85324 1
0.0521825 0.947817 1
0.0585893 0.941411 1
0.167936 0.832064 1
0.0563441 0.943656 1
0.12634 0.87366 1
0.0608597 0.93914 1
0.0756562 0.924344 1
0.0317941 0.968206 1
0.141938 0.858062 1
0.0829335 0.917067 1
0.0495871 0.950413 1
0.0403681 0.959632 1
0.0371629 0.962837 1
0.0747009 0.925299 1
0.0704782 0.929522 1
0.389027 0.610973 1
0.0629105 0.93709 1
0.650037 0.349963 1
0.0344009 0.965599 1
0.0556686 0.944331 1
0.0479166 0.952083 1
0.687174 0.312826 1
0.597343 0.402657 1
0.880376 0.119624 1
0.0604667 0.939533 1
0.146487 0.853513 1
0.503322 0.496678 1
0.0347566 0.965243 1
0.219424 0.780576 1
0.442958 0.557042 1
0.104248 0.895752 1
0.187943 0.812057 1
0.138102 0.861898 1
0.0926099 0.90739 1
0.586584 0.413416 1
0.224273 0.775727 1
0.0358271 0.964173 1
0.0690316 0.930968 1
0.0541569 0.945843 1
0.526612 0.473388 1
0.0533414 0.946659 1
0.175158 0.824841 1
0.129708 0.870292 1
0.0409885 0.959011 1
0.0446581 0.955342 1
0.0614127 0.938587 1
0.0675146 0.932485 1
0.303999 0.696001 1
0.862126 0.137874 1
0.152212 0.847788 1
0.0472861 0.952714 1
0.682708 0.317292 1
0.0317348 0.968265 1
0.0365264 0.963474 1
0.0765174 0.923483 1
0.192661 0.807339 1
0.820352 0.179648 1
0.0337039 0.966296 1
0.868743 0.131257 1
0.0757093 0.924291 1
0.17028 0.82972 1
0.0445504 0.95545 1
0.454984 0.545016 1
0.599479 0.400521 1
0.0881034 0.911897 1
0.0319479 0.968052 1
0.480467 0.519533 1
0.225705 0.774295 1
0.0592482 0.940752 1
0.042663 0.957337 1
0.0475231 0.952477 1
0.758529 0.241471 1
0.105589 0.894411 1
0.15502 0.84498 1
0.0759895 0.924011 1
0.0792909 0.920709 1
0.59232 0.40768 1
0.0569031 0.943097 1
0.0995736 0.900426 1
0.252959 0.747041 1
0.0582425 0.941758 1
0.0574226 0.942577 1
0.0708115 0.929188 1
0.101541 0.898459 1
0.047183 0.952817 1
0.073815 0.926185 1
0.701676 0.298324 1
0.0479427 0.952057 1
0.337797 0.662203 1
0.0397371 0.960263 1
0.0350434 0.964957 1
0.0585436 0.941456 1
0.0571909 0.942809 1
0.0565933 0.943407 1
0.123801 0.876199 1
0.166078 0.833922 1
0.0762212 0.923779 1
0.133845 0.866155 1
0.0396812 0.960319 1
0.246281 0.753719 1
0.924503 0.0754972 1
0.035857 0.964143 1
0.0378052 0.962195 1
0.0829227 0.917077 1
0.0339927 0.966007 1
0.0945449 0.905455 1
0.0479688 0.952031 1
0.0445598 0.95544 1
0.07464 0.92536 1
0.0498336 0.950166 1
0.0789685 0.921032 1
0.0440276 0.955972 1
0.0340347 0.965965 1
0.112296 0.887704 1
0.0305222 0.969478 1
0.319952 0.680048 1
0.21373 0.78627 1
0.256752 0.743248 1
0.0467436 0.953256 1
0.0759065 0.924093 1
0.132273 0.867727 1
0.0387928 0.961207 1
0.145151 0.854849 1
0.844962 0.155038 1
0.0453139 0.954686 1
0.0386618 0.961338 1
0.044277 0.955723 1
0.0452116 0.954788 1
0.92977 0.0702297 1
0.304542 0.695458 1
0.228379 0.771621 1
0.0906449 0.909355 1
0.54905 0.45095 1
0.0774149 0.922585 1
0.0702028 0.929797 1
0.0780146 0.921985 1
0.123648 0.876352 1
0.0877623 0.912238 1
0.156243 0.843757 1
0.0755421 0.924458 1
0.752843 0.247157 1
0.852799 0.147201 1
0.167326 0.832674 1
0.0760957 0.923904 1
0.0380685 0.961932 1
0.155475 0.844525 1
0.932665 0.0673348 1
0.222731 0.777269 1
0.171975 0.828025 1
0.0482379 0.951762 1
0.381304 0.618696 1
0.608705 0.391295 1
0.0396084 0.960392 1
0.357639 0.642361 1
0.0564715 0.943528 1
0.757321 0.242679 1
0.0525412 0.947459 1
0.0499481 0.950052 1
0.180598 0.819402 1
0.115178 0.884822 1
0.0643317 0.935668 1
0.580331 0.419669 1
0.0684941 0.931506 1
0.0870102 0.91299 1
0.0543478 0.945652 1
0.0945637 0.905436 1
0.615703 0.384297 1
0.081518 0.918482 1
0.195481 0.804519 1
0.60958 0.39042 1
0.214121 0.785879 1
0.0549259 0.945074 1
0.053111 0.946889 1
0.176719 0.823281 1
0.0433802 0.95662 1
0.0558231 0.944177 1
0.0416107 0.958389 1
0.10928 0.89072 1
0.219036 0.780964 1
0.0620009 0.937999 1
0.062248 0.937752 1
0.30734 0.69266 1
0.313147 0.686853 1
0.065642 0.934358 1
0.0406442 0.959356 1
0.0616664 0.938334 1
0.892134 0.107866 1
0.23474 0.76526 1
0.308218 0.691782 1
0.0359201 0.96408 1
0.914099 0.0859008 1
0.144653 0.855347 1
0.0520105 0.947989 1
0.0316141 0.968386 1
0.0708818 0.929118 1
0.0420291 0.957971 1
0.0562776 0.943722 1
0.190272 0.809728 1
0.0329519 0.967048 1
0.148768 0.851232 1
0.0354592 0.964541 1
0.24893 0.75107 1
0.268277 0.731723 1
0.9008 0.0991998 1
0.0678524 0.932148 1
0.0587583 0.941242 1
0.294384 0.705616 1
0.0760111 0.923989 1
0.082095 0.917905 1
0.0543537 0.945646 1
0.232591 0.767409 1
0.389602 0.610398 1
0.150234 0.849766 1
0.0657644 0.934236 1
0.608395 0.391605 1
0.864312 0.135688 1
0.0555016 0.944498 1
0.0701745 0.929826 1
0.145583 0.854417 1
0.554055 0.445945 1
0.473383 0.526617 1
0.0323782 0.967622 1
0.0561746 0.943825 1
0.0350726 0.964927 1
0.0346164 0.965384 1
0.128907 0.871093 1
0.120824 0.879176 1
0.0373363 0.962664 1
0.431861 0.568139 1
0.174661 0.825339 1
0.0558125 0.944187 1
0.245502 0.754498 1
0.0397095 0.96029 1
0.944494 0.0555059 1
0.0354427 0.964557 1
0.219775 0.780225 1
0.369286 0.630714 1
0.043117 0.956883 1
0.0623931 0.937607 1
0.0474423 0.952558 1
0.039984 0.960016 1
0.0364172 0.963583 1
0.755614 0.244386 1
0.0562241 0.943776 1
0.0793417 0.920658 1
0.649968 0.350032 1
0.725966 0.274034 1
0.653112 0.346888 1
0.0354374 0.964563 1
0.0513415 0.948658 1
0.0523276 0.947672 1
0.0709862 0.929014 1
0.0479041 0.952096 1
0.0738888 0.926111 1
0.0417123 0.958288 1
0.0459213 0.954079 1
0.574124 0.425876 1
0.0677887 0.932211 1
0.333809 0.666191 1
0.0397106 0.960289 1
0.0417663 0.958234 1
0.315907 0.684093 1
0.0413251 0.958675 1
0.226967 0.773033 1
0.0499995 0.950001 1
0.0480557 0.951944 1
0.178448 0.821552 1
0.0445869 0.955413 1
0.0887242 0.911276 1
0.324502 0.675498 1
0.166594 0.833406 1
0.330694 0.669306 1
0.0363973 0.963603 1
0.542217 0.457783 1
0.101517 0.898483 1
0.533664 0.466336 1
0.0342653 0.965735 1
0.114296 0.885704 1
0.0362111 0.963789 1
0.0595655 0.940435 1
0.429561 0.570439 1
0.0798399 0.92016 1
0.0955371 0.904463 1
0.081316 0.918684 1
0.0620983 0.937902 1
0.609751 0.390249 1
0.187721 0.812279 1
0.0659893 0.934011 1
0.759869 0.240131 1
0.313783 0.686217 1
0.626726 0.373274 1
0.0457543 0.954246 1
0.725784 0.274216 1
0.0549976 0.945002 1
0.922887 0.0771129 1
0.0368727 0.963127 1
0.0750792 0.924921 1
0.0388311 0.961169 1
0.290991 0.709009 1
0.199366 0.800634 1
0.509832 0.490168 1
0.0506171 0.949383 1
0.10433 0.89567 1
0.0585104 0.94149 1
0.0408152 0.959185 1
0.255978 0.744022 1
0.0489644 0.951036 1
0.691074 0.308926 1
0.281448 0.718552 1
0.107337 0.892663 1
0.109358 0.890642 1
0.168372 0.831628 1
0.0346391 0.965361 1
0.11151 0.88849 1
0.121407 0.878593 1
0.0767391 0.923261 1
0.220631 0.779369 1
0.431294 0.568706 1
0.103625 0.896375 1
0.0427571 0.957243 1
0.034357 0.965643 1
0.123737 0.876263 1
0.205089 0.79491 1
0.0415081 0.958492 1
0.117734 0.882266 1
0.336244 0.663756 1
0.0522754 0.947725 1
0.311701 0.688299 1
0.449521 0.550479 1
0.0777826 0.922217 1
0.078325 0.921675 1
0.464936 0.535064 1
0.0359131 0.964087 1
0.0451633 0.954837 1
0.48581 0.51419 1
0.0705397 0.92946 1
0.643342 0.356658 1
0.0400675 0.959932 1
0.0386701 0.96133 1
0.118424 0.881576 1
0.0708621 0.929138 1
0.557038 0.442962 1
0.164888 0.835112 1
0.0489579 0.951042 1
0.355871 0.644129 1
0.594921 0.405079 1
0.236009 0.763991 1
0.910488 0.0895115 1
0.0416552 0.958345 1
0.735554 0.264446 1
0.413553 0.586447 1
0.648848 0.351152 1
0.83713 0.16287 1
0.0755462 0.924454 1
0.20298 0.79702 1
0.040219 0.959781 1
0.159205 0.840795 1
0.0373037 0.962696 1
0.0563305 0.943669 1
0.137184 0.862816 1
0.0549659 0.945034 1
0.9069 0.0931001 1
0.390483 0.609517 1
0.0310146 0.968985 1
0.166439 0.833561 1
0.867519 0.132481 1
0.0430383 0.956962 1
0.0375038 0.962496 1
0.26227 0.73773 1
0.537222 0.462778 1
0.0320506 0.967949 1
0.245974 0.754026 1
0.228959 0.771041 1
0.0838367 0.916163 1
0.140155 0.859845 1
0.0776603 0.92234 1
0.043931 0.956069 1
0.0594445 0.940556 1
0.0576761 0.942324 1
0.742667 0.257333 1
0.0383682 0.961632 1
0.226934 0.773066 1
0.126245 0.873755 1
0.202803 0.797197 1
0.064056 0.935944 1
0.490492 0.509508 1
0.804433 0.195567 1
0.49645 0.50355 1
0.47232 0.52768 1
0.392983 0.607017 1
0.0876443 0.912356 1
0.0427374 0.957263 1
0.17927 0.82073 1
0.059333 0.940667 1
0.0645188 0.935481 1
0.0738861 0.926114 1
0.301351 0.698649 1
0.0426851 0.957315 1
0.142956 0.857044 1
0.0586305 0.94137 1
0.609683 0.390318 1
0.100008 0.899992 1
0.0554211 0.944579 1
0.130743 0.869257 1
0.722738 0.277262 1
0.0324991 0.967501 1
0.119082 0.880918 1
0.0327781 0.967222 1
0.0460667 0.953933 1
0.569054 0.430946 1
0.285081 0.714919 1
0.104706 0.895294 1
0.0637929 0.936207 1
0.0480312 0.951969 1
0.907246 0.0927542 1
0.0879912 0.912009 1
0.0605711 0.939429 1
0.32846 0.67154 1
0.10976 0.89024 1
0.8013 0.1987 1
0.0568698 0.94313 1
0.596036 0.403964 1
0.0362461 0.963754 1
0.0512991 0.948701 1
0.0536093 0.946391 1
0.852391 0.147609 1
0.0450243 0.954976 1
0.045713 0.954287 1
0.57433 0.42567 1
0.0499161 0.950084 1
0.0922665 0.907734 1
0.55772 0.44228 1
0.0996758 0.900324 1
0.0395134 0.960487 1
0.0463057 0.953694 1
0.053449 0.946551 1
0.0372774 0.962723 1
0.0959424 0.904058 1
0.511566 0.488434 1
0.0516837 0.948316 1
0.144848 0.855152 1
0.0495489 0.950451 1
0.333665 0.666335 1
0.0334468 0.966553 1
0.253014 0.746986 1
0.0576931 0.942307 1
0.253125 0.746875 1
0.0893174 0.910683 1
0.766476 0.233524 1
0.314806 0.685194 1
0.124654 0.875346 1
0.0331806 0.966819 1
0.0576382 0.942362 1
0.764744 0.235256 1
0.0472797 0.95272 1
0.184093 0.815907 1
0.0629089 0.937091 1
0.898081 0.101919 1
0.0406658 0.959334 1
0.066592 0.933408 1
0.0495266 0.950473 1
0.0536336 0.946366 1
0.235406 0.764594 1
0.0883588 0.911641 1
0.035775 0.964225 1
0.0500236 0.949976 1
0.209888 0.790112 1
0.225901 0.774099 1
0.0487748 0.951225 1
0.0462904 0.95371 1
0.570347 0.429653 1
0.929217 0.0707832 1
0.195624 0.804376 1
0.0969537 0.903046 1
0.0314561 0.968544 1
0.329258 0.670742 1
0.0731269 0.926873 1
0.145638 0.854362 1
0.0901811 0.909819 1
0.659481 0.340519 1
0.0754238 0.924576 1
0.124168 0.875832 1
0.0847149 0.915285 1
0.0382577 0.961742 1
0.129729 0.870271 1
0.0930781 0.906922 1
0.0820261 0.917974 1
0.251477 0.748523 1
0.0614084 0.938592 1
0.0954693 0.904531 1
0.0334307 0.966569 1
0.051342 0.948658 1
0.0614182 0.938582 1
0.101624 0.898376 1
0.099292 0.900708 1
0.0719821 0.928018 1
0.510508 0.489492 1
0.192529 0.807471 1
0.0681849 0.931815 1
0.0688178 0.931182 1
0.327747 0.672253 1
0.205604 0.794396 1
0.0704039 0.929596 1
0.145184 0.854816 1
0.231212 0.768788 1
0.0386393 0.961361 1
0.403553 0.596447 1
0.197064 0.802936 1
0.0415111 0.958489 1
0.723435 0.276565 1
0.500248 0.499752 1
0.049668 0.950332 1
0.420492 0.579508 1
0.0686016 0.931398 1
0.060552 0.939448 1
0.48159 0.518409 1
0.316211 0.683788 1
0.0663947 0.933605 1
0.0634554 0.936545 1
0.0643268 0.935673 1
0.151074 0.848926 1
0.0853531 0.914647 1
0.0420957 0.957904 1
0.280976 0.719024 1
0.0333143 0.966686 1
0.688871 0.311129 1
0.0587735 0.941227 1
0.0419742 0.958026 1
0.037462 0.962538 1
0.171991 0.828009 1
0.128789 0.871211 1
0.812737 0.187263 1
0.0307741 0.969226 1
0.171856 0.828144 1
0.1376 0.8624 1
0.414823 0.585177 1
0.0535885 0.946411 1
0.0541109 0.945889 1
0.16094 0.83906 1
0.036443 0.963557 1
0.169901 0.830099 1
0.0505647 0.949435 1
0.37408 0.62592 1
0.0676762 0.932324 1
0.915469 0.0845306 1
0.210107 0.789893 1
0.233888 0.766112 1
0.0490997 0.9509 1
0.0598838 0.940116 1
0.0409999 0.959 1
0.0813543 0.918646 1
0.0865417 0.913458 1
0.0370959 0.962904 1
0.0613855 0.938614 1
0.0376116 0.962388 1
0.134584 0.865416 1
0.0956166 0.904383 1
0.0457774 0.954223 1
0.0397656 0.960234 1
0.116955 0.883045 1
0.748661 0.251339 1
0.0850844 0.914916 1
0.11986 0.88014 1
0.0334275 0.966572 1
0.0619251 0.938075 1
0.268254 0.731746 1
0.124596 0.875404 1
0.344025 0.655975 1
0.331202 0.668798 1
0.111516 0.888484 1
0.738404 0.261596 1
0.0339512 0.966049 1
0.0505084 0.949492 1
0.194319 0.805681 1
0.0440298 0.95597 1
0.291677 0.708323 1
0.810142 0.189858 1
0.740992 0.259008 1
0.214093 0.785907 1
0.0364206 0.963579 1
0.159601 0.840399 1
0.473209 0.526791 1
0.0448555 0.955144 1
0.462426 0.537574 1
0.064896 0.935104 1
0.0409272 0.959073 1
0.0754126 0.924587 1
0.0408451 0.959155 1
0.0592291 0.940771 1
0.0323879 0.967612 1
0.0554483 0.944552 1
0.906149 0.0938508 1
0.0412822 0.958718 1
0.0470967 0.952903 1
0.378693 0.621307 1
0.217897 0.782103 1
0.0616444 0.938356 1
0.210752 0.789248 1
0.121793 0.878207 1
0.042127 0.957873 1
0.0706007 0.929399 1
0.404648 0.595352 1
0.0505179 0.949482 1
0.145293 0.854707 1
0.0370825 0.962918 1
0.535252 0.464748 1
0.0568878 0.943112 1
0.326143 0.673857 1
0.0496332 0.950367 1
0.0778277 0.922172 1
0.0390695 0.96093 1
0.0499499 0.95005 1
0.176435 0.823565 1
0.211221 0.788779 1
0.128693 0.871307 1
0.0450413 0.954959 1
0.124335 0.875665 1
0.132266 0.867734 1
0.0428658 0.957134 1
0.0391207 0.960879 1
0.0629651 0.937035 1
0.0375758 0.962424 1
0.0443995 0.955601 1
0.767775 0.232225 1
0.101001 0.898999 1
0.0688863 0.931114 1
0.198097 0.801903 1
0.186503 0.813497 1
0.0481482 0.951852 1
0.117323 0.882677 1
0.0430234 0.956977 1
0.0914224 0.908578 1
0.0581646 0.941835 1
0.0421203 0.95788 1
0.0413284 0.958672 1
0.266546 0.733454 1
0.0374769 0.962523 1
0.390058 0.609942 1
0.0673137 0.932686 1
0.0786381 0.921362 1
0.0389076 0.961092 1
0.0658733 0.934127 1
0.286759 0.713241 1
0.359029 0.640971 1
0.130412 0.869588 1
0.039686 0.960314 1
0.0413477 0.958652 1
0.0510199 0.94898 1
0.0598816 0.940118 1
0.0567716 0.943228 1
0.0950625 0.904938 1
0.308087 0.691913 1
0.77088 0.22912 1
0.0617423 0.938258 1
0.0470562 0.952944 1
0.815841 0.18416 1
0.245254 0.754745 1
0.434566 0.565434 1
0.0504171 0.949583 1
0.0566853 0.943315 1
0.0729972 0.927003 1
0.0406989 0.959301 1
0.897594 0.102406 1
0.0531606 0.946839 1
0.176325 0.823675 1
0.085691 0.914309 1
0.0737635 0.926237 1
0.0398086 0.960191 1
0.0531028 0.946897 1
0.034958 0.965042 1
0.0721483 0.927852 1
0.0491148 0.950885 1
0.900634 0.0993663 1
0.0451336 0.954866 1
0.0424702 0.95753 1
0.238181 0.761819 1
0.0752635 0.924736 1
0.0477055 0.952295 1
0.0638418 0.936158 1
0.0694624 0.930538 1
0.0507182 0.949282 1
0.0800026 0.919997 1
0.129718 0.870282 1
0.188149 0.811852 1
0.628245 0.371755 1
0.0430954 0.956905 1
0.0748011 0.925199 1
0.0459085 0.954091 1
0.0507774 0.949223 1
0.117319 0.882681 1
0.909994 0.090006 1
0.166582 0.833418 1
0.131552 0.868448 1
0.0414366 0.958563 1
0.0915449 0.908455 1
0.843102 0.156898 1
0.648708 0.351292 1
0.0344224 0.965578 1
0.258409 0.741591 1
0.0503739 0.949626 1
0.044711 0.955289 1
0.0405087 0.959491 1
0.0339536 0.966046 1
0.297711 0.702289 1
0.0975964 0.902404 1
0.100029 0.899971 1
0.0464513 0.953549 1
0.38404 0.61596 1
0.0586247 0.941375 1
0.086224 0.913776 1
0.0710785 0.928922 1
0.0453843 0.954616 1
0.087519 0.912481 1
0.034211 0.965789 1
0.914246 0.0857541 1
0.032631 0.967369 1
0.034283 0.965717 1
0.462303 0.537697 1
0.0981243 0.901876 1
0.0583611 0.941639 1
0.135744 0.864256 1
0.0403875 0.959612 1
0.0542435 0.945756 1
0.228831 0.771169 1
0.0672684 0.932732 1
0.163374 0.836626 1
0.439656 0.560344 1
0.147187 0.852813 1
0.812399 0.187601 1
0.0428508 0.957149 1
0.177503 0.822497 1
0.861029 0.138971 1
0.061111 0.938889 1
0.0605637 0.939436 1
0.549428 0.450572 1
0.0601493 0.939851 1
0.265683 0.734317 1
0.0953476 0.904652 1
0.214312 0.785688 1
0.141062 0.858939 1
0.0926841 0.907316 1
0.109847 0.890153 1
0.0474106 0.952589 1
0.87973 0.12027 1
0.0861452 0.913855 1
0.0318439 0.968156 1
0.0650511 0.934949 1
0.14805 0.85195 1
0.0368741 0.963126 1
0.64115 0.35885 1
0.107256 0.892744 1
0.0482829 0.951717 1
0.0386914 0.961309 1
0.0379947 0.962005 1
0.0795973 0.920403 1
0.230389 0.76961 1
0.130498 0.869502 1
0.0496683 0.950332 1
0.0707795 0.92922 1
0.110787 0.889213 1
0.0512826 0.948717 1
0.0549823 0.945018 1
0.0907581 0.909242 1
0.0723563 0.927644 1
0.0537981 0.946202 1
0.521666 0.478334 1
0.220856 0.779144 1
0.0850618 0.914938 1
0.0597164 0.940284 1
0.193072 0.806928 1
0.564305 0.435695 1
0.896175 0.103825 1
0.0798241 0.920176 1
0.0704115 0.929589 1
0.74558 0.25442 1
0.493079 0.506921 1
0.533909 0.466091 1
0.805384 0.194616 1
0.0328518 0.967148 1
0.368709 0.631291 1
0.41739 0.58261 1
0.0420021 0.957998 1
0.201068 0.798932 1
0.0720018 0.927998 1
0.0355291 0.964471 1
0.070983 0.929017 1
0.34323 0.65677 1
0.1004 0.8996 1
0.0561085 0.943891 1
0.403804 0.596196 1
0.0924503 0.90755 1
0.205848 0.794152 1
0.1892 0.8108 1
0.0348458 0.965154 1
0.038548 0.961452 1
0.496581 0.503419 1
0.0742353 0.925765 1
0.0433806 0.956619 1
0.0923981 0.907602 1
0.95771 0.0422901 1
0.770084 0.229916 1
0.252758 0.747242 1
0.116223 0.883777 1
0.0382711 0.961729 1
0.086973 0.913027 1
0.038944 0.961056 1
0.0502777 0.949722 1
0.294621 0.705379 1
0.266054 0.733946 1
0.13225 0.86775 1
0.044565 0.955435 1
0.0361436 0.963856 1
0.155654 0.844346 1
0.0332014 0.966799 1
0.0677897 0.93221 1
0.0735933 0.926407 1
0.279319 0.720681 1
0.0376164 0.962384 1
0.11442 0.88558 1
0.732785 0.267215 1
0.942462 0.0575385 1
0.0446163 0.955384 1
0.0360267 0.963973 1
0.311429 0.688571 1
0.330791 0.669209 1
0.0466833 0.953317 1
0.0355332 0.964467 1
0.871574 0.128426 1
0.217549 0.782451 1
0.161961 0.838039 1
0.0367279 0.963272 1
0.0844606 0.915539 1
0.0545357 0.945464 1
0.0372654 0.962735 1
0.0391466 0.960853 1
0.0770182 0.922982 1
0.339995 0.660005 1
0.167347 0.832653 1
0.0434176 0.956582 1
0.119732 0.880268 1
0.415866 0.584134 1
0.0519035 0.948097 1
0.377474 0.622526 1
0.0442361 0.955764 1
0.0411035 0.958897 1
0.0469086 0.953091 1
0.0363696 0.96363 1
0.0704276 0.929572 1
0.287873 0.712127 1
0.036992 0.963008 1
0.56647 0.43353 1
0.0403466 0.959653 1
0.0574651 0.942535 1
0.0365979 0.963402 1
0.053087 0.946913 1
0.0488338 0.951166 1
0.0803975 0.919603 1
0.0307609 0.969239 1
0.903431 0.0965693 1
0.0793406 0.920659 1
0.0467373 0.953263 1
0.0673093 0.932691 1
0.0969449 0.903055 1
0.0360875 0.963913 1
0.0613367 0.938663 1
0.420152 0.579848 1
0.163453 0.836547 1
0.06147 0.93853 1
0.0414019 0.958598 1
0.161272 0.838728 1
0.759706 0.240294 1
0.105958 0.894042 1
0.0588664 0.941134 1
0.0520333 0.947967 1
0.0433905 0.956609 1
0.13664 0.86336 1
0.715241 0.284759 1
0.0723309 0.927669 1
0.776095 0.223905 1
0.215399 0.784601 1
0.0560887 0.943911 1
0.66041 0.33959 1
0.373425 0.626575 1
0.309979 0.690021 1
0.0400408 0.959959 1
0.29941 0.70059 1
0.114192 0.885808 1
0.0790345 0.920965 1
0.0400129 0.959987 1
0.220646 0.779354 1
0.627156 0.372844 1
0.0460179 0.953982 1
0.03179 0.96821 1
0.0492955 0.950705 1
0.0711996 0.9288 1
0.244361 0.755638 1
0.221077 0.778923 1
0.0546344 0.945366 1
0.681821 0.318179 1
0.131112 0.868888 1
0.154828 0.845172 1
0.302974 0.697026 1
0.369948 0.630052 1
0.236695 0.763305 1
0.0414891 0.958511 1
0.735545 0.264455 1
0.121038 0.878962 1
0.183121 0.816879 1
0.0378584 0.962142 1
0.03391 0.96609 1
0.0507616 0.949238 1
0.0467165 0.953283 1
0.0355303 0.96447 1
0.0325595 0.96744 1
0.0715437 0.928456 1
0.0417126 0.958287 1
0.0822676 0.917732 1
0.109898 0.890102 1
0.0397421 0.960258 1
0.0804768 0.919523 1
0.0748021 0.925198 1
0.48 0.52 1
0.120912 0.879088 1
0.0603109 0.939689 1
0.84 0.16 1
0.0874383 0.912562 1
0.164729 0.835271 1
0.178521 0.821479 1
0.365313 0.634687 1
0.204372 0.795628 1
0.0400723 0.959928 1
0.875921 0.124079 1
0.0455758 0.954424 1
0.0869631 0.913037 1
0.54487 0.455129 1
0.0627916 0.937208 1
0.227943 0.772057 1
0.483308 0.516692 1
0.0426785 0.957321 1
0.0418722 0.958128 1
0.0494347 0.950565 1
0.10086 0.89914 1
0.0597631 0.940237 1
0.189573 0.810427 1
0.660203 0.339797 1
0.0551854 0.944815 1
0.0882254 0.911775 1
0.083622 0.916378 1
0.0385096 0.96149 1
0.0461928 0.953807 1
0.247898 0.752102 1
0.933659 0.0663408 1
0.544622 0.455378 1
0.137202 0.862798 1
0.0646292 0.935371 1
0.0710239 0.928976 1
0.0780823 0.921918 1
0.0636041 0.936396 1
0.0365604 0.96344 1
0.0422692 0.957731 1
0.138337 0.861663 1
0.111621 0.888379 1
0.899413 0.100587 1
0.035338 0.964662 1
0.0666032 0.933397 1
0.441841 0.558159 1
0.234526 0.765474 1
0.0797474 0.920253 1
0.948383 0.0516173 1
0.0407951 0.959205 1
0.278791 0.721209 1
0.268271 0.731729 1
0.0349336 0.965066 1
0.380042 0.619958 1
