0.9876 0.0124003 0
0.982385 0.0176147 0
0.930154 0.0698462 0
0.962631 0.0373686 0
0.476118 0.523882 0
0.985999 0.0140011 0
0.953215 0.0467852 0
0.944108 0.0558925 0
0.956424 0.043576 0
0.672223 0.327777 0
0.964721 0.0352787 0
0.881926 0.118074 0
0.931218 0.0687816 0
0.450821 0.549179 0
0.951825 0.0481753 0
0.726041 0.273959 0
0.165562 0.834438 0
0.767529 0.232471 0
0.273845 0.726155 0
0.96886 0.03114 0
0.968096 0.0319044 0
0.958033 0.0419668 0
0.986516 0.0134844 0
0.778553 0.221447 0
0.928331 0.0716688 0
0.961266 0.0387344 0
0.991994 0.00800598 0
0.965186 0.0348139 0
0.957575 0.0424249 0
0.950193 0.0498073 0
0.938754 0.0612463 0
0.565626 0.434374 0
0.965047 0.0349535 0
0.990584 0.009416 0
0.590701 0.409299 0
0.980265 0.0197353 0
0.98794 0.0120601 0
0.733147 0.266853 0
0.961198 0.0388019 0
0.979874 0.0201259 0
0.926609 0.0733907 0
0.899432 0.100568 0
0.969638 0.0303625 0
0.688357 0.311643 0
0.981921 0.0180793 0
0.973736 0.026264 0
0.969894 0.0301065 0
0.917384 0.0826164 0
0.990053 0.00994651 0
0.929708 0.0702921 0
0.937949 0.0620507 0
0.961045 0.0389549 0
0.913348 0.0866524 0
0.988189 0.0118107 0
0.954789 0.0452108 0
0.986816 0.0131842 0
0.990597 0.00940274 0
0.930891 0.0691091 0
0.606312 0.393689 0
0.9289 0.0710997 0
0.0246427 0.975357 0
0.988651 0.0113494 0
0.555219 0.444781 0
0.970895 0.0291048 0
0.549308 0.450692 0
0.989356 0.0106437 0
0.308865 0.691135 0
0.980316 0.0196837 0
0.778588 0.221412 0
0.990483 0.00951735 0
0.97982 0.0201796 0
0.904 0.0959997 0
0.968687 0.0313134 0
0.960944 0.0390563 0
0.210157 0.789843 0
0.974184 0.0258162 0
0.988192 0.0118084 0
0.956863 0.0431368 0
0.983861 0.0161394 0
0.857617 0.142383 0
0.965419 0.0345812 0
0.986367 0.0136328 0
0.988145 0.011855 0
0.682576 0.317424 0
0.69156 0.30844 0
0.973828 0.0261723 0
0.78532 0.21468 0
0.955767 0.0442331 0
0.830973 0.169027 0
0.917634 0.0823655 0
0.918618 0.0813825 0
0.968038 0.0319619 0
0.991265 0.00873516 0
0.969963 0.0300368 0
0.984552 0.0154476 0
0.979941 0.0200591 0
0.98903 0.0109698 0
0.909983 0.0900169 0
0.960428 0.039572 0
0.989506 0.0104937 0
0.874285 0.125715 0
0.979233 0.0207673 0
0.990552 0.00944792 0
0.983098 0.0169025 0
0.992785 0.00721542 0
0.573895 0.426105 0
0.974205 0.0257944 0
0.890643 0.109357 0
0.979546 0.020454 0
0.978811 0.0211886 0
0.87059 0.12941 0
0.989284 0.0107164 0
0.164146 0.835854 0
0.981498 0.0185018 0
0.992873 0.00712669 0
0.972178 0.0278217 0
0.641608 0.358392 0
0.449127 0.550873 0
0.487969 0.512031 0
0.0606817 0.939318 0
0.940305 0.0596951 0
0.883142 0.116858 0
0.967735 0.0322652 0
0.99052 0.00947964 0
0.987872 0.0121281 0
0.963845 0.0361554 0
0.885761 0.114239 0
0.975736 0.0242636 0
0.52746 0.47254 0
0.987893 0.0121076 0
0.0103717 0.989628 0
0.842643 0.157357 0
0.961218 0.0387818 0
0.974187 0.0258128 0
0.992787 0.00721285 0
0.994457 0.00554252 0
0.774015 0.225985 0
0.990787 0.00921258 0
0.976224 0.0237763 0
0.909987 0.0900128 0
0.975049 0.0249512 0
0.973389 0.0266112 0
0.972266 0.0277344 0
0.989479 0.0105205 0
0.947054 0.0529458 0
0.983448 0.016552 0
0.989623 0.0103765 0
0.955043 0.0449572 0
0.938849 0.0611508 0
0.590248 0.409752 0
0.967525 0.032475 0
0.935284 0.0647164 0
0.97661 0.0233897 0
0.677224 0.322776 0
0.472688 0.527312 0
0.718896 0.281104 0
0.958969 0.0410307 0
0.672308 0.327692 0
0.748231 0.251769 0
0.900141 0.0998586 0
0.965797 0.0342031 0
0.96868 0.0313197 0
0.990914 0.00908554 0
0.992414 0.00758625 0
0.932017 0.0679831 0
0.931133 0.0688673 0
0.785336 0.214664 0
0.988472 0.0115279 0
0.98113 0.0188704 0
0.988982 0.011018 0
0.967699 0.0323009 0
0.34477 0.65523 0
0.0535313 0.946469 0
0.983897 0.0161032 0
0.962201 0.0377993 0
0.934044 0.0659561 0
0.181314 0.818686 0
0.885157 0.114843 0
0.952613 0.0473873 0
0.899888 0.100112 0
0.969915 0.0300848 0
0.982024 0.0179763 0
0.961654 0.0383465 0
0.214778 0.785222 0
0.387911 0.612089 0
0.61719 0.38281 0
0.991364 0.00863626 0
0.0441978 0.955802 0
0.796596 0.203404 0
0.95738 0.04262 0
0.98843 0.0115699 0
0.963453 0.0365467 0
0.933345 0.0666551 0
0.945906 0.0540935 0
0.985872 0.014128 0
0.990982 0.00901809 0
0.980031 0.0199687 0
0.679779 0.320221 0
0.983438 0.0165621 0
0.955412 0.0445884 0
0.962399 0.0376011 0
0.983511 0.0164889 0
0.783486 0.216514 0
0.983255 0.0167447 0
0.347126 0.652874 0
0.976708 0.0232923 0
0.989236 0.0107643 0
0.966176 0.0338238 0
0.984102 0.0158984 0
0.60096 0.39904 0
0.679069 0.320931 0
0.120979 0.879021 0
0.983193 0.0168066 0
0.931096 0.0689041 0
0.968064 0.0319364 0
0.949902 0.0500984 0
0.174051 0.825949 0
0.9886 0.0114 0
0.902385 0.0976152 0
0.666726 0.333274 0
0.988827 0.0111729 0
0.98812 0.0118801 0
0.994654 0.00534629 0
0.890565 0.109435 0
0.981996 0.0180041 0
0.921084 0.0789162 0
0.0676786 0.932321 0
0.985033 0.0149674 0
0.705975 0.294025 0
0.967427 0.0325732 0
0.433898 0.566102 0
0.910362 0.0896381 0
0.741637 0.258363 0
0.990536 0.00946405 0
0.978638 0.021362 0
0.986483 0.013517 0
0.980955 0.0190448 0
0.817169 0.182831 0
0.991759 0.00824078 0
0.985905 0.0140946 0
0.382236 0.617764 0
0.92775 0.0722505 0
0.346601 0.653399 0
0.991034 0.00896617 0
0.949901 0.0500991 0
0.846328 0.153672 0
0.969304 0.0306957 0
0.988155 0.0118454 0
0.936749 0.0632514 0
0.510002 0.489998 0
0.481982 0.518018 0
0.983936 0.0160643 0
0.988169 0.0118307 0
0.892137 0.107863 0
0.46433 0.53567 0
0.638626 0.361374 0
0.98774 0.0122605 0
0.394998 0.605002 0
0.135588 0.864412 0
0.95434 0.0456597 0
0.929571 0.0704286 0
0.215579 0.784421 0
0.983567 0.0164325 0
0.82105 0.17895 0
0.98248 0.01752 0
0.923397 0.076603 0
0.957395 0.0426045 0
0.985316 0.0146841 0
0.890179 0.109821 0
0.988096 0.0119037 0
0.972233 0.0277671 0
0.226874 0.773125 0
0.984104 0.0158956 0
0.707096 0.292904 0
0.991905 0.00809491 0
0.980433 0.0195669 0
0.978646 0.0213542 0
0.986031 0.0139686 0
0.984541 0.0154592 0
0.263178 0.736822 0
0.949885 0.0501153 0
0.524906 0.475094 0
0.987855 0.012145 0
0.979382 0.0206184 0
0.816447 0.183553 0
0.954725 0.0452749 0
0.989877 0.0101233 0
0.983664 0.0163356 0
0.976118 0.0238825 0
0.903477 0.0965231 0
0.28122 0.71878 0
0.988651 0.0113486 0
0.228473 0.771527 0
0.886297 0.113703 0
0.956671 0.0433293 0
0.980128 0.0198722 0
0.989832 0.0101684 0
0.94291 0.0570895 0
0.983936 0.0160636 0
0.9876 0.0124 0
0.918458 0.0815421 0
0.978841 0.0211592 0
0.982769 0.0172314 0
0.990592 0.00940793 0
0.927512 0.0724881 0
0.98142 0.0185797 0
0.692741 0.307259 0
0.98592 0.0140797 0
0.990547 0.00945335 0
0.987509 0.0124905 0
0.984171 0.0158295 0
0.771752 0.228248 0
0.968942 0.0310577 0
0.981404 0.0185958 0
0.957137 0.0428633 0
0.980661 0.0193391 0
0.794579 0.205421 0
0.692998 0.307002 0
0.8905 0.1095 0
0.751114 0.248886 0
0.985117 0.0148829 0
0.879127 0.120873 0
0.969508 0.0304923 0
0.984726 0.0152741 0
0.133272 0.866728 0
0.950179 0.0498212 0
0.962689 0.0373111 0
0.984878 0.0151225 0
0.984606 0.0153936 0
0.449194 0.550806 0
0.977955 0.0220455 0
0.976364 0.0236363 0
0.974496 0.0255039 0
0.987091 0.012909 0
0.96906 0.03094 0
0.97864 0.0213601 0
0.87446 0.12554 0
0.986777 0.0132233 0
0.850505 0.149495 0
0.656916 0.343084 0
0.97144 0.0285602 0
0.81006 0.18994 0
0.989964 0.0100364 0
0.991901 0.00809884 0
0.954687 0.0453135 0
0.988904 0.0110956 0
0.987538 0.0124622 0
0.586821 0.413179 0
0.949701 0.0502987 0
0.850662 0.149338 0
0.954007 0.0459927 0
0.302766 0.697234 0
0.977689 0.0223111 0
0.989925 0.0100749 0
0.988257 0.0117433 0
0.947104 0.0528958 0
0.987456 0.0125441 0
0.982027 0.0179731 0
0.979956 0.0200442 0
0.439514 0.560486 0
0.954966 0.0450338 0
0.986262 0.0137377 0
0.629279 0.370721 0
0.992621 0.00737885 0
0.967238 0.0327619 0
0.678115 0.321885 0
0.990613 0.0093874 0
0.981138 0.0188621 0
0.860117 0.139883 0
0.975353 0.024647 0
0.919172 0.0808279 0
0.980998 0.0190015 0
0.917352 0.082648 0
0.131721 0.868279 0
0.973779 0.026221 0
0.983278 0.0167216 0
0.985668 0.0143318 0
0.967752 0.0322484 0
0.725533 0.274467 0
0.935975 0.0640251 0
0.982243 0.0177566 0
0.973297 0.026703 0
0.901567 0.0984331 0
0.97189 0.0281101 0
0.985318 0.0146823 0
0.962953 0.0370473 0
0.980114 0.0198861 0
0.990613 0.00938679 0
0.0112587 0.988741 0
0.987456 0.0125436 0
0.246845 0.753155 0
0.933548 0.0664516 0
0.906634 0.093366 0
0.990159 0.00984057 0
0.981598 0.0184023 0
0.979466 0.0205338 0
0.988968 0.011032 0
0.988511 0.0114885 0
0.956097 0.0439035 0
0.42808 0.57192 0
0.917166 0.082834 0
0.915001 0.0849995 0
0.962948 0.037052 0
0.965272 0.0347277 0
0.983989 0.0160112 0
0.837896 0.162104 0
0.98216 0.01784 0
0.927081 0.0729189 0
0.792068 0.207933 0
0.980489 0.0195111 0
0.962523 0.0374766 0
0.854918 0.145082 0
0.983435 0.0165648 0
0.357256 0.642744 0
0.620302 0.379698 0
0.0304179 0.969582 0
0.972849 0.0271513 0
0.876385 0.123615 0
0.988453 0.0115466 0
0.813849 0.186151 0
0.987882 0.012118 0
0.874047 0.125953 0
0.312172 0.687828 0
0.867185 0.132815 0
0.762709 0.237291 0
0.890567 0.109433 0
0.832048 0.167952 0
0.927567 0.0724326 0
0.73149 0.26851 0
0.985413 0.0145874 0
0.891643 0.108357 0
0.953376 0.0466241 0
0.0124497 0.98755 0
0.967185 0.0328149 0
0.974934 0.0250663 0
0.984019 0.0159814 0
0.960968 0.0390319 0
0.947665 0.0523352 0
0.96387 0.0361295 0
0.64279 0.35721 0
0.866048 0.133952 0
0.955816 0.044184 0
0.834565 0.165435 0
0.98526 0.0147398 0
0.484794 0.515206 0
0.735383 0.264617 0
0.965988 0.0340124 0
0.930525 0.0694752 0
0.992412 0.00758812 0
0.970514 0.0294861 0
0.980248 0.0197523 0
0.991795 0.00820507 0
0.408135 0.591865 0
0.979041 0.0209591 0
0.991235 0.00876454 0
0.990137 0.00986274 0
0.974267 0.0257327 0
0.991598 0.00840213 0
0.96578 0.0342195 0
0.878842 0.121158 0
0.971977 0.0280232 0
0.968067 0.0319334 0
0.973504 0.0264964 0
0.026903 0.973097 0
0.988405 0.0115953 0
0.962869 0.0371307 0
0.840989 0.159011 0
0.982832 0.0171678 0
0.884759 0.115241 0
0.982944 0.0170565 0
0.933192 0.0668077 0
0.649317 0.350683 0
0.98656 0.0134396 0
0.907717 0.092283 0
0.976162 0.0238381 0
0.988351 0.0116489 0
0.677783 0.322217 0
0.926365 0.0736354 0
0.590538 0.409462 0
0.962676 0.037324 0
0.958719 0.0412806 0
0.062164 0.937836 0
0.988503 0.0114975 0
0.173476 0.826524 0
0.962054 0.0379463 0
0.281819 0.71818 0
0.976357 0.0236427 0
0.646124 0.353876 0
0.836341 0.163659 0
0.981551 0.0184493 0
0.968976 0.031024 0
0.947291 0.0527087 0
0.984491 0.015509 0
0.98285 0.0171503 0
0.973278 0.0267215 0
0.425377 0.574623 0
0.986665 0.0133351 0
0.98555 0.0144499 0
0.980357 0.0196432 0
0.52753 0.47247 0
0.949677 0.0503226 0
0.89216 0.10784 0
0.972236 0.0277641 0
0.990846 0.00915372 0
0.958419 0.041581 0
0.957797 0.0422029 0
0.992604 0.00739606 0
0.991383 0.00861676 0
0.937289 0.0627112 0
0.988605 0.0113946 0
0.974012 0.0259878 0
0.823533 0.176467 0
0.990961 0.00903904 0
0.952052 0.0479481 0
0.89022 0.10978 0
0.987516 0.0124844 0
0.824384 0.175616 0
0.457246 0.542754 0
0.988941 0.0110586 0
0.697337 0.302663 0
0.988181 0.0118187 0
0.503013 0.496987 0
0.89608 0.10392 0
0.980072 0.0199281 0
0.377041 0.622959 0
0.981461 0.0185392 0
0.980845 0.0191546 0
0.962572 0.0374285 0
0.979989 0.0200113 0
0.919479 0.0805213 0
0.982291 0.0177092 0
0.955478 0.0445223 0
0.762853 0.237147 0
0.991443 0.0085567 0
0.983398 0.0166024 0
0.963917 0.0360834 0
0.975242 0.0247579 0
0.982026 0.0179744 0
0.991595 0.00840478 0
0.203314 0.796686 0
0.915746 0.0842536 0
0.208831 0.791169 0
0.858436 0.141564 0
0.950888 0.0491125 0
0.952692 0.0473082 0
0.972606 0.0273939 0
0.948632 0.0513683 0
0.916522 0.083478 0
0.912013 0.0879868 0
0.295153 0.704847 0
0.987924 0.0120759 0
0.975168 0.0248319 0
0.0217009 0.978299 0
0.125048 0.874952 0
0.975944 0.0240564 0
0.976523 0.0234775 0
0.989593 0.0104071 0
0.909857 0.0901425 0
0.97532 0.0246795 0
0.948051 0.0519494 0
0.982672 0.0173279 0
0.805441 0.194559 0
0.922435 0.0775649 0
0.982733 0.0172672 0
0.965505 0.0344947 0
0.973463 0.0265368 0
0.0322936 0.967706 0
0.988368 0.0116315 0
0.958885 0.0411147 0
0.970742 0.0292577 0
0.985157 0.0148432 0
0.982087 0.0179127 0
0.744355 0.255645 0
0.929759 0.0702406 0
0.926111 0.0738889 0
0.983317 0.0166825 0
0.979276 0.0207241 0
0.990356 0.00964421 0
0.856723 0.143277 0
0.988884 0.011116 0
0.66303 0.33697 0
0.989408 0.0105922 0
0.92386 0.0761396 0
0.98021 0.0197902 0
0.927346 0.0726536 0
0.909822 0.0901781 0
0.973237 0.0267631 0
0.919472 0.0805278 0
0.988599 0.0114014 0
0.138774 0.861226 0
0.651991 0.348009 0
0.960313 0.0396873 0
0.994574 0.00542624 0
0.990904 0.00909604 0
0.892975 0.107025 0
0.959222 0.0407776 0
0.989885 0.010115 0
0.845607 0.154393 0
0.813515 0.186485 0
0.982967 0.0170331 0
0.993483 0.0065166 0
0.978264 0.0217359 0
0.195363 0.804637 0
0.0527808 0.947219 0
0.985129 0.0148709 0
0.533634 0.466366 0
0.992058 0.00794152 0
0.973667 0.026333 0
0.981841 0.0181591 0
0.988922 0.0110782 0
0.959493 0.0405067 0
0.985824 0.014176 0
0.831524 0.168476 0
0.337233 0.662767 0
0.806604 0.193396 0
0.39829 0.60171 0
0.876612 0.123388 0
0.986561 0.0134393 0
0.716869 0.283131 0
0.518957 0.481043 0
0.977329 0.0226707 0
0.989595 0.0104049 0
0.583212 0.416788 0
0.931257 0.0687433 0
0.0416996 0.9583 0
0.973029 0.0269709 0
0.797634 0.202366 0
0.987763 0.0122369 0
0.0549568 0.945043 0
0.985933 0.0140669 0
0.967828 0.0321723 0
0.667165 0.332835 0
0.987804 0.0121959 0
0.775945 0.224055 0
0.818661 0.181339 0
0.40732 0.59268 0
0.989073 0.0109272 0
0.866931 0.133069 0
0.546123 0.453877 0
0.984896 0.015104 0
0.988805 0.011195 0
0.859794 0.140206 0
0.915669 0.0843309 0
0.907652 0.0923484 0
0.991448 0.00855162 0
0.966972 0.0330277 0
0.962404 0.0375956 0
0.662877 0.337123 0
0.992199 0.00780098 0
0.989585 0.0104149 0
0.978662 0.0213381 0
0.987163 0.012837 0
0.974666 0.0253342 0
0.971301 0.0286986 0
0.976676 0.0233241 0
0.928298 0.0717022 0
0.387974 0.612026 0
0.979892 0.0201076 0
0.982647 0.0173529 0
0.314564 0.685436 0
0.966518 0.0334824 0
0.986419 0.0135808 0
0.990418 0.00958158 0
0.990727 0.00927294 0
0.955535 0.0444653 0
0.391418 0.608582 0
0.0416156 0.958384 0
0.989464 0.0105357 0
0.977042 0.0229585 0
0.984728 0.0152722 0
0.961792 0.0382083 0
0.979559 0.020441 0
0.852092 0.147908 0
0.437183 0.562817 0
0.984476 0.0155236 0
0.948398 0.0516017 0
0.863039 0.136961 0
0.959435 0.0405652 0
0.951304 0.0486964 0
0.658459 0.34154 0
0.855772 0.144228 0
0.483976 0.516024 0
0.79631 0.20369 0
0.601094 0.398906 0
0.966419 0.0335808 0
0.946891 0.0531088 0
0.982954 0.0170462 0
0.909164 0.0908362 0
0.981719 0.0182807 0
0.921854 0.078146 0
0.933623 0.0663765 0
0.608471 0.391529 0
0.967396 0.0326037 0
0.98172 0.0182796 0
0.983781 0.0162186 0
0.885632 0.114368 0
0.990514 0.00948613 0
0.931802 0.0681978 0
0.988098 0.0119019 0
0.911778 0.0882224 0
0.815598 0.184402 0
0.990232 0.00976831 0
0.823199 0.176801 0
0.986717 0.0132828 0
0.980238 0.019762 0
0.839141 0.160859 0
0.980859 0.0191408 0
0.983151 0.0168486 0
0.881298 0.118702 0
0.952375 0.0476254 0
0.92893 0.0710696 0
0.973047 0.026953 0
0.868702 0.131298 0
0.965308 0.034692 0
0.948975 0.0510254 0
0.673355 0.326645 0
0.583668 0.416332 0
0.938615 0.0613846 0
0.989094 0.0109057 0
0.94468 0.0553203 0
0.726414 0.273586 0
0.985302 0.0146978 0
0.98846 0.0115405 0
0.533867 0.466134 0
0.0772433 0.922757 0
0.984821 0.0151793 0
0.992934 0.00706557 0
0.399583 0.600417 0
0.990899 0.00910087 0
0.939578 0.0604218 0
0.980715 0.0192852 0
0.868142 0.131858 0
0.950343 0.0496574 0
0.986938 0.0130622 0
0.994258 0.00574181 0
0.90239 0.0976105 0
0.721617 0.278383 0
0.794897 0.205103 0
0.987436 0.0125641 0
0.932109 0.0678914 0
0.963683 0.0363173 0
0.773106 0.226894 0
0.913021 0.0869787 0
0.819979 0.180021 0
0.940947 0.0590528 0
0.909044 0.0909562 0
0.210336 0.789664 0
0.980284 0.0197164 0
0.942655 0.0573449 0
0.769999 0.230001 0
0.916974 0.0830259 0
0.596223 0.403777 0
0.28944 0.71056 0
0.690401 0.309599 0
0.984501 0.0154994 0
0.960475 0.0395248 0
0.895852 0.104148 0
0.985635 0.0143649 0
0.920279 0.0797211 0
0.986364 0.0136356 0
0.909389 0.0906109 0
0.960648 0.0393524 0
0.982307 0.0176934 0
0.96383 0.0361699 0
0.399859 0.600141 0
0.940075 0.0599251 0
0.98558 0.0144201 0
0.984112 0.0158875 0
0.966495 0.0335053 0
0.944777 0.0552234 0
0.406677 0.593323 0
0.86742 0.13258 0
0.978415 0.0215855 0
0.984656 0.0153438 0
0.952227 0.0477735 0
0.981053 0.0189473 0
0.989162 0.0108376 0
0.978274 0.0217258 0
0.989048 0.0109522 0
0.056475 0.943525 0
0.526465 0.473535 0
0.943252 0.0567483 0
0.984956 0.0150435 0
0.974873 0.0251266 0
0.981464 0.0185358 0
0.662713 0.337287 0
0.38096 0.61904 0
0.981499 0.0185013 0
0.463653 0.536347 0
0.987959 0.0120412 0
0.469009 0.530991 0
0.97547 0.0245298 0
0.81916 0.18084 0
0.983123 0.0168773 0
0.784979 0.215021 0
0.948554 0.0514461 0
0.986794 0.0132058 0
0.903109 0.0968909 0
0.899705 0.100295 0
0.988964 0.0110356 0
0.497139 0.502861 0
0.846931 0.153069 0
0.954985 0.0450145 0
0.65526 0.34474 0
0.990258 0.0097422 0
0.966108 0.0338922 0
0.984991 0.0150085 0
0.973532 0.0264683 0
0.866348 0.133652 0
0.991494 0.00850556 0
0.987943 0.0120568 0
0.992591 0.00740941 0
0.960331 0.0396692 0
0.930597 0.0694027 0
0.793754 0.206246 0
0.37433 0.62567 0
0.982985 0.017015 0
0.987018 0.0129821 0
0.98187 0.0181305 0
0.98618 0.0138196 0
0.981459 0.0185409 0
0.982353 0.0176473 0
0.733144 0.266856 0
0.630988 0.369012 0
0.972122 0.0278784 0
0.936178 0.0638218 0
0.693671 0.306329 0
0.893131 0.106869 0
0.883577 0.116423 0
0.92252 0.0774802 0
0.952013 0.0479874 0
0.972309 0.0276911 0
0.953961 0.0460388 0
0.926781 0.0732187 0
0.9421 0.0579004 0
0.926229 0.0737711 0
0.986427 0.0135728 0
0.991861 0.00813947 0
0.977132 0.0228677 0
0.953528 0.0464723 0
0.981577 0.0184233 0
0.889614 0.110386 0
0.949422 0.0505783 0
0.953324 0.0466762 0
0.979213 0.0207867 0
0.965825 0.0341748 0
0.944625 0.0553748 0
0.67962 0.32038 0
0.938401 0.0615985 0
0.854445 0.145555 0
0.96996 0.0300398 0
0.184984 0.815016 0
0.98332 0.0166799 0
0.887609 0.112391 0
0.960427 0.0395728 0
0.986242 0.013758 0
0.991027 0.00897306 0
0.335531 0.664469 0
0.972056 0.0279437 0
0.862619 0.137381 0
0.983858 0.0161422 0
0.845449 0.154551 0
0.989219 0.0107814 0
0.909758 0.0902419 0
0.532717 0.467283 0
0.98264 0.0173605 0
0.981502 0.0184977 0
0.909694 0.0903064 0
0.467608 0.532392 0
0.742577 0.257423 0
0.797829 0.202171 0
0.950549 0.0494513 0
0.97602 0.0239804 0
0.924014 0.075986 0
0.678883 0.321117 0
0.626428 0.373572 0
0.937325 0.0626746 0
0.984939 0.0150613 0
0.861771 0.138229 0
0.976525 0.0234753 0
0.988145 0.0118548 0
0.93956 0.0604401 0
0.944875 0.055125 0
0.804376 0.195624 0
0.576544 0.423456 0
0.990633 0.00936752 0
0.951782 0.048218 0
0.987169 0.0128315 0
0.886941 0.113059 0
0.650168 0.349832 0
0.985165 0.0148353 0
0.993864 0.00613586 0
0.97587 0.0241299 0
0.737717 0.262283 0
0.939727 0.0602725 0
0.737209 0.262791 0
0.985129 0.0148711 0
0.980774 0.019226 0
0.981865 0.0181349 0
0.151367 0.848633 0
0.970018 0.0299815 0
0.680119 0.319881 0
0.816925 0.183075 0
0.982692 0.0173078 0
0.990211 0.00978891 0
0.979106 0.0208938 0
0.971256 0.0287441 0
0.764742 0.235258 0
0.976842 0.0231585 0
0.847867 0.152133 0
0.975457 0.0245431 0
0.987422 0.0125783 0
0.99244 0.00756034 0
0.78892 0.211081 0
0.989636 0.0103636 0
0.985064 0.0149363 0
0.962962 0.0370379 0
0.966894 0.0331064 0
0.990397 0.0096029 0
0.963447 0.0365528 0
0.989556 0.0104443 0
0.976245 0.0237554 0
0.757863 0.242137 0
0.930809 0.0691907 0
0.89952 0.10048 0
0.921403 0.0785968 0
0.962229 0.0377712 0
0.975506 0.0244938 0
0.99151 0.00848966 0
0.977881 0.0221194 0
0.932868 0.0671318 0
0.982855 0.0171453 0
0.860178 0.139822 0
0.984914 0.0150856 0
0.991969 0.00803063 0
0.989226 0.0107742 0
0.965201 0.0347991 0
0.990915 0.00908535 0
0.416294 0.583706 0
0.805444 0.194556 0
0.988997 0.0110029 0
0.963352 0.0366484 0
0.985897 0.0141028 0
0.755957 0.244043 0
0.98723 0.0127698 0
0.865144 0.134856 0
0.984095 0.015905 0
0.85471 0.14529 0
0.988859 0.0111406 0
0.990827 0.00917315 0
0.972382 0.0276181 0
0.900187 0.0998126 0
0.983264 0.0167364 0
0.986269 0.0137309 0
0.812668 0.187332 0
0.987975 0.0120254 0
0.989691 0.0103087 0
0.979254 0.0207457 0
0.987362 0.0126384 0
0.849935 0.150065 0
0.883868 0.116132 0
0.986964 0.0130361 0
0.926778 0.0732221 0
0.546572 0.453428 0
0.976707 0.0232928 0
0.858262 0.141738 0
0.903914 0.0960855 0
0.913454 0.0865457 0
0.971672 0.028328 0
0.950735 0.0492646 0
0.0723746 0.927625 0
0.273502 0.726498 0
0.958888 0.0411121 0
0.933028 0.066972 0
0.823734 0.176267 0
0.967788 0.032212 0
0.867477 0.132523 0
0.989949 0.0100511 0
0.973385 0.0266147 0
0.977097 0.0229026 0
0.968837 0.0311631 0
0.0219042 0.978096 0
0.67839 0.32161 0
0.276018 0.723982 0
0.608001 0.391999 0
0.986766 0.0132337 0
0.985378 0.0146224 0
0.989753 0.0102473 0
0.990433 0.00956675 0
0.805266 0.194734 0
0.975322 0.024678 0
0.370183 0.629817 0
0.0504824 0.949518 0
0.979728 0.0202724 0
0.902461 0.097539 0
0.365273 0.634727 0
0.987202 0.0127984 0
0.454644 0.545356 0
0.984016 0.0159837 0
0.910927 0.089073 0
0.0103273 0.989673 1
0.200528 0.799472 1
0.876624 0.123376 1
0.0555846 0.944415 1
0.165166 0.834834 1
0.215449 0.784551 1
0.0903399 0.90966 1
0.0154041 0.984596 1
0.550702 0.449298 1
0.119787 0.880213 1
0.0208439 0.979156 1
0.859024 0.140976 1
0.0148768 0.985123 1
0.251336 0.748664 1
0.0134138 0.986586 1
0.224929 0.775071 1
0.176443 0.823557 1
0.0610949 0.938905 1
0.126451 0.873549 1
0.728704 0.271296 1
0.0996597 0.90034 1
0.0162268 0.983773 1
0.0713104 0.92869 1
0.23466 0.76534 1
0.0177812 0.982219 1
0.107445 0.892555 1
0.0345436 0.965456 1
0.0182816 0.981718 1
0.0640142 0.935986 1
0.0401506 0.959849 1
0.0241483 0.975852 1
0.0800166 0.919983 1
0.190793 0.809207 1
0.00843825 0.991562 1
0.101547 0.898453 1
0.03287 0.96713 1
0.054932 0.945068 1
0.016062 0.983938 1
0.0105456 0.989454 1
0.052992 0.947008 1
0.0940194 0.905981 1
0.186904 0.813096 1
0.0211232 0.978877 1
0.74956 0.25044 1
0.0115278 0.988472 1
0.0535956 0.946404 1
0.0123766 0.987623 1
0.527452 0.472548 1
0.502292 0.497708 1
0.852588 0.147412 1
0.0117117 0.988288 1
0.0815602 0.91844 1
0.842808 0.157192 1
0.0112952 0.988705 1
0.643411 0.356589 1
0.639096 0.360904 1
0.0467646 0.953235 1
0.028674 0.971326 1
0.11339 0.88661 1
0.177561 0.822439 1
0.173333 0.826667 1
0.154976 0.845024 1
0.0124146 0.987585 1
0.0139486 0.986051 1
0.0306303 0.96937 1
0.740371 0.259629 1
0.0332011 0.966799 1
0.153608 0.846392 1
0.0819843 0.918016 1
0.0223198 0.97768 1
0.0785737 0.921426 1
0.0231805 0.976819 1
0.0628193 0.937181 1
0.267065 0.732935 1
0.932486 0.0675143 1
0.0688132 0.931187 1
0.0194341 0.980566 1
0.120918 0.879082 1
0.00665911 0.993341 1
0.012018 0.987982 1
0.0216812 0.978319 1
0.193215 0.806785 1
0.707782 0.292218 1
0.00707042 0.99293 1
0.409544 0.590456 1
0.185574 0.814426 1
0.059363 0.940637 1
0.0129613 0.987039 1
0.115887 0.884113 1
0.215018 0.784982 1
0.0301026 0.969897 1
0.00685218 0.993148 1
0.170978 0.829022 1
0.0695765 0.930423 1
0.0142823 0.985718 1
0.0253609 0.974639 1
0.00713206 0.992868 1
0.698697 0.301303 1
0.092733 0.907267 1
0.380833 0.619167 1
0.0240222 0.975978 1
0.0598306 0.940169 1
0.736646 0.263354 1
0.0206861 0.979314 1
0.0456591 0.954341 1
0.46262 0.53738 1
0.0264111 0.973589 1
0.0833623 0.916638 1
0.0410303 0.95897 1
0.0867272 0.913273 1
0.0234284 0.976572 1
0.0423276 0.957672 1
0.684347 0.315653 1
0.0227787 0.977221 1
0.19216 0.80784 1
0.014435 0.985565 1
0.0128031 0.987197 1
0.0171217 0.982878 1
0.0141455 0.985854 1
0.0433394 0.956661 1
0.0969858 0.903014 1
0.0979349 0.902065 1
0.037072 0.962928 1
0.4453 0.5547 1
0.0188906 0.981109 1
0.180726 0.819274 1
0.984271 0.015729 1
0.00950705 0.990493 1
0.0102413 0.989759 1
0.104446 0.895554 1
0.00983794 0.990162 1
0.0312305 0.968769 1
0.0181993 0.981801 1
0.0345833 0.965417 1
0.0396187 0.960381 1
0.0310303 0.96897 1
0.0108911 0.989109 1
0.0096509 0.990349 1
0.00836223 0.991638 1
0.261866 0.738134 1
0.00623059 0.993769 1
0.0831972 0.916803 1
0.109744 0.890256 1
0.506936 0.493064 1
0.0439454 0.956055 1
0.018507 0.981493 1
0.0286039 0.971396 1
0.0105201 0.98948 1
0.36338 0.63662 1
0.71721 0.28279 1
0.00833166 0.991668 1
0.00921929 0.990781 1
0.0122448 0.987755 1
0.0144451 0.985555 1
0.654557 0.345443 1
0.264022 0.735978 1
0.10266 0.89734 1
0.0421266 0.957873 1
0.219132 0.780868 1
0.0266203 0.97338 1
0.0480421 0.951958 1
0.0415436 0.958456 1
0.0624733 0.937527 1
0.0180617 0.981938 1
0.0609039 0.939096 1
0.081663 0.918337 1
0.955517 0.0444832 1
0.945009 0.0549906 1
0.029708 0.970292 1
0.0431488 0.956851 1
0.00918544 0.990815 1
0.0339893 0.966011 1
0.80423 0.19577 1
0.0449412 0.955059 1
0.17619 0.82381 1
0.0265007 0.973499 1
0.109305 0.890695 1
0.971215 0.0287855 1
0.0141025 0.985897 1
0.233425 0.766575 1
0.0503017 0.949698 1
0.804003 0.195997 1
0.0162709 0.983729 1
0.0202112 0.979789 1
0.331423 0.668577 1
0.0467593 0.953241 1
0.0674178 0.932582 1
0.380603 0.619397 1
0.0277492 0.972251 1
0.245645 0.754355 1
0.0231667 0.976833 1
0.21124 0.78876 1
0.717087 0.282913 1
0.072003 0.927997 1
0.421195 0.578805 1
0.777076 0.222924 1
0.417478 0.582522 1
0.0211127 0.978887 1
0.027884 0.972116 1
0.107325 0.892675 1
0.0333129 0.966687 1
0.0594385 0.940562 1
0.0180952 0.981905 1
0.0522399 0.94776 1
0.315062 0.684938 1
0.010822 0.989178 1
0.00762101 0.992379 1
0.310314 0.689686 1
0.321052 0.678948 1
0.0263006 0.9737 1
0.0148328 0.985167 1
0.0089803 0.99102 1
0.848732 0.151268 1
0.143754 0.856246 1
0.0483528 0.951647 1
0.0102437 0.989756 1
0.811257 0.188743 1
0.115715 0.884285 1
0.0345118 0.965488 1
0.00667115 0.993329 1
0.056553 0.943447 1
0.0157229 0.984277 1
0.0125153 0.987485 1
0.472014 0.527986 1
0.00839706 0.991603 1
0.184982 0.815018 1
0.0142542 0.985746 1
0.516147 0.483853 1
0.0550219 0.944978 1
0.702279 0.297721 1
0.0400167 0.959983 1
0.0586689 0.941331 1
0.285629 0.714371 1
0.0376284 0.962372 1
0.0905267 0.909473 1
0.0205748 0.979425 1
0.0742502 0.92575 1
0.341026 0.658974 1
0.224517 0.775483 1
0.027448 0.972552 1
0.264257 0.735743 1
0.87238 0.12762 1
0.104386 0.895614 1
0.0291705 0.97083 1
0.206404 0.793596 1
0.328536 0.671464 1
0.295402 0.704598 1
0.007126 0.992874 1
0.0164187 0.983581 1
0.0120833 0.987917 1
0.00771953 0.99228 1
0.0971358 0.902864 1
0.142024 0.857976 1
0.0241142 0.975886 1
0.623179 0.37682 1
0.217249 0.782751 1
0.0421556 0.957844 1
0.0797472 0.920253 1
0.013178 0.986822 1
0.989164 0.0108364 1
0.0105221 0.989478 1
0.124913 0.875087 1
0.312096 0.687904 1
0.0443501 0.95565 1
0.0217405 0.978259 1
0.0153738 0.984626 1
0.016699 0.983301 1
0.00776589 0.992234 1
0.809951 0.190049 1
0.222487 0.777513 1
0.0752479 0.924752 1
0.777206 0.222794 1
0.83292 0.16708 1
0.942353 0.0576469 1
0.0116578 0.988342 1
0.0277374 0.972263 1
0.0206364 0.979364 1
0.0729986 0.927001 1
0.0204753 0.979525 1
0.0240554 0.975945 1
0.00785784 0.992142 1
0.0112677 0.988732 1
0.130686 0.869314 1
0.0243167 0.975683 1
0.120861 0.879139 1
0.00862131 0.991379 1
0.0241581 0.975842 1
0.296944 0.703056 1
0.0221387 0.977861 1
0.0199031 0.980097 1
0.0443768 0.955623 1
0.0365744 0.963426 1
0.445527 0.554473 1
0.0212455 0.978754 1
0.0471859 0.952814 1
0.142111 0.857889 1
0.0174035 0.982597 1
0.392463 0.607537 1
0.0111979 0.988802 1
0.174831 0.825169 1
0.0471276 0.952872 1
0.422773 0.577227 1
0.00951204 0.990488 1
0.0421707 0.957829 1
0.0125433 0.987457 1
0.0445902 0.95541 1
0.228345 0.771655 1
0.0272567 0.972743 1
0.189519 0.810481 1
0.109504 0.890496 1
0.0180772 0.981923 1
0.716147 0.283853 1
0.115515 0.884485 1
0.0314469 0.968553 1
0.718644 0.281356 1
0.332739 0.667261 1
0.726936 0.273064 1
0.0133464 0.986654 1
0.888582 0.111418 1
0.0690631 0.930937 1
0.523093 0.476907 1
0.0199706 0.980029 1
0.0671344 0.932866 1
0.0159455 0.984055 1
0.669399 0.330601 1
0.114547 0.885453 1
0.338897 0.661103 1
0.0225449 0.977455 1
0.00887972 0.99112 1
0.0307848 0.969215 1
0.0121139 0.987886 1
0.0356312 0.964369 1
0.0110429 0.988957 1
0.817897 0.182103 1
0.169894 0.830105 1
0.127621 0.872379 1
0.0836764 0.916324 1
0.115367 0.884633 1
0.0116986 0.988301 1
0.0666313 0.933369 1
0.383948 0.616052 1
0.0368241 0.963176 1
0.311177 0.688823 1
0.369072 0.630928 1
0.491074 0.508926 1
0.0210614 0.978939 1
0.0125058 0.987494 1
0.274886 0.725114 1
0.0592772 0.940723 1
0.0136519 0.986348 1
0.160006 0.839994 1
0.0803815 0.919618 1
0.0262854 0.973715 1
0.542482 0.457518 1
0.643294 0.356706 1
0.0606625 0.939337 1
0.0494758 0.950524 1
0.87514 0.12486 1
0.00816843 0.991832 1
0.0130295 0.986971 1
0.575399 0.424601 1
0.0611232 0.938877 1
0.693402 0.306598 1
0.0183707 0.981629 1
0.015027 0.984973 1
0.186179 0.813821 1
0.0838488 0.916151 1
0.133885 0.866115 1
0.506949 0.493051 1
0.0818674 0.918133 1
0.530072 0.469928 1
0.898725 0.101275 1
0.105972 0.894028 1
0.955013 0.0449868 1
0.0351381 0.964862 1
0.538108 0.461892 1
0.0380707 0.961929 1
0.820306 0.179694 1
0.569493 0.430507 1
0.0383193 0.961681 1
0.45874 0.54126 1
0.0088154 0.991185 1
0.0387763 0.961224 1
0.0107614 0.989239 1
0.025606 0.974394 1
0.0326034 0.967397 1
0.067443 0.932557 1
0.936852 0.0631479 1
0.215439 0.784561 1
0.00720062 0.992799 1
0.0452819 0.954718 1
0.445477 0.554523 1
0.0101964 0.989804 1
0.0107746 0.989225 1
0.119885 0.880115 1
0.342769 0.657231 1
0.00840874 0.991591 1
0.12995 0.87005 1
0.473109 0.526891 1
0.10108 0.89892 1
0.192319 0.807681 1
0.0917645 0.908235 1
0.00778937 0.992211 1
0.0123257 0.987674 1
0.0141085 0.985892 1
0.374194 0.625806 1
0.014061 0.985939 1
0.0684216 0.931578 1
0.356516 0.643484 1
0.0360624 0.963938 1
0.128949 0.871051 1
0.46478 0.53522 1
0.722522 0.277478 1
0.509096 0.490904 1
0.505331 0.494669 1
0.661743 0.338257 1
0.0290281 0.970972 1
0.0124436 0.987556 1
0.129213 0.870787 1
0.0152247 0.984775 1
0.054021 0.945979 1
0.198967 0.801033 1
0.0640834 0.935917 1
0.020505 0.979495 1
0.0401092 0.959891 1
0.0104902 0.98951 1
0.633152 0.366848 1
0.0413916 0.958608 1
0.0292953 0.970705 1
0.107531 0.892469 1
0.634085 0.365915 1
0.00803375 0.991966 1
0.139893 0.860107 1
0.00781968 0.99218 1
0.0257043 0.974296 1
0.640587 0.359413 1
0.116874 0.883126 1
0.0644038 0.935596 1
0.0178093 0.982191 1
0.0163337 0.983666 1
0.913776 0.086224 1
0.0229177 0.977082 1
0.0244228 0.975577 1
0.872506 0.127494 1
0.238626 0.761374 1
0.651595 0.348405 1
0.0224166 0.977583 1
0.170785 0.829215 1
0.0283758 0.971624 1
0.0115117 0.988488 1
0.0184353 0.981565 1
0.8882 0.1118 1
0.010188 0.989812 1
0.0138063 0.986194 1
0.288856 0.711144 1
0.0348415 0.965159 1
0.0974906 0.902509 1
0.862229 0.137771 1
0.15957 0.84043 1
0.0180195 0.98198 1
0.0139949 0.986005 1
0.0251071 0.974893 1
0.0122756 0.987724 1
0.343031 0.656969 1
0.645462 0.354538 1
0.018471 0.981529 1
0.350256 0.649744 1
0.0333304 0.96667 1
0.196972 0.803028 1
0.00679006 0.99321 1
0.232633 0.767367 1
0.0210488 0.978951 1
0.235387 0.764613 1
0.0681967 0.931803 1
0.21149 0.78851 1
0.524163 0.475837 1
0.0257598 0.97424 1
0.0086433 0.991357 1
0.0420394 0.957961 1
0.0742533 0.925747 1
0.0208295 0.979171 1
0.21883 0.78117 1
0.0303056 0.969694 1
0.719581 0.280419 1
0.0125521 0.987448 1
0.0669037 0.933096 1
0.0136708 0.986329 1
0.0139739 0.986026 1
0.325333 0.674667 1
0.020601 0.979399 1
0.00814996 0.99185 1
0.0236999 0.9763 1
0.261011 0.738989 1
0.445324 0.554676 1
0.0188608 0.981139 1
0.0446099 0.95539 1
0.916733 0.0832673 1
0.944698 0.0553017 1
0.161874 0.838126 1
0.19658 0.80342 1
0.00719113 0.992809 1
0.168795 0.831205 1
0.00962988 0.99037 1
0.0392002 0.9608 1
0.0367614 0.963239 1
0.224614 0.775386 1
0.221816 0.778184 1
0.192272 0.807728 1
0.0327062 0.967294 1
0.0093184 0.990682 1
0.188649 0.811351 1
0.212404 0.787596 1
0.0483024 0.951698 1
0.793647 0.206353 1
0.0577945 0.942205 1
0.021706 0.978294 1
0.00747678 0.992523 1
0.0132001 0.9868 1
0.0105999 0.9894 1
0.36777 0.63223 1
0.0912292 0.908771 1
0.0547932 0.945207 1
0.461137 0.538863 1
0.177911 0.822089 1
0.0296115 0.970389 1
0.0491591 0.950841 1
0.20923 0.79077 1
0.365491 0.634509 1
0.0261451 0.973855 1
0.171973 0.828027 1
0.739997 0.260003 1
0.00833399 0.991666 1
0.0602986 0.939701 1
0.217532 0.782468 1
0.0174844 0.982516 1
0.46528 0.53472 1
0.500908 0.499092 1
0.0111021 0.988898 1
0.135716 0.864284 1
0.0199386 0.980061 1
0.0250117 0.974988 1
0.563639 0.436361 1
0.617657 0.382343 1
0.0297835 0.970216 1
0.0250111 0.974989 1
0.052409 0.947591 1
0.128925 0.871075 1
0.0295902 0.97041 1
0.0114611 0.988539 1
0.023053 0.976947 1
0.00735093 0.992649 1
0.186713 0.813287 1
0.0369548 0.963045 1
0.0167856 0.983214 1
0.0106931 0.989307 1
0.0687292 0.931271 1
0.232522 0.767478 1
0.863322 0.136678 1
0.00628823 0.993712 1
0.0457464 0.954254 1
0.132355 0.867645 1
0.453533 0.546467 1
0.0258546 0.974145 1
0.0243858 0.975614 1
0.179053 0.820947 1
0.0120608 0.987939 1
0.0559966 0.944003 1
0.0123062 0.987694 1
0.779521 0.220479 1
0.0545016 0.945498 1
0.919415 0.0805848 1
0.274979 0.725021 1
0.150609 0.849391 1
0.0377989 0.962201 1
0.0788291 0.921171 1
0.00961555 0.990384 1
0.0343828 0.965617 1
0.122276 0.877724 1
0.0145427 0.985457 1
0.0226364 0.977364 1
0.0150209 0.984979 1
0.0261123 0.973888 1
0.1946 0.8054 1
0.0285735 0.971427 1
0.0146235 0.985377 1
0.0375421 0.962458 1
0.871663 0.128337 1
0.109289 0.89071 1
0.0259614 0.974039 1
0.00938254 0.990617 1
0.00925979 0.99074 1
0.0998583 0.900142 1
0.180298 0.819702 1
0.31847 0.68153 1
0.30586 0.69414 1
0.0436464 0.956354 1
0.331926 0.668074 1
0.00807678 0.991923 1
0.0157437 0.984256 1
0.0811343 0.918866 1
0.0233356 0.976664 1
0.312334 0.687666 1
0.946105 0.0538949 1
0.682653 0.317347 1
0.107244 0.892756 1
0.010151 0.989849 1
0.0294159 0.970584 1
0.304334 0.695666 1
0.014482 0.985518 1
0.375674 0.624326 1
0.0286768 0.971323 1
0.0175112 0.982489 1
0.0299694 0.970031 1
0.0256526 0.974347 1
0.0105968 0.989403 1
0.00756566 0.992434 1
0.0146085 0.985391 1
0.935639 0.0643606 1
0.015501 0.984499 1
0.0228253 0.977175 1
0.693643 0.306357 1
0.270709 0.729291 1
0.149604 0.850396 1
0.0452991 0.954701 1
0.176871 0.823129 1
0.0200168 0.979983 1
0.0688326 0.931167 1
0.389761 0.610239 1
0.0298521 0.970148 1
0.0286753 0.971325 1
0.0134256 0.986574 1
0.755308 0.244692 1
0.042142 0.957858 1
0.223588 0.776412 1
0.0253632 0.974637 1
0.0708451 0.929155 1
0.00755222 0.992448 1
0.0144588 0.985541 1
0.424285 0.575715 1
0.185901 0.814099 1
0.148092 0.851908 1
0.00784901 0.992151 1
0.189957 0.810043 1
0.49966 0.50034 1
0.0211547 0.978845 1
0.0232049 0.976795 1
0.0672673 0.932733 1
0.0191692 0.980831 1
0.00866875 0.991331 1
0.91977 0.08023 1
0.0539367 0.946063 1
0.01824 0.98176 1
0.0424072 0.957593 1
0.0155972 0.984403 1
0.0189637 0.981036 1
0.38278 0.61722 1
0.0177888 0.982211 1
0.0222682 0.977732 1
0.0744483 0.925552 1
0.0161307 0.983869 1
0.00891143 0.991089 1
0.021209 0.978791 1
0.018923 0.981077 1
0.897321 0.102679 1
0.0266195 0.97338 1
0.0450689 0.954931 1
0.00905305 0.990947 1
0.045034 0.954966 1
0.345494 0.654506 1
0.106824 0.893176 1
0.0800202 0.91998 1
0.0125983 0.987402 1
0.0214416 0.978558 1
0.0370764 0.962924 1
0.0387705 0.961229 1
0.0138792 0.986121 1
0.0366502 0.96335 1
0.283774 0.716226 1
0.783801 0.216199 1
0.0152566 0.984743 1
0.0196359 0.980364 1
0.67235 0.32765 1
0.390007 0.609993 1
0.606105 0.393895 1
0.0130063 0.986994 1
0.02143 0.97857 1
0.0448749 0.955125 1
0.0147457 0.985254 1
0.852599 0.147401 1
0.0157538 0.984246 1
0.0703093 0.929691 1
0.0477831 0.952217 1
0.0217268 0.978273 1
0.0195195 0.980481 1
0.0244807 0.975519 1
0.00885863 0.991141 1
0.0236617 0.976338 1
0.0110218 0.988978 1
0.823153 0.176847 1
0.0287723 0.971228 1
0.0146876 0.985312 1
0.21208 0.78792 1
0.100568 0.899432 1
0.0600785 0.939921 1
0.0319578 0.968042 1
0.0235995 0.9764 1
0.0257742 0.974226 1
0.244284 0.755716 1
0.199959 0.800041 1
0.364929 0.635071 1
0.143819 0.856181 1
0.0210833 0.978917 1
0.0755505 0.92445 1
0.00882347 0.991177 1
0.0580904 0.94191 1
0.0263024 0.973698 1
0.73461 0.26539 1
0.161077 0.838923 1
0.128625 0.871375 1
0.0208157 0.979184 1
0.0235041 0.976496 1
0.889536 0.110464 1
0.803069 0.196931 1
0.00838596 0.991614 1
0.269622 0.730378 1
0.0237156 0.976284 1
0.0218993 0.978101 1
0.0121345 0.987866 1
0.011056 0.988944 1
0.216677 0.783323 1
0.307904 0.692096 1
0.00993023 0.99007 1
0.0215653 0.978435 1
0.582062 0.417938 1
0.0512163 0.948784 1
0.0273343 0.972666 1
0.0298136 0.970186 1
0.0269538 0.973046 1
0.0172864 0.982714 1
0.00980484 0.990195 1
0.957578 0.0424221 1
0.00744768 0.992552 1
0.0108265 0.989173 1
0.849687 0.150313 1
0.0690054 0.930995 1
0.0207983 0.979202 1
0.0603813 0.939619 1
0.0139866 0.986013 1
0.0185871 0.981413 1
0.0520305 0.947969 1
0.064359 0.935641 1
0.259603 0.740397 1
0.176688 0.823312 1
0.332717 0.667283 1
0.491312 0.508688 1
0.00965162 0.990348 1
0.0650365 0.934964 1
0.838714 0.161286 1
0.27165 0.72835 1
0.0203248 0.979675 1
0.814439 0.185561 1
0.1055 0.8945 1
0.197809 0.802191 1
0.246436 0.753564 1
0.178322 0.821678 1
0.0198914 0.980109 1
0.0637668 0.936233 1
0.0375928 0.962407 1
0.0166045 0.983396 1
0.800028 0.199972 1
0.0540626 0.945937 1
0.00786689 0.992133 1
0.0345473 0.965453 1
0.290554 0.709446 1
0.0140404 0.98596 1
0.800701 0.199299 1
0.0295476 0.970452 1
0.0125831 0.987417 1
0.0133179 0.986682 1
0.00887141 0.991129 1
0.089125 0.910875 1
0.191349 0.808651 1
0.055712 0.944288 1
0.0350675 0.964933 1
0.0331867 0.966813 1
0.146628 0.853372 1
0.0160886 0.983911 1
0.0162508 0.983749 1
0.391534 0.608466 1
0.0215987 0.978401 1
0.0106947 0.989305 1
0.655545 0.344455 1
0.0590395 0.94096 1
0.0178179 0.982182 1
0.0283038 0.971696 1
0.450558 0.549442 1
0.146686 0.853314 1
0.624406 0.375594 1
0.146209 0.853791 1
0.064344 0.935656 1
0.754666 0.245334 1
0.220999 0.779001 1
0.667998 0.332002 1
0.835253 0.164747 1
0.00685394 0.993146 1
0.0640973 0.935903 1
0.362877 0.637123 1
0.00857777 0.991422 1
0.83752 0.16248 1
0.045294 0.954706 1
0.00745487 0.992545 1
0.121575 0.878425 1
0.357951 0.642049 1
0.0199406 0.980059 1
0.0101667 0.989833 1
0.57067 0.42933 1
0.139532 0.860468 1
0.0932303 0.90677 1
0.121506 0.878494 1
0.00714677 0.992853 1
0.0118684 0.988132 1
0.0597096 0.94029 1
0.0589647 0.941035 1
0.0244051 0.975595 1
0.219496 0.780504 1
0.978016 0.021984 1
0.424136 0.575864 1
0.277231 0.722769 1
0.415297 0.584703 1
0.0351084 0.964892 1
0.197445 0.802555 1
0.0199552 0.980045 1
0.093719 0.906281 1
0.0762206 0.923779 1
0.0583985 0.941601 1
0.0464579 0.953542 1
0.0141681 0.985832 1
0.0106373 0.989363 1
0.180245 0.819755 1
0.00912391 0.990876 1
0.027437 0.972563 1
0.0245328 0.975467 1
0.520107 0.479894 1
0.0113421 0.988658 1
0.0376966 0.962303 1
0.937143 0.0628568 1
0.982122 0.017878 1
0.0168837 0.983116 1
0.0136085 0.986392 1
0.110897 0.889102 1
0.568389 0.431611 1
0.00880718 0.991193 1
0.0163705 0.98363 1
0.705852 0.294148 1
0.416552 0.583449 1
0.0388783 0.961122 1
0.00896738 0.991033 1
0.0362571 0.963743 1
0.0141346 0.985865 1
0.0122127 0.987787 1
0.0111206 0.988879 1
0.058339 0.941661 1
0.481128 0.518872 1
0.0190363 0.980964 1
0.0298151 0.970185 1
0.197545 0.802455 1
0.566292 0.433708 1
0.03699 0.96301 1
0.0754954 0.924505 1
0.0386714 0.961329 1
0.0109585 0.989042 1
0.0187641 0.981236 1
0.0081704 0.99183 1
0.0237313 0.976269 1
0.0523663 0.947634 1
0.0100762 0.989924 1
0.058151 0.941849 1
0.00986905 0.990131 1
0.011538 0.988462 1
0.00892264 0.991077 1
0.0188571 0.981143 1
0.0340185 0.965982 1
0.0617335 0.938266 1
0.0100936 0.989906 1
0.964857 0.0351429 1
0.0720268 0.927973 1
0.0201787 0.979821 1
0.0219276 0.978072 1
0.0180743 0.981926 1
0.0108415 0.989159 1
0.0545634 0.945437 1
0.44258 0.55742 1
0.15021 0.84979 1
0.067309 0.932691 1
0.008617 0.991383 1
0.256408 0.743592 1
0.799041 0.200959 1
0.0467159 0.953284 1
0.0129108 0.987089 1
0.0131813 0.986819 1
0.02337 0.97663 1
0.0772654 0.922735 1
0.221315 0.778685 1
0.0133597 0.98664 1
0.585739 0.414261 1
0.231976 0.768024 1
0.0856608 0.914339 1
0.614841 0.385159 1
0.0703075 0.929693 1
0.0985655 0.901434 1
0.00894849 0.991052 1
0.329342 0.670658 1
0.0568299 0.94317 1
0.0100233 0.989977 1
0.00785544 0.992145 1
0.0652718 0.934728 1
0.390831 0.609169 1
0.0256696 0.97433 1
0.00741176 0.992588 1
0.023989 0.976011 1
0.0361835 0.963817 1
0.2883 0.7117 1
0.624964 0.375036 1
0.0350601 0.96494 1
0.255257 0.744743 1
0.126937 0.873063 1
0.0159326 0.984067 1
0.7824 0.2176 1
0.0920592 0.907941 1
0.356246 0.643754 1
0.0228317 0.977168 1
0.936719 0.0632811 1
0.0648522 0.935148 1
0.0873535 0.912647 1
0.0129084 0.987092 1
0.00871631 0.991284 1
0.0298503 0.97015 1
0.0153571 0.984643 1
0.011429 0.988571 1
0.00878484 0.991215 1
0.0400876 0.959912 1
0.00735024 0.99265 1
0.0211987 0.978801 1
0.265892 0.734108 1
0.0173228 0.982677 1
0.029801 0.970199 1
0.019411 0.980589 1
0.514936 0.485064 1
0.0490531 0.950947 1
0.0330508 0.966949 1
0.560494 0.439506 1
0.0293914 0.970609 1
0.0743899 0.92561 1
0.0443868 0.955613 1
0.56456 0.43544 1
0.032082 0.967918 1
0.0118411 0.988159 1
0.92198 0.0780196 1
0.0718456 0.928154 1
0.053439 0.946561 1
0.157934 0.842066 1
0.144752 0.855248 1
0.331524 0.668476 1
0.330892 0.669108 1
0.031034 0.968966 1
0.0154087 0.984591 1
0.0141514 0.985849 1
0.0696731 0.930327 1
0.0194609 0.980539 1
0.247188 0.752812 1
0.808855 0.191145 1
0.042965 0.957035 1
0.191022 0.808978 1
0.0668395 0.93316 1
0.0207422 0.979258 1
0.0535237 0.946476 1
0.120372 0.879628 1
0.812439 0.187561 1
0.260745 0.739255 1
0.131582 0.868418 1
0.0444823 0.955518 1
0.0272821 0.972718 1
0.145231 0.854769 1
0.0540275 0.945973 1
0.00916563 0.990834 1
0.0514864 0.948514 1
0.029824 0.970176 1
0.0173302 0.98267 1
0.778413 0.221587 1
0.0116295 0.98837 1
0.0314441 0.968556 1
0.178261 0.821739 1
0.3154 0.6846 1
0.0164296 0.98357 1
0.949942 0.0500578 1
0.0202489 0.979751 1
0.0499665 0.950034 1
0.726004 0.273996 1
0.00676039 0.99324 1
0.0939788 0.906021 1
