0.988277 0.0117227 0
1.0 7.61565e-11 0
0.889566 0.110434 0
0.999957 4.31768e-05 0
0.830378 0.169622 0
1.0 1.76329e-09 0
0.999997 2.6044e-06 0
0.999845 0.000155153 0
0.999998 1.74967e-06 0
0.999999 1.07078e-06 0
0.999888 0.000111862 0
0.998678 0.00132154 0
0.999876 0.000124007 0
0.504911 0.495089 0
0.982678 0.017322 0
0.979487 0.0205133 0
0.0513324 0.948668 0
0.999669 0.000330778 0
0.534462 0.465539 0
0.996001 0.00399884 0
0.670449 0.329551 0
0.266881 0.733119 0
1.0 2.81234e-07 0
0.365097 0.634903 0
0.978857 0.0211429 0
1.0 3.20414e-09 0
1.0 6.36228e-09 0
0.999916 8.3973e-05 0
0.999016 0.000983598 0
1.0 2.52228e-08 0
1.0 2.80664e-10 0
0.995459 0.00454078 0
1.0 2.84014e-09 0
1.0 6.64926e-09 0
0.00175892 0.998241 0
0.999997 2.70105e-06 0
1.0 1.13195e-08 0
0.982064 0.0179364 0
1.0 6.21101e-09 0
0.999997 3.2623e-06 0
1.0 3.8618e-11 0
0.931293 0.068707 0
0.995864 0.00413644 0
0.999853 0.000147059 0
0.998449 0.00155084 0
1.0 1.21135e-13 0
0.999675 0.000324563 0
0.999969 3.0931e-05 0
1.0 4.52506e-11 0
0.997169 0.00283088 0
0.990474 0.00952563 0
1.0 3.10969e-09 0
0.999942 5.77535e-05 0
1.0 5.71221e-10 0
0.998718 0.00128233 0
1.0 1.01379e-09 0
1.0 3.34825e-12 0
0.931801 0.0681987 0
1.0 6.14123e-08 0
0.999941 5.90591e-05 0
0.0154207 0.984579 0
0.999055 0.000944502 0
0.546779 0.453221 0
1.0 4.53427e-08 0
0.0508142 0.949186 0
1.0 5.38968e-08 0
0.994592 0.00540756 0
0.914662 0.0853385 0
0.936855 0.0631448 0
1.0 5.55415e-09 0
0.999998 2.35529e-06 0
0.999999 1.11801e-06 0
1.0 1.04971e-07 0
1.0 2.28066e-10 0
0.803628 0.196372 0
0.99618 0.00381978 0
1.0 7.55132e-12 0
1.0 5.32331e-07 0
1.0 6.27305e-13 0
0.999995 5.33053e-06 0
0.999999 1.00771e-06 0
0.999999 6.18675e-07 0
1.0 3.66782e-12 0
0.969783 0.0302165 0
0.995043 0.00495707 0
1.0 1.99714e-08 0
0.986733 0.0132673 0
1.0 2.06778e-12 0
0.642976 0.357024 0
0.999513 0.000487174 0
0.999915 8.47545e-05 0
1.0 1.77648e-07 0
0.999979 2.05256e-05 0
0.999995 5.32484e-06 0
1.0 3.2777e-07 0
1.0 8.44234e-10 0
1.0 1.68425e-10 0
1.0 4.62746e-07 0
1.0 3.55487e-07 0
1.0 5.02828e-08 0
0.998445 0.00155469 0
0.999995 4.62399e-06 0
1.0 8.22267e-09 0
0.999968 3.23283e-05 0
1.0 5.46142e-14 0
0.924519 0.0754815 0
0.964845 0.0351544 0
0.00865096 0.991349 0
1.0 1.38037e-13 0
0.999996 3.64881e-06 0
1.0 4.31199e-08 0
1.0 2.51912e-11 0
0.576827 0.423173 0
1.0 5.86207e-12 0
1.0 1.29483e-11 0
1.0 1.62649e-10 0
1.0 3.71389e-08 0
0.00606234 0.993938 0
0.88392 0.11608 0
0.422677 0.577323 0
0.99404 0.00595973 0
0.999943 5.75029e-05 0
0.999994 5.63397e-06 0
1.0 6.73666e-08 0
1.0 1.4773e-10 0
0.999997 2.45862e-06 0
0.999938 6.18914e-05 0
0.999991 9.08694e-06 0
0.234959 0.765041 0
1.0 3.13594e-08 0
0.615342 0.384658 0
0.826765 0.173235 0
0.999811 0.000189445 0
0.99973 0.000269836 0
0.999979 2.08854e-05 0
1.0 3.77517e-13 0
0.0689604 0.93104 0
1.0 5.00609e-16 0
1.0 1.80187e-09 0
0.999775 0.000224769 0
0.999381 0.000618893 0
0.999991 8.9456e-06 0
1.0 2.01902e-08 0
1.0 7.96788e-10 0
0.999281 0.000718715 0
0.999994 5.54884e-06 0
1.0 3.49849e-07 0
0.993913 0.0060873 0
0.999999 5.85562e-07 0
0.908894 0.0911062 0
0.691041 0.308959 0
0.878331 0.121669 0
0.999977 2.34299e-05 0
0.996408 0.00359212 0
0.84609 0.15391 0
0.712169 0.287831 0
0.999837 0.000163234 0
7.59022e-05 0.999924 0
1.12374e-06 0.999999 0
0.999969 3.09795e-05 0
0.999985 1.55415e-05 0
0.999994 5.75802e-06 0
1.0 1.14402e-12 0
1.0 8.52671e-11 0
1.0 4.23302e-09 0
0.999738 0.000262391 0
0.991398 0.00860184 0
1.0 1.35515e-11 0
1.0 2.35247e-07 0
1.0 4.08456e-08 0
0.999603 0.000396715 0
0.989472 0.0105276 0
0.0580699 0.94193 0
0.999998 2.01714e-06 0
1.0 1.68844e-12 0
1.0 8.65296e-08 0
0.00630704 0.993693 0
0.999479 0.000520939 0
1.0 2.49358e-09 0
0.999998 1.56296e-06 0
1.0 3.89221e-10 0
0.999977 2.32671e-05 0
1.0 3.98615e-08 0
0.00336995 0.99663 0
0.14285 0.85715 0
0.621564 0.378436 0
1.0 8.93286e-09 0
0.00364043 0.99636 0
0.883543 0.116457 0
0.999606 0.000394355 0
1.0 1.34351e-10 0
0.999996 3.65544e-06 0
0.991233 0.00876736 0
0.99995 5.03612e-05 0
1.0 6.91348e-08 0
1.0 5.31898e-10 0
1.0 6.28504e-10 0
1.0 5.88546e-13 0
1.0 4.88928e-11 0
0.999998 2.02457e-06 0
0.999935 6.47737e-05 0
1.0 8.45509e-08 0
0.988937 0.0110633 0
1.0 4.91281e-09 0
0.975122 0.024878 0
1.0 2.76594e-12 0
1.0 1.61205e-10 0
1.0 8.29426e-12 0
0.997126 0.00287359 0
0.999995 5.05498e-06 0
0.817077 0.182923 0
0.134706 0.865294 0
1.0 4.91096e-09 0
1.00176e-05 0.99999 0
0.999986 1.42634e-05 0
0.997864 0.002136 0
0.997911 0.0020892 0
0.999999 5.8377e-07 0
0.520601 0.479399 0
0.992969 0.00703126 0
1.0 4.75493e-14 0
1.0 2.05842e-10 0
1.0 6.81385e-14 0
0.93236 0.0676406 0
0.994696 0.0053037 0
0.999996 4.06483e-06 0
4.09114e-06 0.999996 0
1.0 1.67836e-09 0
0.861018 0.138982 0
1.0 2.1532e-07 0
0.355432 0.644568 0
0.999975 2.53373e-05 0
1.0 2.01087e-11 0
1.0 1.40961e-12 0
0.999984 1.57501e-05 0
0.999988 1.20082e-05 0
1.0 2.47029e-19 0
0.996112 0.00388828 0
1.0 7.82367e-10 0
0.999999 6.69947e-07 0
0.169906 0.830094 0
1.0 7.81398e-11 0
0.075295 0.924705 0
1.0 5.2077e-07 0
0.999996 4.40063e-06 0
0.999863 0.00013682 0
0.999999 1.47848e-06 0
1.0 2.62471e-09 0
0.903948 0.0960524 0
0.050884 0.949116 0
0.998893 0.00110727 0
1.0 2.19593e-12 0
0.999884 0.000116483 0
0.999978 2.17845e-05 0
0.946566 0.0534337 0
0.999877 0.000123021 0
1.0 8.47517e-10 0
0.999965 3.46132e-05 0
0.000239373 0.999761 0
0.999999 1.08567e-06 0
0.999524 0.000476109 0
0.591476 0.408524 0
1.0 2.03265e-07 0
0.939541 0.0604594 0
1.0 1.93737e-10 0
1.0 8.55697e-10 0
1.0 1.27914e-09 0
1.0 9.48145e-12 0
0.99922 0.000780505 0
1.0 3.74476e-10 0
0.999977 2.30911e-05 0
0.0194519 0.980548 0
0.999996 3.58086e-06 0
0.348524 0.651476 0
0.999998 2.27719e-06 0
1.0 3.38718e-10 0
0.999992 7.64681e-06 0
1.0 5.44755e-09 0
1.0 1.4081e-08 0
0.658801 0.341199 0
0.999048 0.000952407 0
0.999946 5.4217e-05 0
1.0 9.49472e-11 0
1.0 1.85815e-10 0
0.994271 0.00572881 0
0.971682 0.0283174 0
1.0 1.04245e-11 0
1.0 1.7797e-08 0
1.0 1.03739e-09 0
0.999949 5.12367e-05 0
0.308275 0.691725 0
1.0 2.51055e-09 0
0.000156954 0.999843 0
0.897006 0.102994 0
0.843693 0.156307 0
1.0 3.70205e-12 0
1.0 1.79169e-09 0
0.999998 1.79126e-06 0
1.0 7.75677e-14 0
1.0 6.335e-09 0
0.0759791 0.924021 0
0.999999 1.25063e-06 0
0.99982 0.000180313 0
1.0 8.3617e-13 0
1.0 5.18696e-11 0
1.0 4.44421e-09 0
0.0613049 0.938695 0
1.0 5.14502e-07 0
1.0 1.30114e-14 0
1.0 1.13526e-10 0
1.0 7.55064e-08 0
0.648053 0.351947 0
1.0 2.99084e-08 0
1.0 2.3277e-09 0
0.990193 0.00980703 0
0.999998 1.96495e-06 0
0.992417 0.00758353 0
0.999519 0.000481397 0
0.999992 7.9705e-06 0
0.984197 0.0158028 0
0.999965 3.494e-05 0
0.999989 1.06922e-05 0
0.996141 0.00385909 0
1.0 2.64714e-13 0
0.0174186 0.982581 0
1.0 1.48449e-07 0
0.99423 0.00577033 0
0.999947 5.29847e-05 0
1.0 1.15556e-09 0
0.995935 0.00406473 0
0.999969 3.09225e-05 0
0.997241 0.00275858 0
0.998964 0.00103558 0
1.0 7.19141e-12 0
0.999998 2.19443e-06 0
0.999998 1.94087e-06 0
0.0184348 0.981565 0
0.992513 0.00748748 0
0.196164 0.803836 0
0.998951 0.00104899 0
1.0 1.19959e-08 0
0.999983 1.73086e-05 0
1.0 5.57456e-11 0
1.0 9.081e-16 0
0.999959 4.1509e-05 0
1.0 3.03415e-08 0
1.0 2.22083e-08 0
0.77902 0.22098 0
0.999985 1.54978e-05 0
1.0 4.65238e-09 0
0.997371 0.002629 0
0.42822 0.57178 0
0.998464 0.00153581 0
1.0 7.14038e-08 0
1.0 1.38926e-09 0
0.9999 9.96e-05 0
1.0 1.23532e-09 0
0.993403 0.00659737 0
0.999998 1.79031e-06 0
0.88761 0.11239 0
0.998901 0.0010995 0
1.0 1.53838e-09 0
0.999818 0.000182344 0
1.0 1.26504e-09 0
0.999998 2.12882e-06 0
0.000729798 0.99927 0
1.0 1.01669e-10 0
1.0 8.17144e-12 0
0.999934 6.63009e-05 0
0.999999 1.13966e-06 0
0.998715 0.00128463 0
1.0 1.17625e-11 0
1.0 7.41307e-14 0
0.000380366 0.99962 0
0.999307 0.000692961 0
1.0 4.76062e-07 0
1.0 1.63854e-08 0
1.0 1.21887e-08 0
0.999733 0.00026703 0
0.992806 0.00719392 0
0.999892 0.000108451 0
1.0 1.20822e-11 0
1.0 6.57313e-10 0
0.999993 6.84007e-06 0
1.0 2.18982e-08 0
0.999985 1.48627e-05 0
0.998663 0.00133725 0
1.0 5.67871e-08 0
7.33672e-06 0.999993 0
0.999901 9.87129e-05 0
3.65561e-06 0.999996 0
1.0 1.5827e-08 0
0.787489 0.212511 0
1.0 2.66456e-14 0
1.0 3.177e-10 0
0.999888 0.00011211 0
0.999999 1.19636e-06 0
1.0 5.56355e-09 0
1.0 6.87119e-09 0
0.999466 0.000534035 0
0.947643 0.0523567 0
0.879776 0.120224 0
0.999997 3.24519e-06 0
1.0 6.99837e-10 0
1.0 4.34498e-07 0
0.99985 0.000149602 0
1.0 3.11138e-07 0
0.996587 0.00341323 0
0.943239 0.0567611 0
1.0 2.63337e-10 0
1.0 6.15603e-11 0
0.95322 0.04678 0
0.999999 8.69991e-07 0
0.166821 0.833179 0
0.999967 3.26316e-05 0
0.42935 0.57065 0
0.789264 0.210736 0
0.929872 0.0701279 0
0.999993 6.93341e-06 0
0.996777 0.00322303 0
0.999999 6.6215e-07 0
0.999834 0.000166353 0
0.275439 0.724561 0
0.997012 0.00298762 0
0.957068 0.0429319 0
0.999681 0.000319273 0
0.991179 0.00882093 0
0.684901 0.315099 0
0.000612647 0.999387 0
1.0 6.79869e-08 0
0.911646 0.0883543 0
0.99894 0.00106045 0
1.98888e-08 1.0 0
1.0 4.43702e-08 0
0.999999 1.08162e-06 0
0.992561 0.00743902 0
0.999968 3.20006e-05 0
0.992843 0.00715668 0
0.999588 0.000411938 0
0.986129 0.0138707 0
1.0 3.41602e-10 0
0.999896 0.000104143 0
0.488133 0.511867 0
0.996375 0.00362522 0
0.961911 0.0380888 0
0.632962 0.367038 0
0.999995 4.85981e-06 0
0.999974 2.60923e-05 0
1.0 3.89834e-09 0
0.999682 0.000318053 0
1.0 8.03999e-08 0
1.0 8.58643e-11 0
0.997154 0.00284646 0
0.999815 0.000184895 0
0.999973 2.68591e-05 0
1.0 9.97454e-10 0
0.999466 0.000534357 0
1.0 2.42746e-11 0
0.364047 0.635953 0
0.131559 0.868441 0
0.997065 0.00293549 0
0.999994 6.03966e-06 0
0.999932 6.82012e-05 0
0.521064 0.478936 0
1.0 3.88681e-14 0
1.0 1.04362e-13 0
0.0267495 0.973251 0
1.0 1.91371e-11 0
0.0319371 0.968063 0
1.0 4.21639e-10 0
0.999429 0.000571114 0
0.809053 0.190947 0
0.999651 0.000348918 0
0.999999 6.65354e-07 0
0.999916 8.4041e-05 0
0.999999 6.31373e-07 0
0.393596 0.606404 0
1.0 2.56848e-07 0
0.961676 0.0383244 0
0.232443 0.767557 0
1.0 3.03362e-07 0
0.0619824 0.938018 0
1.0 1.61262e-12 0
0.58514 0.41486 0
1.0 2.9237e-07 0
0.278668 0.721332 0
0.999987 1.2563e-05 0
0.902575 0.0974246 0
0.999478 0.000521819 0
0.979166 0.020834 0
0.982084 0.0179164 0
0.505038 0.494962 0
0.999914 8.61906e-05 0
0.999994 5.60942e-06 0
1.0 2.99664e-07 0
0.118764 0.881236 0
1.0 4.30466e-08 0
1.0 1.24081e-08 0
0.999864 0.00013629 0
0.0133878 0.986612 0
1.0 7.68451e-09 0
0.999994 6.16835e-06 0
0.209972 0.790028 0
1.0 3.56367e-12 0
1.0 1.21454e-07 0
0.999915 8.52969e-05 0
1.0 1.21912e-11 0
1.0 6.13628e-14 0
1.0 6.50402e-16 0
1.0 4.84109e-07 0
1.0 1.96575e-07 0
0.999983 1.73367e-05 0
1.0 3.27673e-09 0
0.999974 2.62112e-05 0
1.0 3.30903e-07 0
1.0 1.75903e-07 0
0.439638 0.560362 0
0.484921 0.515079 0
1.0 2.48241e-13 0
0.0729968 0.927003 0
0.999984 1.55659e-05 0
0.907243 0.0927566 0
0.999941 5.87847e-05 0
0.999999 5.60538e-07 0
0.903993 0.096007 0
1.0 2.1692e-09 0
1.0 5.33113e-09 0
0.999954 4.57277e-05 0
1.0 1.9255e-07 0
0.999974 2.55371e-05 0
1.0 3.98668e-07 0
0.971701 0.0282994 0
0.442302 0.557698 0
1.0 5.68747e-09 0
1.0 5.16123e-12 0
0.00291346 0.997087 0
1.0 3.72109e-09 0
1.0 1.56636e-11 0
1.0 3.98905e-13 0
0.454907 0.545093 0
0.97614 0.0238596 0
0.8296 0.1704 0
0.999346 0.0006538 0
0.999994 5.87511e-06 0
0.9755 0.0245003 0
0.999289 0.000711335 0
0.999977 2.32874e-05 0
0.999999 1.06184e-06 0
0.0712367 0.928763 0
0.99338 0.00661998 0
1.0 4.17029e-09 0
0.999969 3.12666e-05 0
0.00222585 0.997774 0
0.356891 0.643109 0
0.632923 0.367078 0
1.0 3.86011e-10 0
1.0 1.86551e-11 0
0.999877 0.000123328 0
1.0 3.03695e-11 0
1.0 2.31026e-08 0
0.999977 2.34771e-05 0
0.664867 0.335133 0
0.939071 0.0609295 0
1.0 1.10473e-08 0
0.999989 1.13721e-05 0
1.0 2.96303e-10 0
0.000299763 0.9997 0
1.0 3.66459e-10 0
1.0 1.43286e-09 0
1.0 1.36021e-10 0
0.999823 0.000176746 0
1.0 3.37626e-10 0
0.145951 0.854049 0
0.0271741 0.972826 0
0.994018 0.00598222 0
0.977192 0.0228082 0
1.0 2.61168e-10 0
1.0 3.02512e-14 0
0.999978 2.16865e-05 0
0.999956 4.42197e-05 0
0.558056 0.441944 0
1.0 2.05895e-09 0
1.0 2.0793e-07 0
0.987847 0.0121529 0
1.0 1.47633e-08 0
0.873536 0.126464 0
0.99946 0.000540358 0
0.759983 0.240017 0
1.0 9.74949e-13 0
4.6219e-05 0.999954 0
0.988577 0.0114229 0
0.999997 3.26363e-06 0
1.0 1.5559e-20 0
1.0 2.6165e-09 0
0.996421 0.00357914 0
1.0 2.91582e-08 0
1.0 8.98873e-08 0
0.370274 0.629726 0
0.381832 0.618168 0
0.999903 9.67295e-05 0
0.999548 0.000452031 0
0.999993 7.20678e-06 0
0.000377075 0.999623 0
0.995447 0.00455274 0
1.0 3.51209e-11 0
0.0920092 0.907991 0
1.0 1.39714e-16 0
0.999947 5.25243e-05 0
1.0 9.43687e-13 0
0.999997 2.6944e-06 0
0.998028 0.00197219 0
1.0 1.39023e-11 0
0.996288 0.00371244 0
0.561846 0.438154 0
0.999998 2.21922e-06 0
0.977953 0.0220467 0
0.0312763 0.968724 0
1.0 2.67699e-07 0
0.999786 0.000213665 0
0.989266 0.0107336 0
0.999985 1.51855e-05 0
1.0 1.99776e-11 0
0.913673 0.0863275 0
0.99848 0.00151992 0
2.19793e-06 0.999998 0
0.999997 2.90275e-06 0
0.99931 0.000690262 0
1.0 6.58071e-10 0
0.0566527 0.943347 0
1.0 1.5106e-16 0
0.999892 0.000107726 0
0.277964 0.722036 0
1.0 8.23321e-14 0
0.999047 0.000953331 0
0.99481 0.00519025 0
0.935702 0.0642979 0
1.0 1.12179e-09 0
0.999829 0.000170713 0
0.0244176 0.975582 0
1.0 2.17144e-11 0
0.999987 1.24597e-05 0
0.998235 0.00176461 0
0.907712 0.092288 0
0.999998 1.81986e-06 0
1.0 3.57955e-08 0
1.0 6.58109e-09 0
0.999987 1.24694e-05 0
0.186318 0.813681 0
1.0 3.87132e-08 0
0.999997 3.19875e-06 0
1.0 6.31016e-09 0
0.926377 0.0736231 0
0.999998 1.50769e-06 0
1.0 1.07278e-07 0
0.997569 0.00243095 0
0.99999 9.76749e-06 0
0.426077 0.573923 0
1.0 1.19479e-10 0
0.999993 6.75685e-06 0
0.0556869 0.944313 0
0.999981 1.91886e-05 0
1.0 2.01057e-07 0
1.0 6.47444e-11 0
1.0 3.73771e-10 0
0.999697 0.000302549 0
0.596324 0.403676 0
0.000232738 0.999767 0
1.0 6.47051e-09 0
0.999986 1.37692e-05 0
1.0 7.17362e-12 0
0.998728 0.00127235 0
1.0 4.72194e-07 0
0.89936 0.10064 0
0.60931 0.39069 0
0.999808 0.000192067 0
1.0 4.23741e-11 0
0.993964 0.0060356 0
1.0 2.63894e-12 0
0.999824 0.000176086 0
0.649013 0.350987 0
0.773172 0.226829 0
0.583704 0.416296 0
1.0 2.46961e-12 0
0.988674 0.0113257 0
1.0 1.65548e-07 0
0.999983 1.71171e-05 0
1.0 5.06302e-09 0
1.0 4.72438e-13 0
0.999871 0.000128923 0
0.747022 0.252978 0
0.998852 0.00114792 0
0.939501 0.0604992 0
1.0 3.35883e-09 0
1.0 1.00815e-07 0
0.999989 1.09743e-05 0
0.993497 0.00650346 0
0.999997 2.77314e-06 0
0.999798 0.000201647 0
0.999999 8.29775e-07 0
0.999999 6.64191e-07 0
0.00651964 0.99348 0
1.0 7.01392e-11 0
0.999909 9.12736e-05 0
1.0 1.82637e-08 0
0.999839 0.000161296 0
0.962602 0.0373981 0
0.999999 5.87668e-07 0
1.0 2.01743e-08 0
0.999999 1.3021e-06 0
0.999998 1.79613e-06 0
0.988286 0.0117145 0
1.0 8.63965e-11 0
0.994659 0.00534126 0
1.0 3.19108e-14 0
0.997667 0.00233342 0
0.999978 2.20395e-05 0
0.0280975 0.971902 0
0.999916 8.36473e-05 0
1.0 1.51796e-13 0
0.999998 1.91662e-06 0
0.96407 0.0359299 0
1.0 1.97822e-11 0
1.0 8.98417e-14 0
0.993262 0.00673809 0
0.4585 0.5415 0
1.0 3.82843e-08 0
1.0 1.96653e-10 0
0.304312 0.695688 0
1.0 1.5243e-11 0
0.000288791 0.999711 0
1.0 3.89689e-12 0
0.98648 0.0135197 0
1.0 2.02197e-11 0
1.0 4.06989e-13 0
1.0 4.34983e-12 0
0.993851 0.00614937 0
0.895536 0.104464 0
0.97536 0.0246396 0
1.0 1.49543e-10 0
0.999911 8.88964e-05 0
0.999878 0.00012186 0
0.874589 0.125411 0
0.999099 0.000900903 0
0.997902 0.00209834 0
0.881015 0.118985 0
0.291927 0.708073 0
0.999271 0.000728957 0
0.999561 0.00043906 0
1.0 1.79016e-08 0
0.524934 0.475066 0
1.0 5.22252e-10 0
1.0 3.91562e-07 0
0.866205 0.133795 0
0.0172109 0.982789 0
1.0 1.8177e-09 0
0.999994 6.08134e-06 0
0.999698 0.000301763 0
1.0 3.28053e-13 0
0.998113 0.00188663 0
1.0 9.89029e-08 0
0.999158 0.000841661 0
0.999993 7.40239e-06 0
1.0 6.28707e-11 0
1.0 2.15061e-13 0
0.997148 0.00285162 0
0.334989 0.665011 0
1.0 3.63617e-09 0
1.0 3.16587e-07 0
0.991327 0.00867346 0
1.0 2.81713e-08 0
0.47291 0.52709 0
0.999977 2.29412e-05 0
0.998785 0.0012154 0
0.999996 4.16317e-06 0
0.999946 5.37348e-05 0
0.99299 0.00700961 0
0.999991 8.7775e-06 0
1.0 1.18392e-10 0
1.0 2.28107e-11 0
0.0236272 0.976373 0
0.999974 2.57884e-05 0
1.0 9.13495e-08 0
0.999768 0.000231585 0
0.999991 9.41238e-06 0
1.0 3.22598e-09 0
0.999665 0.000334525 0
0.969188 0.030812 0
1.0 6.64337e-09 0
0.320455 0.679545 0
1.0 2.09369e-13 0
0.991724 0.0082759 0
0.999945 5.46639e-05 0
0.986343 0.0136573 0
1.0 2.40422e-14 0
0.999993 7.08075e-06 0
0.997814 0.00218614 0
1.0 1.96442e-09 0
0.974693 0.0253067 0
0.992295 0.00770534 0
1.0 1.20783e-08 0
0.999544 0.000456272 0
1.0 5.86522e-08 0
1.0 9.69354e-10 0
0.88047 0.11953 0
1.0 4.22412e-10 0
0.999672 0.000327753 0
0.999933 6.73521e-05 0
0.515478 0.484522 0
0.999998 1.71261e-06 0
1.0 1.4295e-12 0
1.0 1.43574e-11 0
0.999941 5.92971e-05 0
0.999999 7.43919e-07 0
0.999981 1.91554e-05 0
1.0 9.36054e-08 0
0.425255 0.574745 0
0.999984 1.64008e-05 0
0.994507 0.00549308 0
1.0 7.32827e-08 0
1.0 3.02595e-12 0
1.0 1.03462e-08 0
0.999992 8.37229e-06 0
0.610477 0.389523 0
0.000253296 0.999747 0
1.0 1.56871e-09 0
0.937692 0.0623075 0
0.324587 0.675413 0
0.999991 9.03502e-06 0
1.0 6.7938e-10 0
0.999989 1.13906e-05 0
1.0 2.89124e-07 0
0.999928 7.20567e-05 0
1.0 7.60608e-11 0
0.999953 4.68573e-05 0
1.0 1.96325e-07 0
1.0 2.82842e-08 0
1.0 1.78469e-13 0
1.0 4.83622e-11 0
0.999894 0.000105562 0
0.762447 0.237553 0
0.999999 6.80945e-07 0
1.0 1.50343e-07 0
1.0 1.31823e-10 0
0.999998 2.1848e-06 0
0.999927 7.33678e-05 0
1.0 1.03206e-13 0
0.81758 0.18242 0
0.992064 0.00793612 0
0.968491 0.0315086 0
0.999424 0.000576132 0
1.0 1.32706e-07 0
0.889663 0.110337 0
0.999998 2.25126e-06 0
0.999989 1.10803e-05 0
0.999999 9.8438e-07 0
1.0 3.18457e-10 0
1.0 5.18521e-11 0
0.999932 6.81451e-05 0
1.0 8.58317e-08 0
0.999999 6.14059e-07 0
1.0 6.06959e-08 0
1.0 3.58924e-10 0
1.0 1.07241e-10 0
0.999985 1.50417e-05 0
0.999999 1.22349e-06 0
0.999877 0.000122991 0
0.999356 0.000644297 0
1.0 6.81189e-18 0
0.162345 0.837655 0
0.999929 7.06829e-05 0
0.999988 1.21096e-05 0
1.0 3.28701e-07 0
0.999997 3.1883e-06 0
0.572116 0.427884 0
0.846037 0.153963 0
0.979818 0.0201823 0
0.909192 0.0908083 0
1.0 1.45704e-10 0
0.993012 0.00698807 0
0.999946 5.36185e-05 0
1.0 1.83763e-11 0
0.809685 0.190315 0
0.999783 0.000217317 0
0.950252 0.0497483 0
0.000407777 0.999592 0
1.0 5.48848e-08 0
1.0 2.24379e-07 0
0.999998 1.5646e-06 0
0.999942 5.81241e-05 0
0.361837 0.638163 0
1.0 9.04418e-09 0
1.0 5.34939e-09 0
0.999989 1.13517e-05 0
0.861201 0.138799 0
0.999984 1.59289e-05 0
0.998174 0.00182573 0
1.0 7.93341e-08 0
1.0 1.63912e-09 0
0.985104 0.0148956 0
0.566849 0.433151 0
1.0 2.8432e-08 0
0.687025 0.312975 0
0.996308 0.00369246 0
0.999988 1.19684e-05 0
1.0 1.29447e-10 0
1.0 2.11311e-07 0
0.999943 5.74026e-05 0
1.0 2.63726e-11 0
1.0 1.9464e-10 0
1.0 2.95507e-10 0
0.999999 1.11735e-06 0
1.0 4.96749e-07 0
1.0 9.92912e-13 0
0.999712 0.00028763 0
1.0 4.88623e-09 0
1.0 1.21428e-16 0
1.0 1.87503e-10 0
0.999999 1.43512e-06 0
1.0 1.19643e-08 0
0.971016 0.028984 0
1.0 2.31024e-08 0
1.0 2.25858e-09 0
0.979652 0.0203477 0
0.999991 8.80087e-06 0
1.0 5.11362e-10 0
0.993924 0.00607558 0
0.999952 4.80592e-05 0
0.999967 3.32702e-05 0
1.0 1.15391e-09 0
1.0 2.7309e-12 0
0.99394 0.00606017 0
0.999998 1.68749e-06 0
0.981418 0.0185815 0
1.0 1.52023e-08 0
1.0 1.18088e-09 0
1.0 4.97955e-07 0
1.0 1.25869e-08 0
0.983812 0.0161877 0
0.999917 8.32315e-05 0
0.948911 0.0510891 0
1.0 2.93929e-12 0
1.0 1.81555e-09 0
1.0 4.18843e-12 0
0.809393 0.190607 0
1.0 1.26428e-07 0
0.965518 0.0344816 0
1.0 2.27865e-14 0
0.999048 0.000952242 0
1.0 2.07771e-13 0
0.999995 4.81049e-06 0
1.0 4.85488e-10 0
0.1538 0.8462 0
0.998329 0.00167141 0
1.0 6.83648e-13 0
0.970121 0.029879 0
1.0 2.1834e-09 0
0.999985 1.4558e-05 0
0.999997 3.4021e-06 0
1.0 2.33087e-14 0
0.998587 0.00141317 0
0.999988 1.17246e-05 0
1.0 1.10465e-12 0
1.0 2.96831e-10 0
0.761212 0.238788 0
0.999991 9.44225e-06 0
0.975801 0.0241993 0
0.997465 0.00253524 0
0.0617039 0.938296 0
0.999999 7.55748e-07 0
0.98086 0.0191398 0
0.000180257 0.99982 0
0.983312 0.0166885 0
0.999993 6.94849e-06 0
0.985832 0.0141683 0
0.517785 0.482215 0
0.990446 0.00955414 0
0.999777 0.000223052 0
1.0 1.45646e-12 0
0.999974 2.61992e-05 0
1.0 1.14061e-10 0
1.0 3.15219e-10 0
0.000107313 0.999893 0
0.0232426 0.976757 0
0.620733 0.379267 0
0.999764 0.000236263 0
0.999999 1.22019e-06 0
0.999995 4.60657e-06 0
1.0 2.08376e-08 0
1.0 5.37865e-12 0
0.914797 0.0852027 0
1.0 4.1251e-07 0
0.991843 0.00815662 0
0.0791573 0.920843 0
1.0 1.4493e-07 0
0.999917 8.31051e-05 0
0.991662 0.00833844 0
0.999998 2.10774e-06 0
0.56411 0.43589 0
1.0 1.66984e-08 0
0.999162 0.0008379 0
0.000154731 0.999845 1
0.901063 0.0989365 1
0.954008 0.0459922 1
6.23105e-05 0.999938 1
0.0432096 0.95679 1
0.122669 0.877331 1
0.82184 0.17816 1
1.34416e-07 1.0 1
0.42256 0.57744 1
2.35806e-05 0.999976 1
0.245439 0.754561 1
0.861679 0.138321 1
0.0230957 0.976904 1
0.715407 0.284593 1
0.000739954 0.99926 1
0.000778634 0.999221 1
0.0257976 0.974202 1
9.19097e-07 0.999999 1
0.999686 0.000313537 1
0.849953 0.150047 1
0.03088 0.96912 1
0.00267634 0.997324 1
5.83303e-06 0.999994 1
0.170701 0.829299 1
1.03761e-05 0.99999 1
0.387684 0.612316 1
0.042103 0.957897 1
2.14695e-05 0.999979 1
0.0351094 0.964891 1
5.25257e-05 0.999947 1
0.000205589 0.999794 1
0.557729 0.442271 1
0.916666 0.0833339 1
4.62099e-06 0.999995 1
0.227871 0.772129 1
0.212748 0.787252 1
0.00195593 0.998044 1
0.000464135 0.999536 1
2.87361e-06 0.999997 1
1.47715e-05 0.999985 1
2.08734e-06 0.999998 1
0.00170416 0.998296 1
0.287914 0.712086 1
0.645635 0.354365 1
0.00341354 0.996586 1
0.122764 0.877236 1
7.4044e-05 0.999926 1
0.235607 0.764393 1
0.215725 0.784275 1
0.999994 5.69079e-06 1
1.0935e-06 0.999999 1
0.011284 0.988716 1
0.485704 0.514296 1
8.33511e-08 1.0 1
0.0777467 0.922253 1
0.0499054 0.950095 1
4.41839e-05 0.999956 1
6.32434e-05 0.999937 1
0.55007 0.44993 1
0.000407223 0.999593 1
0.090008 0.909992 1
0.993434 0.00656638 1
1.59031e-06 0.999998 1
0.0014333 0.998567 1
0.000775438 0.999225 1
0.373678 0.626322 1
0.000136377 0.999864 1
0.0485863 0.951414 1
0.912786 0.0872141 1
0.000252905 0.999747 1
6.08071e-06 0.999994 1
0.251702 0.748298 1
0.245175 0.754825 1
0.000545619 0.999454 1
0.900908 0.099092 1
0.0143182 0.985682 1
0.000105993 0.999894 1
0.173053 0.826947 1
1.96994e-07 1.0 1
0.0722248 0.927775 1
0.000540916 0.999459 1
0.000629288 0.999371 1
0.999132 0.000868266 1
8.88479e-08 1.0 1
0.75119 0.248809 1
0.0434053 0.956595 1
1.79367e-06 0.999998 1
0.00107964 0.99892 1
0.0584497 0.94155 1
0.00102341 0.998977 1
0.00560762 0.994392 1
4.15463e-06 0.999996 1
0.993103 0.00689732 1
0.00131916 0.998681 1
6.22113e-05 0.999938 1
0.147433 0.852567 1
3.52371e-05 0.999965 1
0.99839 0.00161035 1
0.0213636 0.978636 1
0.0180577 0.981942 1
3.20897e-09 1.0 1
0.00126229 0.998738 1
0.728589 0.271411 1
0.000915345 0.999085 1
7.7422e-05 0.999923 1
0.965663 0.0343372 1
0.00199507 0.998005 1
0.00343755 0.996562 1
0.00348804 0.996512 1
0.000244588 0.999755 1
6.95311e-05 0.999931 1
0.267237 0.732763 1
0.303717 0.696283 1
0.000196519 0.999803 1
0.886882 0.113118 1
9.24273e-05 0.999908 1
0.000210681 0.999789 1
6.18714e-06 0.999994 1
0.000168826 0.999831 1
0.000432702 0.999567 1
0.999054 0.000945824 1
0.945422 0.0545779 1
0.00536229 0.994638 1
0.993512 0.00648784 1
4.29236e-06 0.999996 1
0.851078 0.148922 1
0.999374 0.000626084 1
8.55912e-05 0.999914 1
1.78342e-07 1.0 1
0.0767603 0.92324 1
0.000624641 0.999375 1
0.00108244 0.998918 1
0.00545597 0.994544 1
1.87529e-05 0.999981 1
0.309263 0.690737 1
0.000322056 0.999678 1
0.000191072 0.999809 1
1.87805e-06 0.999998 1
0.000122681 0.999877 1
1.29639e-05 0.999987 1
9.37528e-08 1.0 1
0.975432 0.0245679 1
0.497317 0.502683 1
0.971933 0.0280673 1
0.0782513 0.921749 1
0.0126307 0.987369 1
0.0278917 0.972108 1
7.35737e-09 1.0 1
1.35494e-05 0.999986 1
0.0420894 0.957911 1
7.77161e-05 0.999922 1
5.51602e-07 0.999999 1
0.0761016 0.923898 1
0.00114358 0.998856 1
1.0 3.60311e-07 1
0.000715023 0.999285 1
0.00216848 0.997832 1
0.000493099 0.999507 1
0.834731 0.165269 1
0.000247437 0.999753 1
0.117184 0.882816 1
0.0124735 0.987526 1
1.9791e-07 1.0 1
3.33692e-06 0.999997 1
0.00663111 0.993369 1
0.0666287 0.933371 1
0.997725 0.00227544 1
0.999999 6.56501e-07 1
0.00427526 0.995725 1
0.061921 0.938079 1
1.08528e-06 0.999999 1
0.000324196 0.999676 1
0.999626 0.00037398 1
0.00131752 0.998682 1
0.210123 0.789877 1
0.0149515 0.985048 1
0.238151 0.761849 1
0.998532 0.00146768 1
9.64803e-08 1.0 1
0.0370342 0.962966 1
0.000154831 0.999845 1
0.166559 0.833441 1
0.00809152 0.991908 1
4.50399e-07 1.0 1
0.956222 0.0437776 1
0.299426 0.700574 1
0.994097 0.00590289 1
0.978423 0.0215768 1
0.050979 0.949021 1
0.880613 0.119387 1
4.91126e-06 0.999995 1
0.831594 0.168406 1
0.642682 0.357318 1
0.43538 0.56462 1
0.977828 0.0221719 1
0.999945 5.45926e-05 1
0.778123 0.221877 1
0.0226623 0.977338 1
3.3613e-05 0.999966 1
0.665578 0.334422 1
0.000669919 0.99933 1
0.0660946 0.933905 1
2.87925e-07 1.0 1
0.190083 0.809917 1
0.997558 0.00244215 1
0.06045 0.93955 1
3.51979e-08 1.0 1
0.0743387 0.925661 1
0.000340588 0.999659 1
2.58844e-05 0.999974 1
3.75221e-05 0.999962 1
5.58066e-06 0.999994 1
0.176647 0.823353 1
7.97018e-09 1.0 1
0.760815 0.239185 1
5.08376e-05 0.999949 1
0.998048 0.00195175 1
0.000283734 0.999716 1
0.000113153 0.999887 1
4.55793e-07 1.0 1
0.0542817 0.945718 1
0.000304575 0.999695 1
1.57309e-06 0.999998 1
0.00202059 0.997979 1
2.33267e-06 0.999998 1
0.00245076 0.997549 1
0.000132021 0.999868 1
0.984652 0.0153479 1
0.0570074 0.942993 1
0.965991 0.0340095 1
0.287506 0.712494 1
0.0499171 0.950083 1
0.00209161 0.997908 1
0.000573638 0.999426 1
0.000940921 0.999059 1
0.00229617 0.997704 1
0.802662 0.197338 1
0.390256 0.609744 1
0.0512393 0.948761 1
4.89059e-06 0.999995 1
0.000478603 0.999521 1
0.999995 5.3606e-06 1
0.207095 0.792905 1
0.000497686 0.999502 1
0.822103 0.177897 1
1.0601e-12 1.0 1
0.909034 0.0909657 1
1.05399e-07 1.0 1
0.00324451 0.996756 1
2.3828e-07 1.0 1
7.48766e-05 0.999925 1
1.52921e-05 0.999985 1
0.844474 0.155526 1
0.00222807 0.997772 1
0.999794 0.000205627 1
0.099063 0.900937 1
5.29936e-05 0.999947 1
0.000395444 0.999605 1
6.15236e-06 0.999994 1
1.0 3.87133e-08 1
0.000246071 0.999754 1
0.484441 0.515559 1
0.31644 0.68356 1
0.00492543 0.995075 1
0.00100023 0.999 1
0.000309602 0.99969 1
5.09786e-06 0.999995 1
2.54178e-08 1.0 1
0.111829 0.888171 1
8.9858e-07 0.999999 1
0.0413122 0.958688 1
0.999589 0.000410929 1
0.999891 0.000108694 1
0.0669578 0.933042 1
0.000467628 0.999532 1
5.02031e-06 0.999995 1
6.69353e-07 0.999999 1
0.00579143 0.994209 1
8.43155e-07 0.999999 1
3.17887e-08 1.0 1
0.000124958 0.999875 1
3.75606e-05 0.999962 1
1.0 1.66514e-10 1
0.0184138 0.981586 1
0.251409 0.748591 1
1.60271e-06 0.999998 1
2.35048e-05 0.999977 1
0.231784 0.768216 1
4.85374e-07 1.0 1
0.281908 0.718092 1
0.0010037 0.998996 1
5.3962e-08 1.0 1
0.20413 0.79587 1
5.30927e-07 1.0 1
0.0370696 0.96293 1
0.00344025 0.99656 1
6.5892e-09 1.0 1
0.0680744 0.931926 1
0.0680901 0.93191 1
0.97979 0.0202104 1
5.2666e-06 0.999995 1
0.641703 0.358297 1
0.000145585 0.999854 1
4.4871e-05 0.999955 1
0.445924 0.554076 1
2.94213e-05 0.999971 1
0.480318 0.519682 1
0.0029396 0.99706 1
0.0272592 0.972741 1
0.00039002 0.99961 1
1.04432e-05 0.99999 1
0.997851 0.00214883 1
0.0108003 0.9892 1
1.28917e-05 0.999987 1
0.676174 0.323826 1
0.12181 0.87819 1
0.687892 0.312108 1
0.000255734 0.999744 1
0.999753 0.000246998 1
0.00183501 0.998165 1
0.989059 0.0109414 1
6.35304e-05 0.999936 1
0.000909205 0.999091 1
9.35667e-05 0.999906 1
0.02411 0.97589 1
0.00503423 0.994966 1
0.0491639 0.950836 1
0.000108623 0.999891 1
8.63e-08 1.0 1
4.62306e-06 0.999995 1
0.00128765 0.998712 1
5.32398e-07 1.0 1
8.13787e-05 0.999919 1
0.950223 0.0497773 1
0.991348 0.00865229 1
0.438487 0.561513 1
0.0704665 0.929534 1
0.977339 0.0226606 1
1.13436e-05 0.999989 1
0.972992 0.0270081 1
0.167317 0.832683 1
1.98662e-06 0.999998 1
0.394781 0.605219 1
0.328369 0.671631 1
0.272473 0.727527 1
0.0361759 0.963824 1
0.000144122 0.999856 1
0.00676319 0.993237 1
4.07186e-05 0.999959 1
0.0132678 0.986732 1
0.00107782 0.998922 1
0.0702055 0.929794 1
0.738979 0.261021 1
0.976004 0.0239964 1
0.859594 0.140406 1
1.47779e-05 0.999985 1
0.000131731 0.999868 1
0.995904 0.00409588 1
2.19556e-07 1.0 1
8.30183e-05 0.999917 1
0.999988 1.21345e-05 1
0.00120974 0.99879 1
0.996143 0.00385648 1
0.000125542 0.999874 1
6.01711e-05 0.99994 1
0.592254 0.407746 1
0.278917 0.721083 1
0.999987 1.29389e-05 1
0.892426 0.107574 1
0.0113597 0.98864 1
0.987068 0.0129319 1
3.18829e-07 1.0 1
0.978803 0.0211973 1
0.998708 0.00129247 1
0.000507234 0.999493 1
1.0 1.38613e-07 1
0.369117 0.630883 1
0.999567 0.000432879 1
0.648545 0.351455 1
1.41926e-05 0.999986 1
0.0862541 0.913746 1
1.12611e-05 0.999989 1
2.90013e-06 0.999997 1
0.0201558 0.979844 1
6.91058e-05 0.999931 1
0.00112007 0.99888 1
0.0446876 0.955312 1
0.999975 2.52906e-05 1
0.976502 0.0234983 1
1.20039e-07 1.0 1
0.337552 0.662447 1
1.0 9.17808e-10 1
0.00820188 0.991798 1
6.45895e-08 1.0 1
0.0325116 0.967488 1
0.965078 0.0349222 1
1.59441e-08 1.0 1
0.000952743 0.999047 1
0.892458 0.107542 1
0.633132 0.366868 1
0.0364047 0.963595 1
1.89624e-05 0.999981 1
0.000106865 0.999893 1
0.000538876 0.999461 1
0.0157448 0.984255 1
0.99965 0.000349876 1
4.30013e-05 0.999957 1
0.996473 0.00352653 1
0.000356277 0.999644 1
0.864399 0.135601 1
0.385248 0.614752 1
0.790018 0.209982 1
0.999654 0.000345589 1
0.00771944 0.992281 1
0.280127 0.719873 1
0.999671 0.000328669 1
0.000255187 0.999745 1
7.29923e-06 0.999993 1
0.000500548 0.999499 1
2.46603e-05 0.999975 1
0.00200165 0.997998 1
0.00369866 0.996301 1
0.999762 0.000237766 1
1.49157e-05 0.999985 1
0.00153815 0.998462 1
5.67768e-07 0.999999 1
0.000733806 0.999266 1
0.00145325 0.998547 1
0.0127342 0.987266 1
0.784977 0.215023 1
1.07023e-06 0.999999 1
3.64948e-07 1.0 1
0.813235 0.186765 1
3.57102e-05 0.999964 1
2.87853e-06 0.999997 1
0.95733 0.0426699 1
0.461274 0.538726 1
0.214314 0.785686 1
6.50636e-07 0.999999 1
4.516e-06 0.999995 1
0.618421 0.381579 1
5.52343e-06 0.999995 1
0.00149113 0.998509 1
0.342533 0.657467 1
0.410368 0.589632 1
0.999928 7.16723e-05 1
0.00301113 0.996989 1
0.996291 0.0037094 1
6.9856e-09 1.0 1
1.07873e-06 0.999999 1
0.000454635 0.999545 1
0.980654 0.019346 1
0.00204457 0.997955 1
1.93577e-06 0.999998 1
0.0198734 0.980127 1
0.0032561 0.996744 1
0.00109894 0.998901 1
0.998015 0.00198473 1
0.1523 0.8477 1
6.82712e-05 0.999932 1
0.00343497 0.996565 1
0.00186786 0.998132 1
2.64839e-05 0.999974 1
0.685297 0.314703 1
0.849604 0.150396 1
0.000313209 0.999687 1
0.00661902 0.993381 1
1.43638e-05 0.999986 1
0.81535 0.18465 1
5.35576e-08 1.0 1
0.00276687 0.997233 1
0.149594 0.850406 1
0.000856664 0.999143 1
0.0051219 0.994878 1
3.64006e-05 0.999964 1
0.20835 0.79165 1
3.21083e-06 0.999997 1
0.000541186 0.999459 1
8.92603e-05 0.999911 1
0.00894277 0.991057 1
2.34157e-05 0.999977 1
0.560579 0.439421 1
0.0796773 0.920323 1
0.999915 8.46379e-05 1
0.806365 0.193635 1
5.11206e-07 1.0 1
0.000386971 0.999613 1
0.00026519 0.999735 1
0.351006 0.648994 1
0.0543371 0.945663 1
2.36095e-09 1.0 1
1.05972e-09 1.0 1
0.535424 0.464576 1
0.870044 0.129956 1
0.000314198 0.999686 1
0.00389185 0.996108 1
0.999854 0.000145537 1
1.0 3.08575e-10 1
0.932903 0.067097 1
0.0117045 0.988295 1
0.000360695 0.999639 1
0.000433466 0.999566 1
6.51739e-05 0.999935 1
1.55102e-05 0.999985 1
5.76504e-05 0.999942 1
0.884431 0.115569 1
0.00871136 0.991289 1
0.0550121 0.944988 1
4.49621e-06 0.999995 1
1.00141e-05 0.99999 1
0.957792 0.042208 1
0.00603105 0.993969 1
0.0047787 0.995221 1
0.00112283 0.998877 1
0.0203781 0.979622 1
0.735498 0.264502 1
1.27197e-05 0.999987 1
9.99315e-07 0.999999 1
3.69416e-06 0.999996 1
0.636258 0.363742 1
0.144371 0.855629 1
0.991226 0.0087735 1
0.999654 0.000345897 1
0.00101441 0.998986 1
8.14024e-06 0.999992 1
0.00241017 0.99759 1
0.196087 0.803913 1
0.121474 0.878526 1
1.60098e-06 0.999998 1
0.950516 0.0494838 1
0.980345 0.0196551 1
2.16443e-05 0.999978 1
0.000432006 0.999568 1
0.20551 0.79449 1
6.09881e-05 0.999939 1
0.523907 0.476093 1
0.999806 0.000194542 1
2.71263e-06 0.999997 1
0.037781 0.962219 1
0.00236263 0.997637 1
0.000890181 0.99911 1
0.982468 0.0175325 1
0.969396 0.0306038 1
0.00024759 0.999752 1
0.00681163 0.993188 1
0.000966921 0.999033 1
0.660757 0.339243 1
0.32205 0.67795 1
3.80767e-05 0.999962 1
0.869075 0.130925 1
3.68275e-07 1.0 1
0.278499 0.721501 1
0.000100419 0.9999 1
0.001241 0.998759 1
7.13486e-07 0.999999 1
0.0618903 0.93811 1
0.00125727 0.998743 1
0.00063108 0.999369 1
6.49079e-08 1.0 1
0.0331489 0.966851 1
5.71621e-07 0.999999 1
0.0437007 0.956299 1
0.00258536 0.997415 1
1.9417e-06 0.999998 1
0.0185907 0.981409 1
0.00308425 0.996916 1
0.000134195 0.999866 1
1.87251e-06 0.999998 1
0.00193571 0.998064 1
0.0293963 0.970604 1
0.944391 0.0556091 1
0.999357 0.000643117 1
0.0016828 0.998317 1
0.000733326 0.999267 1
0.00280472 0.997195 1
0.0140308 0.985969 1
0.00719342 0.992807 1
1.96091e-06 0.999998 1
7.49874e-06 0.999992 1
0.175026 0.824974 1
1.89286e-05 0.999981 1
0.000148774 0.999851 1
0.49585 0.50415 1
0.0624642 0.937536 1
1.26723e-05 0.999987 1
0.00149412 0.998506 1
0.998483 0.00151745 1
0.0136399 0.98636 1
0.000119689 0.99988 1
7.4519e-06 0.999992 1
0.000275222 0.999725 1
0.017973 0.982027 1
0.0159825 0.984018 1
0.996356 0.00364357 1
0.96809 0.0319098 1
0.00277465 0.997225 1
0.995142 0.00485778 1
0.00033303 0.999667 1
3.07465e-06 0.999997 1
0.0616701 0.93833 1
0.0052231 0.994777 1
0.0941012 0.905899 1
0.00220362 0.997796 1
0.275813 0.724187 1
0.999919 8.10192e-05 1
0.00300561 0.996994 1
2.50815e-05 0.999975 1
0.0370083 0.962992 1
0.227278 0.772722 1
0.126852 0.873148 1
3.39166e-07 1.0 1
0.00070392 0.999296 1
1.27277e-05 0.999987 1
0.000194227 0.999806 1
0.176543 0.823457 1
3.20891e-06 0.999997 1
1.71077e-05 0.999983 1
0.408121 0.591879 1
0.00135072 0.998649 1
0.157315 0.842685 1
0.947771 0.0522289 1
0.993436 0.00656437 1
0.0196782 0.980322 1
0.998407 0.00159335 1
0.00462846 0.995372 1
0.000161746 0.999838 1
7.1553e-08 1.0 1
0.999437 0.000563234 1
0.230718 0.769282 1
0.0108548 0.989145 1
2.96441e-05 0.99997 1
0.760219 0.239781 1
0.663322 0.336678 1
0.080766 0.919234 1
9.4305e-05 0.999906 1
0.000780074 0.99922 1
5.23307e-08 1.0 1
0.000443172 0.999557 1
0.32908 0.67092 1
9.80603e-05 0.999902 1
0.360998 0.639002 1
5.41569e-08 1.0 1
0.213604 0.786396 1
0.992941 0.00705941 1
0.000101083 0.999899 1
4.24195e-08 1.0 1
0.0735964 0.926404 1
5.07585e-06 0.999995 1
2.65821e-06 0.999997 1
0.999189 0.000810928 1
0.00341821 0.996582 1
6.94454e-06 0.999993 1
0.0348411 0.965159 1
9.58484e-08 1.0 1
1.5601e-05 0.999984 1
0.0922549 0.907745 1
0.00140001 0.9986 1
0.0023043 0.997696 1
0.265933 0.734067 1
0.00840705 0.991593 1
0.000116209 0.999884 1
0.74824 0.25176 1
0.000174886 0.999825 1
0.99447 0.00552976 1
2.85436e-06 0.999997 1
7.13414e-05 0.999929 1
0.000750719 0.999249 1
0.000287972 0.999712 1
0.0199355 0.980065 1
0.007485 0.992515 1
0.00393808 0.996062 1
2.21312e-07 1.0 1
2.83012e-08 1.0 1
0.0217802 0.97822 1
0.189807 0.810193 1
0.000627146 0.999373 1
0.000676437 0.999324 1
0.000149014 0.999851 1
0.181838 0.818162 1
0.0430886 0.956911 1
2.45607e-06 0.999997 1
0.945017 0.0549835 1
0.609762 0.390238 1
0.013026 0.986974 1
1.15625e-05 0.999988 1
0.292715 0.707285 1
0.00852184 0.991478 1
0.00722178 0.992778 1
0.999998 1.53864e-06 1
0.141173 0.858827 1
0.00019757 0.999802 1
6.40697e-08 1.0 1
0.060636 0.939364 1
0.00093923 0.999061 1
0.00410333 0.995897 1
0.00215098 0.997849 1
0.0486375 0.951363 1
4.55679e-06 0.999995 1
1.0 1.14813e-07 1
1.51837e-05 0.999985 1
0.000431674 0.999568 1
4.70829e-07 1.0 1
0.405106 0.594894 1
0.00421404 0.995786 1
1.2206e-05 0.999988 1
1.24552e-07 1.0 1
2.48392e-05 0.999975 1
0.505797 0.494203 1
0.972773 0.0272273 1
0.335832 0.664168 1
0.0818862 0.918114 1
0.0182271 0.981773 1
0.00985717 0.990143 1
1.06087e-05 0.999989 1
0.00550151 0.994499 1
0.287153 0.712847 1
0.519394 0.480606 1
0.0715721 0.928428 1
0.00940127 0.990599 1
3.681e-05 0.999963 1
1.26411e-05 0.999987 1
0.985196 0.0148045 1
0.841734 0.158266 1
4.5656e-06 0.999995 1
0.00785343 0.992147 1
0.0109859 0.989014 1
4.60906e-14 1.0 1
4.40085e-05 0.999956 1
0.000206339 0.999794 1
0.0106069 0.989393 1
0.0239462 0.976054 1
6.03978e-06 0.999994 1
0.00285692 0.997143 1
0.0135304 0.98647 1
0.0160853 0.983915 1
0.459444 0.540556 1
0.014944 0.985056 1
0.0128869 0.987113 1
0.00015823 0.999842 1
1.95949e-06 0.999998 1
0.999848 0.000152118 1
1.84924e-07 1.0 1
0.000131475 0.999869 1
0.999551 0.00044906 1
6.50814e-05 0.999935 1
0.21129 0.78871 1
0.000143276 0.999857 1
0.876291 0.123709 1
0.000381397 0.999619 1
0.901199 0.0988005 1
0.0930621 0.906938 1
0.0657094 0.934291 1
5.33937e-05 0.999947 1
0.000690851 0.999309 1
0.988192 0.0118074 1
3.36541e-05 0.999966 1
0.0882821 0.911718 1
1.0 1.53493e-14 1
0.635359 0.364641 1
1.49356e-05 0.999985 1
0.967964 0.0320361 1
0.0307106 0.969289 1
0.815923 0.184077 1
0.500671 0.499329 1
0.996212 0.00378807 1
5.35314e-07 1.0 1
0.000543503 0.999456 1
0.00272739 0.997273 1
0.000138149 0.999862 1
0.676366 0.323634 1
3.83933e-05 0.999962 1
5.82446e-05 0.999942 1
0.0108618 0.989138 1
0.0533175 0.946683 1
0.126262 0.873738 1
0.926847 0.0731526 1
0.00136045 0.99864 1
1.50073e-06 0.999998 1
7.10624e-08 1.0 1
0.000910478 0.999089 1
0.00773076 0.992269 1
0.965942 0.0340583 1
1.57591e-06 0.999998 1
0.000148613 0.999851 1
0.000745333 0.999255 1
0.00310313 0.996897 1
0.00341146 0.996589 1
0.534939 0.465061 1
0.437533 0.562467 1
0.000107114 0.999893 1
9.10557e-06 0.999991 1
0.83379 0.16621 1
0.0982795 0.90172 1
0.00219308 0.997807 1
0.156325 0.843675 1
0.786913 0.213087 1
0.0795699 0.92043 1
0.999896 0.000103991 1
0.00747252 0.992527 1
0.0358288 0.964171 1
0.999999 6.57662e-07 1
0.000424823 0.999575 1
0.126644 0.873356 1
0.733396 0.266604 1
3.50101e-07 1.0 1
0.310625 0.689375 1
1.58014e-05 0.999984 1
9.44759e-07 0.999999 1
0.933887 0.0661131 1
0.000663931 0.999336 1
4.97473e-07 1.0 1
0.783826 0.216174 1
0.00647318 0.993527 1
0.00058681 0.999413 1
0.00153627 0.998464 1
0.970724 0.0292762 1
0.643775 0.356225 1
0.00109626 0.998904 1
0.717989 0.282011 1
3.33285e-06 0.999997 1
5.67181e-06 0.999994 1
0.00451978 0.99548 1
0.465994 0.534006 1
8.90292e-05 0.999911 1
0.562854 0.437146 1
1.0 5.17597e-11 1
0.627555 0.372445 1
0.933261 0.0667391 1
0.0321556 0.967844 1
0.000243375 0.999757 1
0.874998 0.125002 1
0.0291071 0.970893 1
0.00576494 0.994235 1
0.0107887 0.989211 1
0.269173 0.730827 1
0.0163712 0.983629 1
1.26855e-08 1.0 1
0.000343941 0.999656 1
0.000882033 0.999118 1
0.0023307 0.997669 1
0.00127763 0.998722 1
3.42377e-06 0.999997 1
0.994105 0.00589513 1
6.57741e-05 0.999934 1
0.140591 0.859409 1
0.99937 0.000629787 1
1.0 3.08291e-09 1
0.0022098 0.99779 1
0.0043725 0.995628 1
0.00510903 0.994891 1
0.985906 0.0140939 1
0.0537016 0.946298 1
6.03244e-05 0.99994 1
0.968085 0.0319146 1
0.454629 0.545371 1
0.0479164 0.952084 1
4.64182e-08 1.0 1
4.9453e-08 1.0 1
1.85804e-06 0.999998 1
0.000101877 0.999898 1
0.0370569 0.962943 1
0.0747408 0.925259 1
0.7562 0.2438 1
0.00017178 0.999828 1
0.000870328 0.99913 1
0.906794 0.0932064 1
0.0721392 0.927861 1
0.00150005 0.9985 1
0.00248631 0.997514 1
8.24462e-05 0.999918 1
3.91939e-08 1.0 1
0.0132733 0.986727 1
1.39057e-06 0.999999 1
0.0138505 0.98615 1
0.987377 0.012623 1
3.73606e-06 0.999996 1
0.728876 0.271125 1
4.92125e-05 0.999951 1
0.0449882 0.955012 1
0.125391 0.874609 1
0.000556139 0.999444 1
0.0250377 0.974962 1
1.17596e-06 0.999999 1
3.8532e-06 0.999996 1
0.322253 0.677747 1
0.149645 0.850355 1
5.49321e-06 0.999995 1
0.19276 0.80724 1
0.750077 0.249923 1
6.88467e-05 0.999931 1
2.55524e-05 0.999974 1
0.986683 0.0133173 1
0.000701603 0.999298 1
0.00222707 0.997773 1
0.000584891 0.999415 1
0.760194 0.239806 1
0.977326 0.0226738 1
0.182653 0.817347 1
2.15451e-06 0.999998 1
0.196749 0.803251 1
2.77684e-05 0.999972 1
0.63407 0.36593 1
0.842952 0.157048 1
7.22608e-05 0.999928 1
0.99999 1.05078e-05 1
0.0106817 0.989318 1
0.35814 0.64186 1
0.386617 0.613383 1
3.73041e-06 0.999996 1
0.000117677 0.999882 1
1.47718e-05 0.999985 1
0.633945 0.366055 1
0.049212 0.950788 1
1.55555e-09 1.0 1
6.21089e-06 0.999994 1
0.133685 0.866315 1
0.0184493 0.981551 1
0.00342828 0.996572 1
0.000113695 0.999886 1
0.00204971 0.99795 1
0.000194377 0.999806 1
0.0548597 0.94514 1
0.40077 0.59923 1
2.8005e-05 0.999972 1
1.0 2.59754e-07 1
0.23148 0.76852 1
0.00328461 0.996715 1
0.957222 0.0427778 1
5.26176e-05 0.999947 1
0.000126345 0.999874 1
0.00101436 0.998986 1
0.999971 2.91328e-05 1
0.485737 0.514263 1
1.91734e-05 0.999981 1
0.0517251 0.948275 1
0.000201905 0.999798 1
0.0103487 0.989651 1
8.46251e-06 0.999992 1
1.89727e-14 1.0 1
1.57787e-05 0.999984 1
0.0106058 0.989394 1
5.35687e-07 1.0 1
0.00185643 0.998144 1
0.210654 0.789346 1
0.000367911 0.999632 1
0.00140618 0.998594 1
7.02952e-08 1.0 1
1.24999e-06 0.999999 1
1.05665e-06 0.999999 1
5.402e-06 0.999995 1
0.841856 0.158144 1
0.00700735 0.992993 1
0.0129304 0.98707 1
0.000504568 0.999495 1
0.999959 4.14726e-05 1
0.979115 0.0208848 1
3.6354e-06 0.999996 1
0.956564 0.0434357 1
0.00637887 0.993621 1
0.0870066 0.912993 1
0.996302 0.00369829 1
0.017532 0.982468 1
0.0333285 0.966671 1
0.995895 0.00410548 1
1.63238e-06 0.999998 1
6.3898e-07 0.999999 1
0.0311297 0.96887 1
0.267374 0.732626 1
0.000216715 0.999783 1
6.8696e-06 0.999993 1
0.885347 0.114653 1
0.0252324 0.974768 1
0.961051 0.0389485 1
0.0275895 0.972411 1
0.471175 0.528825 1
0.0264734 0.973527 1
0.0904746 0.909525 1
1.0 1.70633e-07 1
0.968463 0.0315372 1
8.70182e-08 1.0 1
0.000110234 0.99989 1
0.00435866 0.995641 1
0.00574141 0.994259 1
0.000520251 0.99948 1
1.72796e-05 0.999983 1
0.00770708 0.992293 1
0.0144358 0.985564 1
1.52122e-05 0.999985 1
0.648316 0.351684 1
1.42748e-06 0.999999 1
0.0134191 0.986581 1
0.996278 0.00372224 1
0.363893 0.636107 1
0.0720998 0.9279 1
1.0 2.84682e-09 1
0.00552499 0.994475 1
0.000633961 0.999366 1
0.909074 0.0909256 1
0.000540643 0.999459 1
0.995607 0.00439273 1
