0.945979 0.0540209 0
1.0 6.57848e-08 0
0.747431 0.252569 0
0.999763 0.000237303 0
0.720549 0.279451 0
0.999999 9.07303e-07 0
0.999485 0.000515446 0
0.99873 0.00126968 0
0.999913 8.67767e-05 0
0.999944 5.57389e-05 0
0.998387 0.00161294 0
0.997166 0.00283372 0
0.995659 0.00434138 0
0.178747 0.821253 0
0.913291 0.0867086 0
0.841685 0.158315 0
0.0533933 0.946607 0
0.993787 0.00621326 0
0.297334 0.702666 0
0.9937 0.00630037 0
0.517247 0.482753 0
0.235785 0.764215 0
0.999969 3.13731e-05 0
0.0879664 0.912033 0
0.966626 0.0333739 0
1.0 4.0576e-07 0
0.999999 1.30884e-06 0
0.997516 0.00248406 0
0.993364 0.00663571 0
0.999997 2.8013e-06 0
1.0 9.46442e-08 0
0.895258 0.104742 0
0.999998 2.18702e-06 0
1.0 1.87789e-07 0
0.00290581 0.997094 0
0.999836 0.000163905 0
0.999999 8.48162e-07 0
0.842169 0.157831 0
0.999999 1.25209e-06 0
0.999964 3.61532e-05 0
1.0 2.8466e-08 0
0.881589 0.118411 0
0.98775 0.01225 0
0.997841 0.00215945 0
0.981198 0.0188024 0
1.0 2.27041e-10 0
0.994795 0.00520486 0
0.998679 0.00132144 0
1.0 4.79952e-08 0
0.983912 0.0160875 0
0.81663 0.18337 0
1.0 4.17546e-07 0
0.999011 0.000988968 0
1.0 3.98894e-07 0
0.995986 0.00401361 0
1.0 1.73728e-07 0
1.0 2.07807e-08 0
0.884782 0.115218 0
0.99999 9.8094e-06 0
0.999025 0.000975523 0
0.0458165 0.954184 0
0.995529 0.00447147 0
0.355712 0.644288 0
0.999985 1.45509e-05 0
0.0773685 0.922632 0
0.999996 3.80747e-06 0
0.976372 0.023628 0
0.802692 0.197308 0
0.826483 0.173517 0
0.999999 1.28601e-06 0
0.999869 0.0001309 0
0.999977 2.34605e-05 0
0.99997 3.01403e-05 0
1.0 2.68035e-07 0
0.677139 0.322861 0
0.989216 0.0107835 0
1.0 4.19093e-09 0
0.999983 1.70558e-05 0
1.0 5.7248e-09 0
0.999965 3.51446e-05 0
0.999945 5.48756e-05 0
0.99992 7.95668e-05 0
1.0 1.56525e-08 0
0.811486 0.188514 0
0.968896 0.0311043 0
0.999997 2.69472e-06 0
0.956503 0.0434974 0
1.0 6.07888e-09 0
0.582098 0.417902 0
0.99367 0.00633041 0
0.997461 0.00253937 0
0.999993 6.69868e-06 0
0.999583 0.000417102 0
0.999649 0.0003512 0
0.999989 1.10939e-05 0
0.999999 8.3022e-07 0
1.0 8.79852e-08 0
0.9996 0.000400437 0
0.999978 2.20785e-05 0
0.999998 2.22448e-06 0
0.972418 0.0275815 0
0.999752 0.000248357 0
1.0 4.65239e-07 0
0.999684 0.000316183 0
1.0 1.66631e-10 0
0.366577 0.633423 0
0.930209 0.0697906 0
0.0358788 0.964121 0
1.0 1.94511e-10 0
0.999918 8.17381e-05 0
0.999992 8.16614e-06 0
1.0 3.12143e-08 0
0.317229 0.682771 0
1.0 6.17918e-08 0
1.0 3.11516e-08 0
1.0 7.67258e-08 0
0.999976 2.42544e-05 0
0.0185478 0.981452 0
0.833592 0.166408 0
0.202891 0.797109 0
0.943554 0.0564457 0
0.998633 0.00136687 0
0.999934 6.58792e-05 0
0.999998 2.27733e-06 0
1.0 4.78179e-08 0
0.999747 0.000252543 0
0.997914 0.00208594 0
0.999768 0.000232229 0
0.136549 0.863451 0
0.999998 1.87713e-06 0
0.28772 0.71228 0
0.578549 0.421451 0
0.998142 0.00185834 0
0.998301 0.0016992 0
0.999938 6.20991e-05 0
1.0 1.11806e-09 0
0.0382841 0.961716 0
1.0 2.18269e-11 0
0.999999 6.01204e-07 0
0.995598 0.00440195 0
0.995777 0.00422272 0
0.998951 0.00104869 0
0.999998 2.25029e-06 0
1.0 6.1975e-08 0
0.998674 0.00132587 0
0.999944 5.56147e-05 0
0.999967 3.30832e-05 0
0.929906 0.0700937 0
0.999972 2.7728e-05 0
0.757935 0.242065 0
0.792443 0.207557 0
0.70855 0.29145 0
0.999843 0.000156645 0
0.988507 0.0114931 0
0.653762 0.346238 0
0.729997 0.270003 0
0.997236 0.00276383 0
0.000509083 0.999491 0
0.000118092 0.999882 0
0.9994 0.00060043 0
0.999094 0.000906077 0
0.999943 5.64895e-05 0
1.0 1.22548e-09 0
1.0 3.62464e-08 0
0.999999 7.21374e-07 0
0.997401 0.00259936 0
0.852909 0.147091 0
1.0 2.27254e-08 0
0.99999 1.03203e-05 0
0.999988 1.18229e-05 0
0.99808 0.00192042 0
0.913291 0.0867094 0
0.0178609 0.982139 0
0.999741 0.000259074 0
1.0 1.18206e-09 0
0.99999 1.00431e-05 0
0.00679097 0.993209 0
0.964775 0.0352254 0
0.999999 1.35164e-06 0
0.999942 5.79647e-05 0
1.0 1.93762e-07 0
0.999167 0.000833332 0
0.999991 8.6315e-06 0
0.00593262 0.994067 0
0.0605542 0.939446 0
0.409828 0.590172 0
1.0 2.24396e-07 0
0.0144741 0.985526 0
0.74544 0.25456 0
0.997279 0.00272139 0
1.0 3.09664e-08 0
0.999835 0.000164833 0
0.929738 0.0702621 0
0.99824 0.00175993 0
0.999997 2.60472e-06 0
1.0 5.82801e-08 0
1.0 1.04797e-07 0
1.0 6.5602e-09 0
1.0 2.01264e-08 0
0.999898 0.000102173 0
0.998391 0.00160861 0
0.999998 2.26616e-06 0
0.630282 0.369718 0
0.999999 8.31591e-07 0
0.944363 0.0556373 0
1.0 1.45474e-08 0
1.0 8.75593e-08 0
1.0 7.20089e-09 0
0.993602 0.0063982 0
0.999839 0.00016135 0
0.587478 0.412522 0
0.119195 0.880805 0
0.999999 1.45047e-06 0
0.000186619 0.999813 0
0.999944 5.61251e-05 0
0.983402 0.0165976 0
0.960769 0.0392314 0
0.999967 3.33299e-05 0
0.525904 0.474096 0
0.92262 0.0773804 0
1.0 9.75944e-11 0
1.0 7.74605e-08 0
1.0 4.9754e-10 0
0.954162 0.0458375 0
0.946441 0.0535592 0
0.999781 0.000219412 0
3.63973e-05 0.999964 0
1.0 3.58495e-07 0
0.693217 0.306783 0
0.999992 7.9581e-06 0
0.224528 0.775472 0
0.999398 0.000602077 0
1.0 3.35976e-08 0
1.0 4.66124e-10 0
0.999 0.00100039 0
0.999548 0.000451579 0
1.0 2.11883e-14 0
0.970232 0.029768 0
1.0 8.19768e-08 0
0.999967 3.27571e-05 0
0.0975609 0.902439 0
1.0 2.05782e-07 0
0.110151 0.889849 0
0.999969 3.14779e-05 0
0.999896 0.000103528 0
0.997847 0.00215322 0
0.999957 4.34369e-05 0
0.999999 1.15782e-06 0
0.750186 0.249814 0
0.117554 0.882446 0
0.992831 0.00716867 0
1.0 4.56714e-09 0
0.997774 0.002226 0
0.997968 0.00203163 0
0.700282 0.299718 0
0.997311 0.00268859 0
1.0 1.78563e-07 0
0.998745 0.00125491 0
0.000672678 0.999327 0
0.999987 1.27157e-05 0
0.986846 0.0131538 0
0.461614 0.538386 0
0.999984 1.57287e-05 0
0.804464 0.195536 0
1.0 5.98838e-08 0
0.999999 6.28628e-07 0
0.999999 1.25118e-06 0
1.0 7.54248e-09 0
0.989201 0.0107985 0
1.0 1.33977e-07 0
0.999598 0.000401928 0
0.0414796 0.95852 0
0.999899 0.000100791 0
0.247756 0.752244 0
0.999951 4.90151e-05 0
1.0 1.41065e-07 0
0.999882 0.000118504 0
1.0 5.29782e-07 0
0.999995 4.8464e-06 0
0.22493 0.77507 0
0.974211 0.0257886 0
0.998247 0.00175325 0
1.0 8.00349e-08 0
1.0 1.08393e-07 0
0.919059 0.0809408 0
0.700711 0.299289 0
1.0 2.22812e-08 0
0.999998 2.1569e-06 0
1.0 1.41659e-07 0
0.99865 0.00134966 0
0.164704 0.835296 0
0.999999 9.45189e-07 0
0.00211517 0.997885 0
0.813543 0.186457 0
0.87625 0.12375 0
1.0 4.99421e-09 0
0.999999 6.61475e-07 0
0.999977 2.34004e-05 0
1.0 6.50766e-10 0
1.0 5.14562e-07 0
0.0919518 0.908048 0
0.999919 8.05221e-05 0
0.992222 0.007778 0
1.0 6.45988e-09 0
1.0 8.43396e-08 0
0.999999 5.40926e-07 0
0.0439883 0.956012 0
0.999989 1.11464e-05 0
1.0 8.16879e-11 0
1.0 8.18982e-08 0
0.999994 5.75023e-06 0
0.705269 0.294731 0
0.999998 2.41379e-06 0
1.0 1.68635e-07 0
0.963643 0.0363566 0
0.999891 0.000108983 0
0.950343 0.0496574 0
0.991242 0.00875784 0
0.999575 0.000425363 0
0.889329 0.110671 0
0.998657 0.00134285 0
0.999662 0.000338408 0
0.990113 0.00988723 0
1.0 4.79145e-10 0
0.0603416 0.939658 0
0.999983 1.70019e-05 0
0.978666 0.021334 0
0.998384 0.00161635 0
0.999999 5.43031e-07 0
0.97252 0.0274798 0
0.999191 0.000809344 0
0.958811 0.0411888 0
0.992791 0.00720881 0
1.0 4.39685e-09 0
0.999797 0.000203037 0
0.999933 6.71403e-05 0
0.0845759 0.915424 0
0.993764 0.00623566 0
0.141415 0.858585 0
0.995484 0.00451618 0
0.999996 3.52687e-06 0
0.999458 0.000542125 0
1.0 2.14008e-08 0
1.0 3.72941e-12 0
0.999795 0.000205393 0
0.999988 1.18456e-05 0
0.999998 1.5134e-06 0
0.749054 0.250946 0
0.999966 3.3915e-05 0
0.999999 1.15462e-06 0
0.986035 0.0139655 0
0.1393 0.8607 0
0.996929 0.00307147 0
0.999993 6.66379e-06 0
1.0 1.94905e-07 0
0.999176 0.000824303 0
1.0 4.43039e-07 0
0.968429 0.0315713 0
0.999907 9.26349e-05 0
0.833816 0.166184 0
0.994101 0.00589903 0
1.0 3.92047e-07 0
0.997222 0.00277756 0
0.999999 1.18371e-06 0
0.999871 0.000129315 0
0.00219816 0.997802 0
1.0 6.01538e-08 0
1.0 5.32208e-09 0
0.998592 0.00140818 0
0.999954 4.64223e-05 0
0.974254 0.0257457 0
1.0 4.2921e-08 0
1.0 1.11373e-09 0
0.00191392 0.998086 0
0.998532 0.00146799 0
0.999969 3.06991e-05 0
0.999998 1.96149e-06 0
0.999996 4.16411e-06 0
0.992052 0.00794821 0
0.96745 0.03255 0
0.997943 0.00205733 0
1.0 1.02417e-08 0
0.999999 7.16016e-07 0
0.999899 0.000100685 0
0.999995 5.3282e-06 0
0.99971 0.000290007 0
0.990131 0.00986873 0
0.999994 5.73702e-06 0
9.67528e-05 0.999903 0
0.999336 0.000664058 0
6.99381e-05 0.99993 0
0.999992 7.86504e-06 0
0.627257 0.372742 0
1.0 6.06715e-11 0
1.0 1.94748e-07 0
0.995287 0.00471345 0
0.99997 2.97859e-05 0
0.999999 5.77904e-07 0
0.999998 2.14833e-06 0
0.993113 0.00688728 0
0.816012 0.183988 0
0.810439 0.189561 0
0.999984 1.58232e-05 0
1.0 4.02488e-07 0
0.999959 4.07717e-05 0
0.996319 0.00368077 0
0.99998 1.97584e-05 0
0.981958 0.0180418 0
0.875339 0.124661 0
1.0 9.63159e-08 0
1.0 1.23152e-07 0
0.938016 0.0619836 0
0.999744 0.000255811 0
0.405537 0.594463 0
0.998992 0.0010078 0
0.461273 0.538727 0
0.800853 0.199147 0
0.851223 0.148777 0
0.999812 0.000187925 0
0.990287 0.00971271 0
0.999983 1.74299e-05 0
0.988716 0.0112842 0
0.221514 0.778486 0
0.984851 0.0151495 0
0.82666 0.17334 0
0.989341 0.0106594 0
0.96918 0.0308198 0
0.444489 0.555511 0
0.00412137 0.995879 0
0.999991 8.85003e-06 0
0.708357 0.291643 0
0.981739 0.0182612 0
2.98761e-06 0.999997 0
0.99999 9.92007e-06 0
0.99997 2.97739e-05 0
0.947821 0.052179 0
0.999206 0.000793764 0
0.995868 0.00413169 0
0.992848 0.0071523 0
0.988914 0.0110856 0
1.0 6.47107e-08 0
0.999092 0.000907754 0
0.25418 0.74582 0
0.977149 0.0228515 0
0.863616 0.136384 0
0.639262 0.360738 0
0.999738 0.000262408 0
0.999599 0.000401095 0
0.999999 7.67971e-07 0
0.998714 0.00128598 0
0.99999 1.0481e-05 0
1.0 4.39244e-08 0
0.976358 0.0236422 0
0.997839 0.00216055 0
0.999613 0.000387286 0
1.0 1.3329e-07 0
0.984464 0.0155358 0
1.0 9.58606e-09 0
0.343509 0.656491 0
0.217042 0.782958 0
0.99232 0.0076802 0
0.99969 0.000309958 0
0.998769 0.00123097 0
0.36338 0.63662 0
1.0 1.65979e-10 0
1.0 2.45749e-10 0
0.265243 0.734757 0
1.0 1.03396e-07 0
0.0483846 0.951615 0
1.0 4.95867e-07 0
0.994265 0.0057355 0
0.826185 0.173815 0
0.999016 0.000984031 0
0.999972 2.7597e-05 0
0.998619 0.00138144 0
0.999916 8.4023e-05 0
0.269488 0.730512 0
0.999976 2.41787e-05 0
0.686041 0.313959 0
0.495786 0.504214 0
0.99999 1.00593e-05 0
0.0485906 0.951409 0
1.0 2.15126e-09 0
0.244607 0.755393 0
0.999981 1.9145e-05 0
0.297232 0.702768 0
0.999069 0.000931195 0
0.697739 0.302261 0
0.99498 0.00502017 0
0.973907 0.0260929 0
0.924107 0.0758928 0
0.75528 0.24472 0
0.998423 0.0015773 0
0.999952 4.83773e-05 0
0.999962 3.8427e-05 0
0.0696421 0.930358 0
0.999988 1.16773e-05 0
0.999993 6.90293e-06 0
0.998383 0.00161696 0
0.1675 0.8325 0
0.999991 8.93186e-06 0
0.999695 0.000304963 0
0.26023 0.73977 0
1.0 5.68348e-09 0
0.999996 4.23859e-06 0
0.998691 0.00130906 0
1.0 1.47636e-08 0
1.0 1.7895e-10 0
1.0 6.94021e-12 0
0.999978 2.22665e-05 0
0.999981 1.88634e-05 0
0.999406 0.000593765 0
1.0 2.95823e-07 0
0.99669 0.00331009 0
0.999982 1.77203e-05 0
0.999995 5.30546e-06 0
0.188986 0.811014 0
0.493535 0.506465 0
1.0 2.32042e-09 0
0.153483 0.846517 0
0.999587 0.000413513 0
0.803546 0.196454 0
0.9996 0.000399934 0
0.999903 9.6665e-05 0
0.814001 0.185999 0
1.0 4.92667e-07 0
0.999999 1.2401e-06 0
0.99899 0.00101001 0
0.999983 1.66077e-05 0
0.998111 0.00188854 0
0.999959 4.07024e-05 0
0.938123 0.0618772 0
0.712075 0.287925 0
0.999998 1.49185e-06 0
1.0 5.05711e-09 0
0.0248306 0.975169 0
0.999999 1.4241e-06 0
1.0 2.59058e-08 0
1.0 7.47523e-10 0
0.196956 0.803044 0
0.877186 0.122814 0
0.666892 0.333108 0
0.977816 0.0221838 0
0.999605 0.000394994 0
0.884152 0.115848 0
0.987684 0.0123161 0
0.998481 0.00151898 0
0.999887 0.00011295 0
0.0743715 0.925628 0
0.992423 0.00757667 0
1.0 4.72589e-07 0
0.99978 0.00022017 0
0.0103876 0.989612 0
0.12182 0.87818 0
0.722953 0.277047 0
1.0 2.68197e-07 0
1.0 7.08966e-08 0
0.995502 0.00449766 0
1.0 8.43647e-08 0
0.999999 1.10119e-06 0
0.999552 0.000447627 0
0.632835 0.367165 0
0.941084 0.0589164 0
0.999997 2.78167e-06 0
0.999727 0.000273081 0
1.0 1.23799e-07 0
0.00241077 0.997589 0
1.0 1.17972e-07 0
1.0 3.06915e-07 0
1.0 1.03066e-07 0
0.997722 0.00227769 0
1.0 5.76493e-08 0
0.266458 0.733542 0
0.0449605 0.95504 0
0.986051 0.0139492 0
0.976679 0.0233209 0
1.0 1.78028e-07 0
1.0 2.57915e-10 0
0.999664 0.000336195 0
0.996242 0.00375788 0
0.470836 0.529164 0
0.999999 9.82389e-07 0
0.99998 2.01961e-05 0
0.970541 0.0294595 0
0.999995 4.71028e-06 0
0.944076 0.0559239 0
0.998156 0.00184445 0
0.683966 0.316034 0
1.0 2.18787e-09 0
0.000392617 0.999607 0
0.912082 0.0879177 0
0.999911 8.85366e-05 0
1.0 2.2398e-15 0
1.0 5.19352e-07 0
0.977265 0.0227349 0
0.999996 4.36588e-06 0
0.999999 1.34222e-06 0
0.253546 0.746455 0
0.095978 0.904022 0
0.998435 0.00156511 0
0.997851 0.00214922 0
0.999885 0.000115049 0
0.00140643 0.998594 0
0.747942 0.252058 0
1.0 2.63725e-08 0
0.0489789 0.951021 0
1.0 1.57025e-12 0
0.999679 0.000320976 0
1.0 6.29792e-10 0
0.999926 7.41984e-05 0
0.986622 0.0133777 0
1.0 4.00784e-08 0
0.976235 0.0237652 0
0.238225 0.761775 0
0.999934 6.55275e-05 0
0.696169 0.303831 0
0.0147156 0.985284 0
0.999985 1.51216e-05 0
0.995513 0.00448719 0
0.939917 0.0600831 0
0.999783 0.000216857 0
1.0 4.37185e-08 0
0.581565 0.418435 0
0.981979 0.018021 0
4.58175e-05 0.999954 0
0.999754 0.00024599 0
0.9958 0.00419991 0
1.0 2.08266e-07 0
0.0609515 0.939049 0
1.0 1.94533e-12 0
0.998292 0.00170807 0
0.0852128 0.914787 0
1.0 2.41189e-10 0
0.988797 0.0112029 0
0.976538 0.0234621 0
0.729541 0.270459 0
1.0 3.69072e-07 0
0.996218 0.00378209 0
0.0394724 0.960528 0
1.0 3.6815e-08 0
0.999742 0.000258024 0
0.949552 0.050448 0
0.790826 0.209174 0
0.99992 8.02865e-05 0
0.999987 1.26083e-05 0
0.999999 1.47015e-06 0
0.99981 0.000190474 0
0.473871 0.526129 0
0.999995 4.75211e-06 0
0.999966 3.44722e-05 0
0.999999 6.07687e-07 0
0.869745 0.130255 0
0.999945 5.5294e-05 0
0.999989 1.14684e-05 0
0.991821 0.00817913 0
0.999824 0.000175649 0
0.37313 0.62687 0
1.0 2.03841e-08 0
0.999749 0.00025151 0
0.0624552 0.937545 0
0.999848 0.000151623 0
0.999992 7.79656e-06 0
1.0 2.46126e-08 0
1.0 2.30208e-07 0
0.994114 0.00588572 0
0.531799 0.468201 0
0.00225686 0.997743 0
0.999999 7.22137e-07 0
0.999898 0.000101615 0
1.0 1.7131e-08 0
0.992785 0.00721551 0
0.999993 6.6254e-06 0
0.713192 0.286808 0
0.351328 0.648672 0
0.99811 0.00189008 0
1.0 1.05452e-07 0
0.977996 0.0220044 0
1.0 2.96439e-08 0
0.992432 0.00756797 0
0.227915 0.772085 0
0.356489 0.643511 0
0.323378 0.676622 0
1.0 7.20616e-09 0
0.766266 0.233734 0
0.999986 1.41007e-05 0
0.999694 0.000306509 0
0.999999 1.24792e-06 0
1.0 3.59334e-09 0
0.999404 0.000595806 0
0.475217 0.524783 0
0.99663 0.00337034 0
0.866245 0.133755 0
1.0 2.8497e-07 0
0.999997 3.1888e-06 0
0.99982 0.000179785 0
0.976934 0.0230661 0
0.999866 0.00013436 0
0.998019 0.00198094 0
0.999941 5.90772e-05 0
0.999921 7.87271e-05 0
0.0262849 0.973715 0
1.0 1.26628e-08 0
0.995773 0.00422689 0
0.999997 2.87222e-06 0
0.999395 0.000604913 0
0.903718 0.0962816 0
0.999964 3.58865e-05 0
0.999997 3.22443e-06 0
0.99993 6.95938e-05 0
0.999981 1.87213e-05 0
0.899218 0.100782 0
1.0 1.94802e-08 0
0.956559 0.0434412 0
1.0 1.30292e-10 0
0.981821 0.0181788 0
0.999186 0.000814043 0
0.196163 0.803837 0
0.996232 0.00376757 0
1.0 1.08771e-09 0
0.999936 6.39716e-05 0
0.868595 0.131405 0
1.0 2.27932e-08 0
1.0 1.28365e-10 0
0.967384 0.0326159 0
0.342362 0.657638 0
0.999993 6.59505e-06 0
1.0 1.52268e-07 0
0.0872494 0.91275 0
1.0 5.06339e-08 0
0.00643036 0.99357 0
1.0 7.07435e-09 0
0.973502 0.0264982 0
1.0 3.72145e-08 0
1.0 1.25718e-09 0
1.0 1.1141e-08 0
0.967978 0.0320223 0
0.57793 0.42207 0
0.949966 0.0500339 0
1.0 5.93211e-08 0
0.999788 0.000211641 0
0.998722 0.00127826 0
0.653785 0.346215 0
0.980078 0.0199218 0
0.976918 0.0230818 0
0.77414 0.22586 0
0.278468 0.721532 0
0.996575 0.00342459 0
0.998336 0.00166418 0
0.999999 1.41718e-06 0
0.393517 0.606483 0
1.0 1.94978e-07 0
0.999955 4.49699e-05 0
0.761352 0.238648 0
0.041963 0.958037 0
1.0 1.43396e-07 0
0.999883 0.000116943 0
0.995491 0.00450939 0
1.0 1.03936e-09 0
0.98831 0.0116897 0
0.999991 9.34071e-06 0
0.978172 0.0218278 0
0.99958 0.00041963 0
1.0 1.60777e-08 0
1.0 1.2961e-09 0
0.964973 0.0350272 0
0.361415 0.638585 0
0.999999 6.95455e-07 0
0.999994 5.86247e-06 0
0.932189 0.0678112 0
0.999993 7.43431e-06 0
0.325313 0.674687 0
0.99928 0.00072023 0
0.990042 0.00995802 0
0.999737 0.000262496 0
0.997863 0.00213734 0
0.983671 0.0163294 0
0.999825 0.000174553 0
1.0 5.15019e-08 0
1.0 1.57135e-08 0
0.0146593 0.985341 0
0.998906 0.00109423 0
0.999994 6.25332e-06 0
0.999579 0.000420902 0
0.999801 0.000198937 0
1.0 4.05356e-07 0
0.997342 0.00265786 0
0.942163 0.0578368 0
1.0 2.17253e-07 0
0.315116 0.684884 0
1.0 3.13322e-10 0
0.917603 0.0823969 0
0.999223 0.000776829 0
0.934924 0.065076 0
1.0 1.82001e-10 0
0.999937 6.26633e-05 0
0.982075 0.0179249 0
0.999999 8.99212e-07 0
0.941378 0.0586222 0
0.778729 0.221271 0
0.999999 1.06676e-06 0
0.985119 0.0148813 0
0.999994 6.05e-06 0
1.0 2.31925e-07 0
0.727652 0.272348 0
1.0 8.38659e-08 0
0.997255 0.00274472 0
0.998241 0.00175903 0
0.841456 0.158544 0
0.999916 8.43593e-05 0
1.0 9.32175e-10 0
1.0 1.35598e-08 0
0.999068 0.000931782 0
0.999956 4.42743e-05 0
0.999529 0.000470918 0
0.9999 9.96636e-05 0
0.359324 0.640676 0
0.999667 0.000333432 0
0.976051 0.0239494 0
0.999997 3.37631e-06 0
1.0 4.9472e-09 0
0.999999 6.6931e-07 0
0.999679 0.000320718 0
0.799458 0.200542 0
0.00407478 0.995925 0
1.0 2.26271e-07 0
0.830461 0.169539 0
0.445365 0.554635 0
0.999694 0.000305845 0
0.999997 3.32066e-06 0
0.999111 0.00088943 0
0.999983 1.68328e-05 0
0.999353 0.000647229 0
1.0 8.57765e-08 0
0.992284 0.00771646 0
0.999962 3.83832e-05 0
0.999992 8.39819e-06 0
1.0 2.85876e-10 0
1.0 1.33075e-08 0
0.99774 0.00226029 0
0.908033 0.0919675 0
0.999967 3.31286e-05 0
0.999987 1.28736e-05 0
1.0 1.85648e-07 0
0.999932 6.79434e-05 0
0.999602 0.000397475 0
1.0 3.65406e-10 0
0.787701 0.212299 0
0.951795 0.0482053 0
0.935994 0.0640058 0
0.995394 0.00460627 0
0.999976 2.37061e-05 0
0.449122 0.550878 0
0.999884 0.000116229 0
0.998239 0.00176147 0
0.999933 6.66588e-05 0
1.0 5.62733e-08 0
1.0 3.57324e-08 0
0.992458 0.00754215 0
0.999994 5.61883e-06 0
0.99992 8.04435e-05 0
0.999995 4.8796e-06 0
0.999999 5.63865e-07 0
1.0 1.75258e-08 0
0.999712 0.000288053 0
0.999897 0.000103372 0
0.996801 0.00319915 0
0.982271 0.0177287 0
1.0 2.4666e-13 0
0.124505 0.875495 0
0.997989 0.00201123 0
0.999469 0.000531265 0
0.999978 2.18588e-05 0
0.999964 3.59894e-05 0
0.473073 0.526927 0
0.812751 0.187249 0
0.959506 0.0404937 0
0.851846 0.148155 0
1.0 1.85025e-08 0
0.9074 0.0925996 0
0.998602 0.00139765 0
1.0 1.46763e-08 0
0.759127 0.240873 0
0.994602 0.00539836 0
0.783278 0.216723 0
0.00508627 0.994914 0
0.99999 1.02132e-05 0
0.999964 3.5685e-05 0
0.999981 1.90689e-05 0
0.999455 0.000545108 0
0.412875 0.587125 0
0.999999 7.97683e-07 0
0.999999 5.90054e-07 0
0.999518 0.000481562 0
0.686648 0.313352 0
0.999808 0.000192328 0
0.977715 0.0222846 0
0.999998 2.22308e-06 0
1.0 2.94984e-07 0
0.913767 0.0862326 0
0.124036 0.875964 0
0.999997 3.19385e-06 0
0.594377 0.405623 0
0.967358 0.0326419 0
0.996297 0.00370312 0
1.0 4.60369e-08 0
0.999977 2.28173e-05 0
0.997794 0.0022061 0
1.0 1.98101e-08 0
1.0 3.01257e-08 0
1.0 6.35876e-08 0
0.999976 2.4263e-05 0
0.999928 7.24362e-05 0
1.0 1.58797e-09 0
0.997883 0.00211723 0
0.999998 2.18944e-06 0
1.0 5.51466e-12 0
1.0 3.71809e-07 0
0.999884 0.000115823 0
0.999996 3.67447e-06 0
0.920487 0.0795131 0
0.999998 2.00936e-06 0
1.0 4.83896e-07 0
0.837939 0.162061 0
0.999615 0.000385086 0
1.0 2.88499e-07 0
0.993247 0.00675299 0
0.999088 0.000911733 0
0.999705 0.000294991 0
1.0 5.41684e-08 0
1.0 1.66923e-08 0
0.893368 0.106632 0
0.999729 0.00027132 0
0.905667 0.094333 0
0.999997 2.75153e-06 0
1.0 2.10429e-07 0
0.999984 1.61735e-05 0
0.999999 7.85982e-07 0
0.936966 0.0630344 0
0.981237 0.0187629 0
0.818916 0.181084 0
1.0 6.02017e-09 0
1.0 4.35412e-07 0
1.0 1.00992e-08 0
0.502662 0.497338 0
0.999996 4.18926e-06 0
0.802867 0.197133 0
1.0 1.20259e-10 0
0.987727 0.0122736 0
1.0 8.27744e-10 0
0.999891 0.000108813 0
1.0 2.04271e-07 0
0.0503047 0.949695 0
0.989564 0.0104357 0
1.0 1.42362e-09 0
0.985717 0.0142827 0
0.999999 7.32379e-07 0
0.999603 0.000397392 0
0.999845 0.000154578 0
1.0 1.96192e-10 0
0.988992 0.0110079 0
0.999522 0.000477528 0
1.0 6.0443e-10 0
1.0 1.28466e-07 0
0.59827 0.40173 0
0.999766 0.000233551 0
0.878471 0.121529 0
0.979119 0.0208815 0
0.316118 0.683882 0
0.999974 2.55592e-05 0
0.776965 0.223035 0
0.000684305 0.999316 0
0.710531 0.289469 0
0.999734 0.000265674 0
0.933354 0.0666455 0
0.360154 0.639846 0
0.922075 0.0779253 0
0.985143 0.0148571 0
1.0 1.39504e-09 0
0.999614 0.000385523 0
1.0 1.07903e-07 0
1.0 4.25808e-08 0
0.000549737 0.99945 0
0.137621 0.862379 0
0.56902 0.43098 0
0.994173 0.00582704 0
0.999941 5.86511e-05 0
0.999814 0.000186251 0
0.999995 4.59673e-06 0
1.0 2.69136e-09 0
0.738526 0.261474 0
0.9999 0.000100374 0
0.920951 0.0790488 0
0.0738996 0.9261 0
0.999981 1.91637e-05 0
0.995238 0.00476158 0
0.956515 0.0434853 0
0.999897 0.000102545 0
0.18565 0.81435 0
0.999997 2.64184e-06 0
0.947899 0.0521008 0
0.000348784 0.999651 1
0.774444 0.225556 1
0.643625 0.356375 1
0.000654433 0.999346 1
0.0262411 0.973759 1
0.100774 0.899226 1
0.483254 0.516746 1
4.49994e-06 0.999995 1
0.298648 0.701352 1
0.000210948 0.999789 1
0.108288 0.891712 1
0.837905 0.162095 1
0.00555566 0.994444 1
0.131115 0.868885 1
0.000642639 0.999357 1
0.00380646 0.996194 1
0.0291237 0.970876 1
0.000195706 0.999804 1
0.998874 0.00112594 1
0.614969 0.385031 1
0.0477412 0.952259 1
0.00257009 0.99743 1
0.000446603 0.999553 1
0.219986 0.780013 1
5.18855e-05 0.999948 1
0.273069 0.726931 1
0.0192918 0.980708 1
0.000225617 0.999774 1
0.0323275 0.967673 1
0.000194657 0.999805 1
0.00247132 0.997529 1
0.237208 0.762792 1
0.887808 0.112192 1
6.09764e-05 0.999939 1
0.230593 0.769407 1
0.100196 0.899804 1
0.00203947 0.997961 1
0.000923742 0.999076 1
4.19499e-05 0.999958 1
5.79294e-05 0.999942 1
6.64436e-05 0.999934 1
0.00858951 0.991411 1
0.216433 0.783567 1
0.213385 0.786615 1
0.00479053 0.99521 1
0.0314281 0.968572 1
0.000733078 0.999267 1
0.24104 0.75896 1
0.0863362 0.913664 1
0.999804 0.000195589 1
1.51734e-05 0.999985 1
0.0283989 0.971601 1
0.318164 0.681836 1
2.65903e-06 0.999997 1
0.201495 0.798505 1
0.136819 0.86318 1
0.000206609 0.999793 1
0.000354513 0.999645 1
0.267647 0.732353 1
0.00568494 0.994315 1
0.122819 0.877181 1
0.865879 0.134121 1
1.64175e-05 0.999984 1
0.013421 0.986579 1
0.00136549 0.998635 1
0.38682 0.61318 1
0.00035031 0.99965 1
0.104255 0.895745 1
0.645515 0.354485 1
0.00272195 0.997278 1
0.000381504 0.999618 1
0.137406 0.862594 1
0.0771649 0.922835 1
0.00445339 0.995547 1
0.769609 0.230391 1
0.0241539 0.975846 1
0.00188835 0.998112 1
0.069576 0.930424 1
5.05918e-06 0.999995 1
0.0249088 0.975091 1
0.00107937 0.998921 1
0.00307409 0.996926 1
0.979952 0.0200484 1
1.67142e-06 0.999998 1
0.628169 0.371831 1
0.0418594 0.958141 1
3.36817e-05 0.999966 1
0.00315873 0.996841 1
0.132434 0.867566 1
0.00335318 0.996647 1
0.00622838 0.993772 1
7.4705e-05 0.999925 1
0.923464 0.0765358 1
0.00208476 0.997915 1
0.000219078 0.999781 1
0.0770577 0.922942 1
0.000202704 0.999797 1
0.972188 0.0278118 1
0.0241011 0.975899 1
0.0367932 0.963207 1
8.37081e-07 0.999999 1
0.0011218 0.998878 1
0.709739 0.290261 1
0.00103015 0.99897 1
0.001231 0.998769 1
0.804751 0.195249 1
0.00429895 0.995701 1
0.00514873 0.994851 1
0.0036838 0.996316 1
0.000740074 0.99926 1
0.000202946 0.999797 1
0.101191 0.898809 1
0.142443 0.857557 1
0.00077453 0.999225 1
0.712534 0.287466 1
0.000649643 0.99935 1
0.000925072 0.999075 1
7.64798e-05 0.999923 1
0.000315529 0.999684 1
0.00129645 0.998704 1
0.982299 0.0177007 1
0.906463 0.093537 1
0.0321557 0.967844 1
0.96371 0.0362897 1
5.38159e-05 0.999946 1
0.630495 0.369505 1
0.980164 0.0198361 1
0.000221841 0.999778 1
4.6959e-06 0.999995 1
0.0400818 0.959918 1
0.000654056 0.999346 1
0.00223123 0.997769 1
0.00543234 0.994568 1
0.000167804 0.999832 1
0.216203 0.783797 1
0.00145149 0.998548 1
0.00066342 0.999337 1
3.03771e-05 0.99997 1
0.000291953 0.999708 1
0.000419835 0.99958 1
5.07609e-06 0.999995 1
0.937885 0.0621152 1
0.719203 0.280797 1
0.878634 0.121366 1
0.0539679 0.946032 1
0.00244486 0.997555 1
0.0204831 0.979517 1
8.8371e-07 0.999999 1
5.89723e-05 0.999941 1
0.123283 0.876717 1
0.000240815 0.999759 1
5.09402e-06 0.999995 1
0.0347215 0.965279 1
0.00168974 0.99831 1
0.999943 5.73614e-05 1
0.00631504 0.993685 1
0.00293548 0.997065 1
0.002236 0.997764 1
0.508208 0.491792 1
0.001023 0.998977 1
0.0933411 0.906659 1
0.0120462 0.987954 1
5.80938e-06 0.999994 1
4.60019e-05 0.999954 1
0.0385732 0.961427 1
0.140651 0.859349 1
0.982211 0.0177889 1
0.999955 4.48784e-05 1
0.00572736 0.994273 1
0.0564921 0.943508 1
1.86662e-05 0.999981 1
0.000784481 0.999215 1
0.995116 0.00488416 1
0.00910535 0.990895 1
0.133861 0.866139 1
0.0269323 0.973068 1
0.117042 0.882958 1
0.978374 0.0216262 1
1.62356e-06 0.999998 1
0.0306872 0.969313 1
0.00137967 0.99862 1
0.205692 0.794308 1
0.00273014 0.99727 1
6.04632e-06 0.999994 1
0.790887 0.209113 1
0.0586802 0.94132 1
0.958988 0.0410115 1
0.584679 0.41532 1
0.0132991 0.986701 1
0.677686 0.322314 1
7.86974e-05 0.999921 1
0.621854 0.378146 1
0.772799 0.227201 1
0.208907 0.791093 1
0.692144 0.307856 1
0.998936 0.00106355 1
0.629441 0.370559 1
0.010987 0.989013 1
0.000303498 0.999696 1
0.241743 0.758257 1
0.000822899 0.999177 1
0.0301495 0.96985 1
6.90269e-06 0.999993 1
0.0655086 0.934491 1
0.970629 0.0293708 1
0.0395303 0.96047 1
2.87758e-06 0.999997 1
0.138568 0.861432 1
0.00177406 0.998226 1
0.00031673 0.999683 1
0.000257005 0.999743 1
6.78617e-05 0.999932 1
0.208623 0.791377 1
4.35263e-06 0.999996 1
0.931879 0.0681215 1
0.000197278 0.999803 1
0.967794 0.032206 1
0.000888318 0.999112 1
0.000274885 0.999725 1
3.39002e-06 0.999997 1
0.0457453 0.954255 1
0.00115962 0.99884 1
1.70857e-05 0.999983 1
0.00810319 0.991897 1
1.86122e-05 0.999981 1
0.00725993 0.99274 1
0.000210412 0.99979 1
0.882376 0.117624 1
0.111076 0.888924 1
0.92447 0.0755305 1
0.0819172 0.918083 1
0.0382251 0.961775 1
0.00306538 0.996935 1
0.00638083 0.993619 1
0.00379102 0.996209 1
0.0030918 0.996908 1
0.570576 0.429424 1
0.227093 0.772907 1
0.0679188 0.932081 1
0.000150813 0.999849 1
0.00492824 0.995072 1
0.999966 3.39222e-05 1
0.0983137 0.901686 1
0.00278232 0.997218 1
0.553797 0.446203 1
4.2641e-09 1.0 1
0.714441 0.285559 1
3.67561e-06 0.999996 1
0.00275932 0.997241 1
2.59124e-06 0.999997 1
0.000110539 0.999889 1
9.88817e-05 0.999901 1
0.6177 0.3823 1
0.00649291 0.993507 1
0.998402 0.00159784 1
0.0290363 0.970964 1
0.000196894 0.999803 1
0.00163147 0.998369 1
9.10968e-05 0.999909 1
1.0 5.23856e-07 1
0.00046544 0.999535 1
0.36634 0.63366 1
0.359947 0.640053 1
0.00614596 0.993854 1
0.00180209 0.998198 1
0.000883915 0.999116 1
2.32632e-05 0.999977 1
1.12599e-06 0.999999 1
0.314972 0.685028 1
2.18316e-05 0.999978 1
0.0321996 0.9678 1
0.996394 0.00360549 1
0.998196 0.00180432 1
0.107828 0.892172 1
0.000460357 0.99954 1
7.71181e-05 0.999923 1
3.08261e-05 0.999969 1
0.00408304 0.995917 1
4.1851e-05 0.999958 1
2.64498e-06 0.999997 1
0.000164707 0.999835 1
0.000716964 0.999283 1
1.0 1.31091e-07 1
0.028393 0.971607 1
0.276354 0.723646 1
3.26788e-05 0.999967 1
0.000325716 0.999674 1
0.270522 0.729478 1
3.24414e-05 0.999968 1
0.0817585 0.918242 1
0.00232899 0.997671 1
1.66659e-06 0.999998 1
0.257685 0.742315 1
6.18172e-06 0.999994 1
0.0337108 0.966289 1
0.00563335 0.994367 1
4.75165e-07 1.0 1
0.137118 0.862882 1
0.0216739 0.978326 1
0.549225 0.450775 1
6.38306e-05 0.999936 1
0.209514 0.790486 1
0.000633025 0.999367 1
0.000301772 0.999698 1
0.124921 0.875079 1
0.000185995 0.999814 1
0.157393 0.842607 1
0.00946658 0.990533 1
0.0424475 0.957552 1
0.00549427 0.994506 1
9.29954e-05 0.999907 1
0.979018 0.0209821 1
0.0320151 0.967985 1
0.00027681 0.999723 1
0.655623 0.344377 1
0.131666 0.868334 1
0.362378 0.637622 1
0.000948582 0.999051 1
0.992043 0.00795688 1
0.00444278 0.995557 1
0.897007 0.102993 1
0.000171613 0.999828 1
0.00288895 0.997111 1
0.000443206 0.999557 1
0.0856696 0.91433 1
0.0160831 0.983917 1
0.0815264 0.918474 1
0.00037422 0.999626 1
1.98517e-06 0.999998 1
4.74772e-05 0.999953 1
0.00802517 0.991975 1
1.02428e-05 0.99999 1
0.000241631 0.999758 1
0.907903 0.0920975 1
0.78119 0.21881 1
0.281198 0.718802 1
0.0861541 0.913846 1
0.659606 0.340394 1
0.000235647 0.999764 1
0.719182 0.280818 1
0.292796 0.707204 1
0.000135797 0.999864 1
0.225899 0.774101 1
0.0844813 0.915519 1
0.128746 0.871254 1
0.0891861 0.910814 1
0.000403785 0.999596 1
0.00732505 0.992675 1
0.00105634 0.998944 1
0.0103636 0.989636 1
0.00262829 0.997372 1
0.118635 0.881365 1
0.429395 0.570605 1
0.88071 0.11929 1
0.428444 0.571556 1
0.00016908 0.999831 1
0.000414205 0.999586 1
0.952933 0.0470671 1
9.01797e-06 0.999991 1
0.00013923 0.999861 1
0.999632 0.000368496 1
0.00272725 0.997273 1
0.988141 0.0118586 1
0.000664694 0.999335 1
0.000138331 0.999862 1
0.598386 0.401614 1
0.40105 0.59895 1
0.999369 0.000631109 1
0.44882 0.55118 1
0.0161243 0.983876 1
0.873962 0.126038 1
2.81897e-05 0.999972 1
0.612059 0.387941 1
0.992496 0.00750373 1
0.00176604 0.998234 1
0.999981 1.90598e-05 1
0.262247 0.737753 1
0.997982 0.00201788 1
0.769507 0.230493 1
0.00014079 0.999859 1
0.130366 0.869633 1
0.000194133 0.999806 1
0.000162114 0.999838 1
0.0179844 0.982016 1
0.000187704 0.999812 1
0.0016076 0.998392 1
0.0197579 0.980242 1
0.998273 0.00172649 1
0.963266 0.0367338 1
2.90353e-06 0.999997 1
0.121688 0.878312 1
1.0 2.83069e-07 1
0.0064244 0.993576 1
2.228e-06 0.999998 1
0.0121297 0.98787 1
0.844786 0.155214 1
1.2783e-06 0.999999 1
0.00420928 0.995791 1
0.688428 0.311572 1
0.404037 0.595963 1
0.158373 0.841627 1
0.00031223 0.999688 1
0.000307008 0.999693 1
0.00136945 0.998631 1
0.0503298 0.94967 1
0.98877 0.0112295 1
0.000142042 0.999858 1
0.927865 0.0721351 1
0.00157777 0.998422 1
0.691213 0.308787 1
0.0977913 0.902209 1
0.339423 0.660577 1
0.979487 0.0205134 1
0.00759062 0.992409 1
0.32182 0.67818 1
0.994145 0.00585492 1
0.000456765 0.999543 1
0.000137793 0.999862 1
0.00221451 0.997785 1
0.000148324 0.999852 1
0.0105462 0.989454 1
0.00717895 0.992821 1
0.998845 0.0011546 1
8.0876e-05 0.999919 1
0.00396232 0.996038 1
7.6821e-06 0.999992 1
0.00880548 0.991194 1
0.00779087 0.992209 1
0.0142973 0.985703 1
0.687088 0.312912 1
6.18026e-05 0.999938 1
2.96838e-06 0.999997 1
0.357205 0.642795 1
9.07791e-05 0.999909 1
1.81361e-05 0.999982 1
0.787462 0.212538 1
0.498341 0.501659 1
0.21749 0.78251 1
1.27909e-05 0.999987 1
1.24287e-05 0.999988 1
0.909358 0.0906419 1
0.000151078 0.999849 1
0.00204358 0.997956 1
0.149866 0.850134 1
0.180989 0.819011 1
0.998698 0.00130247 1
0.00659345 0.993407 1
0.963265 0.0367347 1
5.89058e-07 0.999999 1
9.04337e-06 0.999991 1
0.00203157 0.997968 1
0.927456 0.0725444 1
0.00884702 0.991153 1
2.32313e-05 0.999977 1
0.0564971 0.943503 1
0.0174658 0.982534 1
0.00166658 0.998333 1
0.973522 0.0264777 1
0.114253 0.885747 1
0.000766302 0.999234 1
0.0154962 0.984504 1
0.00201846 0.997982 1
0.000233603 0.999766 1
0.48504 0.51496 1
0.59529 0.40471 1
0.000415414 0.999585 1
0.0233389 0.976661 1
8.77379e-05 0.999912 1
0.493517 0.506483 1
1.00956e-06 0.999999 1
0.018922 0.981078 1
0.0653679 0.934632 1
0.00122049 0.998779 1
0.0131912 0.986809 1
0.000194526 0.999806 1
0.218595 0.781405 1
4.62379e-05 0.999954 1
0.00304946 0.996951 1
0.000431003 0.999569 1
0.0131267 0.986873 1
0.000259916 0.99974 1
0.245179 0.754821 1
0.0515281 0.948472 1
0.998745 0.00125492 1
0.673686 0.326314 1
2.34903e-05 0.999977 1
0.00128256 0.998717 1
0.00077276 0.999227 1
0.289205 0.710795 1
0.0157957 0.984204 1
1.53238e-07 1.0 1
1.44014e-07 1.0 1
0.347398 0.652602 1
0.787383 0.212617 1
0.00363138 0.996369 1
0.0153312 0.984669 1
0.996917 0.00308282 1
1.0 1.63288e-07 1
0.923445 0.0765546 1
0.0110691 0.988931 1
0.000756252 0.999244 1
0.00251743 0.997483 1
0.00040758 0.999592 1
8.87234e-05 0.999911 1
0.000213187 0.999787 1
0.805186 0.194814 1
0.00325885 0.996741 1
0.0402441 0.959756 1
5.96838e-05 0.99994 1
9.86138e-05 0.999901 1
0.791962 0.208038 1
0.0123498 0.98765 1
0.00780565 0.992194 1
0.0156713 0.984329 1
0.0531896 0.94681 1
0.195148 0.804852 1
5.15273e-05 0.999949 1
1.91786e-05 0.999981 1
2.04041e-05 0.99998 1
0.432382 0.567618 1
0.0992506 0.900749 1
0.810248 0.189752 1
0.99506 0.00493973 1
0.00371707 0.996283 1
0.000151699 0.999848 1
0.016173 0.983827 1
0.0817845 0.918216 1
0.0987115 0.901288 1
2.36395e-05 0.999976 1
0.338301 0.661699 1
0.815709 0.184291 1
8.48976e-05 0.999915 1
0.00146978 0.99853 1
0.0670299 0.93297 1
0.000364062 0.999636 1
0.580575 0.419425 1
0.990327 0.00967266 1
0.000173064 0.999827 1
0.0437204 0.95628 1
0.00464803 0.995352 1
0.00203438 0.997966 1
0.959623 0.0403775 1
0.738345 0.261655 1
0.00313822 0.996862 1
0.00983596 0.990164 1
0.0031997 0.9968 1
0.263589 0.736411 1
0.0294768 0.970523 1
0.000255505 0.999744 1
0.294254 0.705746 1
1.95834e-05 0.99998 1
0.25659 0.743411 1
0.000351974 0.999648 1
0.00256575 0.997434 1
1.21846e-05 0.999988 1
0.0540727 0.945927 1
0.0132903 0.98671 1
0.00931185 0.990688 1
1.59775e-06 0.999998 1
0.0466037 0.953396 1
2.51431e-06 0.999997 1
0.0332615 0.966738 1
0.00313184 0.996868 1
3.95774e-05 0.99996 1
0.0348944 0.965106 1
0.00340249 0.996597 1
0.00127947 0.998721 1
1.37462e-05 0.999986 1
0.00223357 0.997766 1
0.0710251 0.928975 1
0.914179 0.0858212 1
0.983728 0.0162724 1
0.00432867 0.995671 1
0.00438902 0.995611 1
0.00539719 0.994603 1
0.0160659 0.983934 1
0.0100936 0.989906 1
4.43569e-05 0.999956 1
6.00731e-05 0.99994 1
0.0878417 0.912158 1
8.86668e-05 0.999911 1
0.0014428 0.998557 1
0.154074 0.845926 1
0.0335614 0.966439 1
6.42851e-05 0.999936 1
0.0025135 0.997486 1
0.995258 0.00474165 1
0.0264719 0.973528 1
0.00138381 0.998616 1
9.61776e-05 0.999904 1
0.00130056 0.998699 1
0.0317458 0.968254 1
0.0130701 0.98693 1
0.987947 0.0120531 1
0.825335 0.174665 1
0.00399587 0.996004 1
0.985114 0.0148862 1
0.00060239 0.999398 1
2.25895e-05 0.999977 1
0.0374869 0.962513 1
0.00953735 0.990463 1
0.13998 0.86002 1
0.00979728 0.990203 1
0.155101 0.844899 1
0.99316 0.00683957 1
0.00332143 0.996679 1
0.000397905 0.999602 1
0.24555 0.75445 1
0.0582221 0.941778 1
0.118052 0.881948 1
3.03664e-05 0.99997 1
0.00145991 0.99854 1
8.23035e-05 0.999918 1
0.000367521 0.999632 1
0.020333 0.979667 1
3.43266e-05 0.999966 1
0.000139256 0.999861 1
0.476072 0.523928 1
0.00172686 0.998273 1
0.089697 0.910303 1
0.928727 0.0712731 1
0.838036 0.161963 1
0.0213305 0.978669 1
0.984105 0.015895 1
0.0107293 0.989271 1
0.000210989 0.999789 1
4.04443e-06 0.999996 1
0.988178 0.0118223 1
0.175556 0.824444 1
0.00424198 0.995758 1
0.000192482 0.999808 1
0.54628 0.45372 1
0.236582 0.763418 1
0.274112 0.725888 1
0.000469861 0.99953 1
0.00158668 0.998413 1
2.09573e-06 0.999998 1
0.0019885 0.998011 1
0.259303 0.740697 1
0.000758141 0.999242 1
0.40383 0.59617 1
2.26401e-06 0.999998 1
0.269859 0.730141 1
0.902503 0.0974974 1
0.000801363 0.999199 1
3.86132e-06 0.999996 1
0.0876138 0.912386 1
2.75864e-05 0.999972 1
1.19229e-05 0.999988 1
0.992815 0.00718532 1
0.00363467 0.996365 1
3.22435e-05 0.999968 1
0.0299705 0.970029 1
1.09246e-06 0.999999 1
0.000114316 0.999886 1
0.123105 0.876895 1
0.00300734 0.996993 1
0.0028996 0.9971 1
0.11066 0.88934 1
0.0109847 0.989015 1
0.000247983 0.999752 1
0.110933 0.889067 1
0.000430039 0.99957 1
0.971383 0.0286166 1
9.44175e-06 0.999991 1
0.000705736 0.999294 1
0.00459301 0.995407 1
0.00248333 0.997517 1
0.0252754 0.974725 1
0.019891 0.980109 1
0.00632355 0.993676 1
7.15049e-06 0.999993 1
1.1683e-06 0.999999 1
0.0170649 0.982935 1
0.09064 0.90936 1
0.00177952 0.998221 1
0.00462314 0.995377 1
0.00213688 0.997863 1
0.22845 0.77155 1
0.0378312 0.962169 1
3.01801e-05 0.99997 1
0.926056 0.0739439 1
0.244611 0.755389 1
0.0222245 0.977775 1
9.90389e-05 0.999901 1
0.156449 0.843551 1
0.0058154 0.994185 1
0.0149186 0.985081 1
0.999912 8.75866e-05 1
0.0598755 0.940125 1
0.00048899 0.999511 1
4.21933e-06 0.999996 1
0.0143226 0.985677 1
0.00152625 0.998474 1
0.00332194 0.996678 1
0.00232479 0.997675 1
0.337701 0.662299 1
2.7302e-05 0.999973 1
0.999962 3.80497e-05 1
6.62833e-05 0.999934 1
0.00047367 0.999526 1
5.59137e-05 0.999944 1
0.308078 0.691922 1
0.00535609 0.994644 1
0.000121928 0.999878 1
1.07087e-05 0.999989 1
7.36914e-05 0.999926 1
0.251144 0.748856 1
0.970126 0.0298742 1
0.209657 0.790343 1
0.172706 0.827294 1
0.00449298 0.995507 1
0.018203 0.981797 1
5.91735e-05 0.999941 1
0.00334775 0.996652 1
0.193741 0.806259 1
0.5417 0.4583 1
0.0673545 0.932645 1
0.0147408 0.985259 1
0.000206372 0.999794 1
0.000276354 0.999724 1
0.789202 0.210798 1
0.647696 0.352304 1
3.11036e-05 0.999969 1
0.0117349 0.988265 1
0.00614856 0.993851 1
2.03331e-10 1.0 1
0.000148313 0.999852 1
0.000228364 0.999772 1
0.0113734 0.988627 1
0.0215825 0.978417 1
7.12817e-05 0.999929 1
0.00338655 0.996613 1
0.0287975 0.971202 1
0.020127 0.979873 1
0.185608 0.814392 1
0.0168394 0.983161 1
0.0146782 0.985322 1
0.00031059 0.999689 1
2.01177e-05 0.99998 1
0.997896 0.0021037 1
6.87262e-06 0.999993 1
0.000456377 0.999544 1
0.995673 0.00432685 1
0.000318171 0.999682 1
0.154907 0.845093 1
0.000730282 0.99927 1
0.564315 0.435685 1
0.000695909 0.999304 1
0.702083 0.297918 1
0.0283347 0.971665 1
0.0379111 0.962089 1
0.000636721 0.999363 1
0.00860754 0.991392 1
0.928877 0.0711232 1
0.000114433 0.999886 1
0.10821 0.891789 1
1.0 2.60984e-10 1
0.191739 0.808261 1
0.000363999 0.999636 1
0.778078 0.221922 1
0.0188439 0.981156 1
0.761167 0.238833 1
0.314036 0.685964 1
0.987372 0.0126283 1
1.51537e-05 0.999985 1
0.00243586 0.997564 1
0.00108554 0.998914 1
0.000302123 0.999698 1
0.519947 0.480053 1
0.000245072 0.999755 1
0.000130835 0.999869 1
0.00876021 0.99124 1
0.0842398 0.91576 1
0.021357 0.978643 1
0.691579 0.308421 1
0.00457031 0.99543 1
2.0761e-05 0.999979 1
1.21732e-06 0.999999 1
0.00116914 0.998831 1
0.0126466 0.987353 1
0.90979 0.0902096 1
2.10172e-05 0.999979 1
0.00104078 0.998959 1
0.0020415 0.997959 1
0.00258304 0.997417 1
0.00321897 0.996781 1
0.200822 0.799179 1
0.143685 0.856315 1
0.000365727 0.999634 1
5.25168e-05 0.999947 1
0.835138 0.164862 1
0.124018 0.875982 1
0.00606875 0.993931 1
0.0500124 0.949988 1
0.293255 0.706745 1
0.0746349 0.925365 1
0.996127 0.00387274 1
0.012815 0.987185 1
0.024462 0.975538 1
0.99996 4.01718e-05 1
0.00982021 0.99018 1
0.26686 0.73314 1
0.809038 0.190962 1
5.32219e-06 0.999995 1
0.33649 0.66351 1
0.00168317 0.998317 1
8.18623e-06 0.999992 1
0.675123 0.324877 1
0.00202058 0.997979 1
2.3305e-06 0.999998 1
0.686615 0.313385 1
0.0127711 0.987229 1
0.00289176 0.997108 1
0.00121702 0.998783 1
0.744005 0.255995 1
0.297978 0.702022 1
0.00771328 0.992287 1
0.0697444 0.930256 1
0.000177251 0.999823 1
7.15906e-05 0.999928 1
0.00711023 0.99289 1
0.386875 0.613125 1
0.000615044 0.999385 1
0.244217 0.755783 1
1.0 1.59934e-08 1
0.484331 0.515669 1
0.656244 0.343756 1
0.0582844 0.941716 1
0.000626546 0.999373 1
0.776055 0.223945 1
0.0118221 0.988178 1
0.00444759 0.995552 1
0.015955 0.984045 1
0.0623806 0.937619 1
0.0380686 0.961931 1
2.27691e-06 0.999998 1
0.0018497 0.99815 1
0.0040439 0.995956 1
0.00292969 0.99707 1
0.00117815 0.998822 1
0.000127049 0.999873 1
0.851602 0.148398 1
0.000158656 0.999841 1
0.164736 0.835264 1
0.997323 0.00267673 1
0.999999 6.52887e-07 1
0.00583184 0.994168 1
0.00218818 0.997812 1
0.0135158 0.986484 1
0.947835 0.0521649 1
0.0535594 0.946441 1
5.97246e-05 0.99994 1
0.978612 0.0213879 1
0.183944 0.816056 1
0.0435107 0.956489 1
6.51199e-07 0.999999 1
6.49978e-06 0.999993 1
2.13776e-05 0.999979 1
0.000350744 0.999649 1
0.00936649 0.990633 1
0.0724601 0.92754 1
0.507046 0.492954 1
0.000200788 0.999799 1
0.00310246 0.996898 1
0.780304 0.219696 1
0.0490885 0.950911 1
0.0036404 0.99636 1
0.00347002 0.99653 1
0.000375601 0.999624 1
1.53965e-06 0.999998 1
0.0195926 0.980407 1
2.69216e-05 0.999973 1
0.00988954 0.99011 1
0.858867 0.141133 1
7.65543e-05 0.999923 1
0.291333 0.708667 1
0.000354156 0.999646 1
0.0254623 0.974538 1
0.111346 0.888654 1
0.00313228 0.996868 1
0.0305072 0.969493 1
1.1765e-05 0.999988 1
5.03223e-05 0.99995 1
0.242553 0.757447 1
0.107362 0.892638 1
0.000249989 0.99975 1
0.111626 0.888374 1
0.524105 0.475895 1
0.000245206 0.999755 1
0.000144284 0.999856 1
0.945229 0.0547705 1
0.00161037 0.99839 1
0.00356068 0.996439 1
0.00101626 0.998984 1
0.628423 0.371577 1
0.886627 0.113373 1
0.0739936 0.926006 1
1.43487e-05 0.999986 1
0.0819673 0.918033 1
0.000744631 0.999255 1
0.459846 0.540154 1
0.406583 0.593417 1
0.000261192 0.999739 1
0.99993 6.98832e-05 1
0.0263068 0.973693 1
0.144887 0.855113 1
0.0716673 0.928333 1
7.12841e-05 0.999929 1
0.00117672 0.998823 1
9.87805e-05 0.999901 1
0.581487 0.418513 1
0.0429094 0.957091 1
8.24433e-08 1.0 1
7.00526e-05 0.99993 1
0.0369074 0.963093 1
0.029178 0.970822 1
0.00308254 0.996917 1
0.000434821 0.999565 1
0.00303483 0.996965 1
0.00110271 0.998897 1
0.0209099 0.97909 1
0.472472 0.527528 1
0.000114358 0.999886 1
0.999941 5.88919e-05 1
0.159371 0.840629 1
0.00459255 0.995407 1
0.677613 0.322387 1
0.00139783 0.998602 1
0.000427785 0.999572 1
0.00255037 0.99745 1
0.999599 0.000401061 1
0.0656768 0.934323 1
0.000902005 0.999098 1
0.0232963 0.976704 1
0.000875775 0.999124 1
0.0107596 0.98924 1
0.000107246 0.999893 1
6.40205e-11 1.0 1
0.000123795 0.999876 1
0.0339858 0.966014 1
8.49687e-06 0.999992 1
0.00219404 0.997806 1
0.245349 0.754651 1
0.000554315 0.999446 1
0.0150642 0.984936 1
3.10811e-06 0.999997 1
6.32725e-05 0.999937 1
1.47063e-05 0.999985 1
0.00013765 0.999862 1
0.617241 0.382759 1
0.00602302 0.993977 1
0.0233915 0.976609 1
0.00159556 0.998404 1
0.997625 0.00237495 1
0.743249 0.256751 1
2.30372e-05 0.999977 1
0.942523 0.0574766 1
0.00630989 0.99369 1
0.0304336 0.969566 1
0.991316 0.00868416 1
0.0198014 0.980199 1
0.0774708 0.922529 1
0.958626 0.0413738 1
2.45078e-05 0.999975 1
1.14112e-05 0.999989 1
0.0739539 0.926046 1
0.232081 0.767919 1
0.000304131 0.999696 1
0.000250194 0.99975 1
0.900235 0.0997652 1
0.0088705 0.99113 1
0.919772 0.0802281 1
0.0342581 0.965742 1
0.144479 0.855521 1
0.0305644 0.969436 1
0.11201 0.88799 1
0.999995 4.78652e-06 1
0.904151 0.0958493 1
5.06789e-06 0.999995 1
0.0011486 0.998851 1
0.0139892 0.986011 1
0.00392016 0.99608 1
0.00369734 0.996303 1
9.31036e-05 0.999907 1
0.0163475 0.983652 1
0.00197942 0.998021 1
6.78402e-05 0.999932 1
0.446238 0.553762 1
1.14945e-05 0.999989 1
0.0124867 0.987513 1
0.909409 0.0905912 1
0.568375 0.431625 1
0.0440598 0.95594 1
0.999999 9.12449e-07 1
0.00350299 0.996497 1
0.00183335 0.998167 1
0.861244 0.138756 1
0.00201095 0.997989 1
0.946342 0.0536576 1
