0.986852 0.0131481 0
1.0 1.51677e-10 0
0.876295 0.123705 0
0.999942 5.79189e-05 0
0.824335 0.175665 0
1.0 3.29444e-09 0
0.999995 4.51486e-06 0
0.999801 0.000198922 0
0.999998 2.4083e-06 0
0.999998 1.53749e-06 0
0.999848 0.000151955 0
0.998247 0.0017529 0
0.999828 0.000171964 0
0.473624 0.526376 0
0.97996 0.02004 0
0.973249 0.0267508 0
0.0499167 0.950083 0
0.999494 0.000505827 0
0.498553 0.501447 0
0.996174 0.00382623 0
0.663854 0.336146 0
0.290982 0.709018 0
1.0 3.72574e-07 0
0.308445 0.691556 0
0.979544 0.0204563 0
1.0 5.76088e-09 0
1.0 1.17037e-08 0
0.999865 0.000134516 0
0.998873 0.00112735 0
1.0 3.84476e-08 0
1.0 4.84188e-10 0
0.99342 0.00658034 0
1.0 5.25335e-09 0
1.0 8.44389e-09 0
0.00189627 0.998104 0
0.999996 3.59368e-06 0
1.0 1.64052e-08 0
0.9781 0.0219004 0
1.0 1.00844e-08 0
0.999995 4.813e-06 0
1.0 7.36259e-11 0
0.925982 0.0740178 0
0.995456 0.00454444 0
0.999816 0.000184055 0
0.998099 0.00190151 0
1.0 2.36317e-13 0
0.999558 0.000442296 0
0.999955 4.47189e-05 0
1.0 8.68317e-11 0
0.996593 0.00340716 0
0.985484 0.014516 0
1.0 6.43929e-09 0
0.999928 7.24797e-05 0
1.0 9.61274e-10 0
0.998481 0.00151852 0
1.0 1.79082e-09 0
1.0 6.86058e-12 0
0.926433 0.0735667 0
1.0 1.07928e-07 0
0.999913 8.68037e-05 0
0.0162953 0.983705 0
0.998855 0.00114487 0
0.539263 0.460737 0
1.0 7.74387e-08 0
0.0480923 0.951908 0
1.0 7.49017e-08 0
0.994889 0.00511115 0
0.904974 0.0950257 0
0.924628 0.0753724 0
1.0 9.44512e-09 0
0.999996 3.83909e-06 0
0.999998 1.62142e-06 0
1.0 1.99221e-07 0
1.0 3.83642e-10 0
0.789561 0.210439 0
0.994974 0.00502618 0
1.0 1.35661e-11 0
0.999999 7.23689e-07 0
1.0 1.25426e-12 0
0.999993 7.29712e-06 0
0.999998 1.53847e-06 0
0.999999 1.00086e-06 0
1.0 8.51678e-12 0
0.961173 0.0388269 0
0.993946 0.00605359 0
1.0 3.08757e-08 0
0.984586 0.0154145 0
1.0 3.92478e-12 0
0.6609 0.3391 0
0.999368 0.000632482 0
0.999873 0.000127211 0
1.0 2.81301e-07 0
0.999973 2.71947e-05 0
0.999991 8.90099e-06 0
1.0 4.32973e-07 0
1.0 1.65274e-09 0
1.0 2.81381e-10 0
0.999999 9.70162e-07 0
1.0 5.20028e-07 0
1.0 7.86787e-08 0
0.997792 0.00220809 0
0.999993 6.98768e-06 0
1.0 1.28665e-08 0
0.999961 3.9015e-05 0
1.0 1.24684e-13 0
0.903147 0.0968534 0
0.960039 0.0399606 0
0.010129 0.989871 0
1.0 2.5855e-13 0
0.999995 5.24522e-06 0
1.0 8.53597e-08 0
1.0 5.11455e-11 0
0.537337 0.462663 0
1.0 1.40734e-11 0
1.0 2.60106e-11 0
1.0 2.71753e-10 0
1.0 7.79421e-08 0
0.0067878 0.993212 0
0.875713 0.124287 0
0.404732 0.595268 0
0.993166 0.00683443 0
0.999903 9.7359e-05 0
0.999992 8.24844e-06 0
1.0 9.1568e-08 0
1.0 2.83851e-10 0
0.999996 3.79053e-06 0
0.99991 8.96353e-05 0
0.999987 1.33877e-05 0
0.237582 0.762418 0
1.0 4.73023e-08 0
0.576791 0.423209 0
0.792567 0.207433 0
0.999744 0.000256302 0
0.999663 0.000337258 0
0.999976 2.3844e-05 0
1.0 8.18001e-13 0
0.0749649 0.925035 0
1.0 1.37418e-15 0
1.0 2.86175e-09 0
0.999633 0.000366809 0
0.999211 0.000789331 0
0.999985 1.45307e-05 0
1.0 2.99282e-08 0
1.0 1.22152e-09 0
0.999341 0.000659176 0
0.999993 7.1191e-06 0
0.999999 5.48134e-07 0
0.99205 0.00794961 0
0.999999 8.3864e-07 0
0.897218 0.102782 0
0.704563 0.295437 0
0.864058 0.135942 0
0.999971 2.91754e-05 0
0.995548 0.00445223 0
0.80618 0.19382 0
0.718452 0.281548 0
0.999766 0.000234212 0
8.41891e-05 0.999916 0
1.71232e-06 0.999998 0
0.999954 4.55663e-05 0
0.999975 2.53225e-05 0
0.999992 7.51405e-06 0
1.0 2.24408e-12 0
1.0 1.6514e-10 0
1.0 6.32465e-09 0
0.999665 0.000334721 0
0.988957 0.0110427 0
1.0 2.86649e-11 0
1.0 3.18207e-07 0
1.0 8.30492e-08 0
0.999518 0.000481964 0
0.986393 0.0136067 0
0.0491232 0.950877 0
0.999997 3.40187e-06 0
1.0 3.13868e-12 0
1.0 1.19945e-07 0
0.00655226 0.993448 0
0.999244 0.000755741 0
1.0 4.51678e-09 0
0.999998 2.38108e-06 0
1.0 7.6353e-10 0
0.999966 3.40725e-05 0
1.0 7.16636e-08 0
0.00315991 0.99684 0
0.126895 0.873105 0
0.574632 0.425368 0
1.0 1.21986e-08 0
0.00471282 0.995287 0
0.86122 0.13878 0
0.999527 0.000472803 0
1.0 2.33138e-10 0
0.999994 5.89378e-06 0
0.989458 0.010542 0
0.99992 8.03415e-05 0
1.0 1.08682e-07 0
1.0 8.06061e-10 0
1.0 1.00502e-09 0
1.0 1.42578e-12 0
1.0 8.5035e-11 0
0.999997 3.3005e-06 0
0.999901 9.86138e-05 0
1.0 1.171e-07 0
0.981021 0.0189789 0
1.0 8.25239e-09 0
0.975126 0.0248744 0
1.0 6.4073e-12 0
1.0 3.02423e-10 0
1.0 1.56797e-11 0
0.997209 0.00279147 0
0.999993 7.18808e-06 0
0.791024 0.208976 0
0.134934 0.865066 0
1.0 8.63281e-09 0
1.29961e-05 0.999987 0
0.999984 1.61747e-05 0
0.997501 0.00249945 0
0.996841 0.00315908 0
0.999999 8.58929e-07 0
0.501613 0.498387 0
0.990974 0.00902635 0
1.0 9.71863e-14 0
1.0 4.06336e-10 0
1.0 1.56111e-13 0
0.929632 0.0703685 0
0.994425 0.0055754 0
0.999993 6.92846e-06 0
4.57892e-06 0.999995 0
1.0 2.84349e-09 0
0.833186 0.166814 0
1.0 3.10398e-07 0
0.320163 0.679837 0
0.999965 3.47743e-05 0
1.0 3.7196e-11 0
1.0 2.4685e-12 0
0.999977 2.3169e-05 0
0.999983 1.68954e-05 0
1.0 6.70676e-19 0
0.995329 0.0046713 0
1.0 1.26203e-09 0
0.999999 8.9237e-07 0
0.15608 0.84392 0
1.0 1.62196e-10 0
0.0689342 0.931066 0
0.999999 7.76786e-07 0
0.999993 6.63518e-06 0
0.999833 0.000166559 0
0.999998 1.86724e-06 0
1.0 4.77587e-09 0
0.882892 0.117108 0
0.0558266 0.944173 0
0.99871 0.00128962 0
1.0 4.34368e-12 0
0.999857 0.000142964 0
0.999966 3.37605e-05 0
0.939093 0.0609073 0
0.99983 0.00016964 0
1.0 1.57499e-09 0
0.999958 4.21899e-05 0
0.00024459 0.999755 0
0.999998 1.57059e-06 0
0.999296 0.000703581 0
0.564795 0.435205 0
1.0 3.41268e-07 0
0.933725 0.066275 0
1.0 3.18195e-10 0
1.0 1.52959e-09 0
1.0 2.68419e-09 0
1.0 1.93374e-11 0
0.999078 0.000921606 0
1.0 5.83217e-10 0
0.999969 3.1279e-05 0
0.0196066 0.980393 0
0.999994 5.71921e-06 0
0.344815 0.655185 0
0.999996 3.68769e-06 0
1.0 6.04174e-10 0
0.99999 9.59381e-06 0
1.0 8.93843e-09 0
1.0 2.5831e-08 0
0.623247 0.376753 0
0.998776 0.00122405 0
0.999927 7.29265e-05 0
1.0 1.95439e-10 0
1.0 3.02779e-10 0
0.992733 0.00726702 0
0.961863 0.0381375 0
1.0 2.19992e-11 0
1.0 2.73394e-08 0
1.0 1.61269e-09 0
0.99993 6.95803e-05 0
0.281851 0.718149 0
1.0 4.60444e-09 0
0.000214083 0.999786 0
0.883057 0.116943 0
0.834753 0.165247 0
1.0 7.54268e-12 0
1.0 2.93311e-09 0
0.999998 2.36543e-06 0
1.0 1.66112e-13 0
1.0 9.91616e-09 0
0.086657 0.913343 0
0.999998 1.9124e-06 0
0.99973 0.000269557 0
1.0 1.73553e-12 0
1.0 1.24139e-10 0
1.0 7.03014e-09 0
0.0646797 0.93532 0
0.999999 7.05609e-07 0
1.0 2.65286e-14 0
1.0 2.03085e-10 0
1.0 1.49532e-07 0
0.622891 0.377109 0
1.0 4.5976e-08 0
1.0 3.36531e-09 0
0.987644 0.0123556 0
0.999997 2.91259e-06 0
0.990696 0.00930439 0
0.999314 0.000686147 0
0.999988 1.21892e-05 0
0.982223 0.017777 0
0.999949 5.1523e-05 0
0.999983 1.7133e-05 0
0.996076 0.00392408 0
1.0 4.86287e-13 0
0.0184598 0.98154 0
1.0 2.22766e-07 0
0.993487 0.0065131 0
0.999926 7.41316e-05 0
1.0 2.36429e-09 0
0.995307 0.00469315 0
0.999952 4.76929e-05 0
0.996376 0.00362416 0
0.998885 0.00111467 0
1.0 1.39044e-11 0
0.999996 3.60643e-06 0
0.999997 2.62926e-06 0
0.0226172 0.977383 0
0.993302 0.00669751 0
0.197851 0.802149 0
0.998823 0.00117728 0
1.0 2.0899e-08 0
0.999975 2.53749e-05 0
1.0 9.6478e-11 0
1.0 1.72685e-15 0
0.999948 5.15922e-05 0
1.0 5.72112e-08 0
1.0 3.44207e-08 0
0.76868 0.23132 0
0.999982 1.76283e-05 0
1.0 8.87141e-09 0
0.996383 0.00361743 0
0.387092 0.612908 0
0.998405 0.00159491 0
1.0 1.11629e-07 0
1.0 2.36665e-09 0
0.999878 0.000122005 0
1.0 1.84409e-09 0
0.992356 0.00764388 0
0.999997 2.52119e-06 0
0.884517 0.115483 0
0.998455 0.00154535 0
1.0 2.75979e-09 0
0.99974 0.000259571 0
1.0 2.46769e-09 0
0.999997 3.28157e-06 0
0.00080536 0.999195 0
1.0 2.20092e-10 0
1.0 1.48012e-11 0
0.999925 7.52706e-05 0
0.999998 1.64047e-06 0
0.998243 0.00175719 0
1.0 2.87532e-11 0
1.0 1.91738e-13 0
0.000366642 0.999633 0
0.999298 0.00070235 0
0.999999 7.30749e-07 0
1.0 2.95636e-08 0
1.0 1.97581e-08 0
0.999673 0.000327366 0
0.992267 0.00773256 0
0.999839 0.000160836 0
1.0 2.20451e-11 0
1.0 1.29704e-09 0
0.99999 1.05035e-05 0
1.0 3.42841e-08 0
0.99998 2.02021e-05 0
0.998215 0.00178545 0
1.0 7.40825e-08 0
9.0907e-06 0.999991 0
0.999884 0.000115498 0
4.34801e-06 0.999996 0
1.0 2.80229e-08 0
0.77065 0.22935 0
1.0 5.94259e-14 0
1.0 6.13018e-10 0
0.999847 0.000152951 0
0.999998 1.94105e-06 0
1.0 8.43277e-09 0
1.0 1.13165e-08 0
0.999301 0.000698632 0
0.945255 0.0547455 0
0.887451 0.112549 0
0.999996 3.76932e-06 0
1.0 1.36133e-09 0
0.999999 6.80182e-07 0
0.9998 0.000200006 0
1.0 4.57809e-07 0
0.995882 0.00411769 0
0.937444 0.0625561 0
1.0 3.9734e-10 0
1.0 1.09834e-10 0
0.947771 0.0522285 0
0.999999 1.45677e-06 0
0.182565 0.817435 0
0.999949 5.09217e-05 0
0.436565 0.563435 0
0.766044 0.233956 0
0.926264 0.0737359 0
0.99999 1.03379e-05 0
0.996048 0.00395243 0
0.999999 9.30585e-07 0
0.999753 0.000247203 0
0.28278 0.71722 0
0.996474 0.00352615 0
0.948041 0.0519589 0
0.999545 0.0004546 0
0.990586 0.00941429 0
0.66994 0.33006 0
0.000730128 0.99927 0
1.0 1.08077e-07 0
0.887582 0.112418 0
0.998563 0.00143753 0
3.09278e-08 1.0 0
1.0 6.71906e-08 0
0.999998 1.74306e-06 0
0.992006 0.00799393 0
0.999956 4.40365e-05 0
0.991448 0.00855152 0
0.999384 0.000616197 0
0.983135 0.0168649 0
1.0 5.79592e-10 0
0.999847 0.000153305 0
0.470808 0.529192 0
0.995293 0.00470713 0
0.951363 0.0486367 0
0.610584 0.389416 0
0.999992 7.86903e-06 0
0.999967 3.33016e-05 0
1.0 6.43488e-09 0
0.999617 0.000383119 0
1.0 1.51852e-07 0
1.0 1.90296e-10 0
0.996514 0.00348615 0
0.999768 0.000231928 0
0.999971 2.85954e-05 0
1.0 1.55612e-09 0
0.999226 0.00077437 0
1.0 4.13891e-11 0
0.334987 0.665013 0
0.1473 0.8527 0
0.996631 0.00336858 0
0.99999 9.63006e-06 0
0.999906 9.36438e-05 0
0.496838 0.503162 0
1.0 7.69512e-14 0
1.0 2.46173e-13 0
0.027088 0.972912 0
1.0 3.88348e-11 0
0.034328 0.965672 0
1.0 8.37806e-10 0
0.999295 0.000705305 0
0.811038 0.188962 0
0.99962 0.000379582 0
0.999999 9.49365e-07 0
0.999881 0.000118724 0
0.999999 9.64381e-07 0
0.352383 0.647617 0
1.0 3.84482e-07 0
0.94969 0.0503096 0
0.265597 0.734403 0
1.0 4.01495e-07 0
0.055986 0.944014 0
1.0 2.84329e-12 0
0.582264 0.417736 0
1.0 4.81773e-07 0
0.261123 0.738877 0
0.999983 1.74145e-05 0
0.870278 0.129722 0
0.999332 0.000668454 0
0.979578 0.0204224 0
0.981391 0.0186091 0
0.575123 0.424877 0
0.999861 0.000138799 0
0.999993 6.58276e-06 0
1.0 4.76267e-07 0
0.111569 0.888431 0
1.0 7.32794e-08 0
1.0 2.2517e-08 0
0.999829 0.000171311 0
0.0162116 0.983788 0
1.0 1.37619e-08 0
0.99999 9.69489e-06 0
0.211305 0.788695 0
1.0 7.28102e-12 0
1.0 2.01455e-07 0
0.999879 0.000121489 0
1.0 2.7604e-11 0
1.0 1.39605e-13 0
1.0 1.57283e-15 0
0.999999 7.72278e-07 0
1.0 2.96388e-07 0
0.999977 2.2721e-05 0
1.0 5.14357e-09 0
0.999962 3.76529e-05 0
1.0 5.19036e-07 0
1.0 2.60525e-07 0
0.433603 0.566397 0
0.449692 0.550308 0
1.0 5.85763e-13 0
0.0723027 0.927697 0
0.999978 2.19675e-05 0
0.904328 0.0956716 0
0.999923 7.70649e-05 0
0.999999 9.23222e-07 0
0.894038 0.105962 0
1.0 3.37211e-09 0
1.0 1.00032e-08 0
0.999942 5.77555e-05 0
1.0 2.95368e-07 0
0.999962 3.82828e-05 0
0.999999 6.08807e-07 0
0.966656 0.0333438 0
0.484998 0.515002 0
1.0 9.91968e-09 0
1.0 1.14012e-11 0
0.00360035 0.9964 0
1.0 6.78373e-09 0
1.0 3.08734e-11 0
1.0 8.57244e-13 0
0.402586 0.597414 0
0.970078 0.0299217 0
0.8221 0.1779 0
0.999139 0.00086128 0
0.999992 8.45481e-06 0
0.97149 0.0285096 0
0.998919 0.00108074 0
0.999963 3.67624e-05 0
0.999998 1.56418e-06 0
0.077388 0.922612 0
0.992127 0.00787315 0
1.0 6.1488e-09 0
0.999957 4.25545e-05 0
0.0023099 0.99769 0
0.324198 0.675802 0
0.6348 0.3652 0
1.0 8.04878e-10 0
1.0 3.76976e-11 0
0.999818 0.000182112 0
1.0 6.48432e-11 0
1.0 3.41498e-08 0
0.999965 3.4839e-05 0
0.634664 0.365336 0
0.941858 0.0581418 0
1.0 1.7904e-08 0
0.999985 1.54669e-05 0
1.0 4.96255e-10 0
0.000374938 0.999625 0
1.0 6.19851e-10 0
1.0 2.38113e-09 0
1.0 2.81499e-10 0
0.999767 0.00023268 0
1.0 5.92142e-10 0
0.14832 0.85168 0
0.0303492 0.969651 0
0.993472 0.00652822 0
0.975054 0.0249462 0
1.0 5.00304e-10 0
1.0 8.35231e-14 0
0.999975 2.47857e-05 0
0.999931 6.93029e-05 0
0.542622 0.457378 0
1.0 3.84571e-09 0
1.0 3.5177e-07 0
0.988359 0.0116409 0
1.0 3.00036e-08 0
0.863309 0.136691 0
0.999413 0.000587264 0
0.746518 0.253482 0
1.0 1.92579e-12 0
4.61958e-05 0.999954 0
0.986247 0.0137525 0
0.999995 5.11035e-06 0
1.0 5.04323e-20 0
1.0 4.32121e-09 0
0.994999 0.0050012 0
1.0 4.83084e-08 0
1.0 1.05368e-07 0
0.355004 0.644996 0
0.323254 0.676745 0
0.999867 0.000132612 0
0.999423 0.000577508 0
0.99999 9.61462e-06 0
0.000404491 0.999596 0
0.993237 0.0067632 0
1.0 6.15748e-11 0
0.08981 0.91019 0
1.0 3.48989e-16 0
0.999932 6.81951e-05 0
1.0 1.7508e-12 0
0.999996 3.88929e-06 0
0.997606 0.00239428 0
1.0 2.45801e-11 0
0.995442 0.00455773 0
0.521708 0.478292 0
0.999997 3.32325e-06 0
0.9703 0.0297005 0
0.0308605 0.96914 0
1.0 3.94814e-07 0
0.99974 0.000259545 0
0.986448 0.0135521 0
0.99998 1.95558e-05 0
1.0 4.21999e-11 0
0.898132 0.101868 0
0.998168 0.00183236 0
2.71199e-06 0.999997 0
0.999995 4.57731e-06 0
0.999059 0.000941251 0
1.0 1.18113e-09 0
0.0521145 0.947885 0
1.0 3.68125e-16 0
0.999864 0.00013561 0
0.230081 0.769919 0
1.0 1.43795e-13 0
0.998837 0.00116274 0
0.993811 0.00618898 0
0.921759 0.0782413 0
1.0 1.97568e-09 0
0.999791 0.00020924 0
0.0257386 0.974261 0
1.0 4.01116e-11 0
0.999985 1.52555e-05 0
0.99745 0.00255021 0
0.899339 0.100661 0
0.999997 2.63398e-06 0
1.0 6.2961e-08 0
1.0 1.06228e-08 0
0.999982 1.76891e-05 0
0.180222 0.819778 0
1.0 5.74654e-08 0
0.999996 4.22645e-06 0
1.0 8.43047e-09 0
0.91697 0.0830302 0
0.999998 2.03356e-06 0
1.0 1.7736e-07 0
0.996955 0.00304548 0
0.999986 1.39301e-05 0
0.421567 0.578433 0
1.0 1.97588e-10 0
0.99999 9.63719e-06 0
0.0583493 0.941651 0
0.999979 2.14346e-05 0
1.0 3.37897e-07 0
1.0 1.26217e-10 0
1.0 6.40538e-10 0
0.999514 0.000485516 0
0.570458 0.429542 0
0.000295371 0.999705 0
1.0 1.05012e-08 0
0.999983 1.6641e-05 0
1.0 1.61828e-11 0
0.998662 0.00133831 0
0.999999 6.12769e-07 0
0.875707 0.124293 0
0.586793 0.413207 0
0.999773 0.000227306 0
1.0 8.86115e-11 0
0.99149 0.0085096 0
1.0 6.62286e-12 0
0.999746 0.000253751 0
0.551372 0.448628 0
0.748336 0.251664 0
0.519539 0.48046 0
1.0 5.05406e-12 0
0.984105 0.0158947 0
1.0 2.58561e-07 0
0.999978 2.16852e-05 0
1.0 9.34135e-09 0
1.0 1.04915e-12 0
0.999841 0.000159004 0
0.72669 0.27331 0
0.998731 0.00126944 0
0.934023 0.0659772 0
1.0 4.84665e-09 0
1.0 1.60556e-07 0
0.999988 1.16944e-05 0
0.992657 0.00734313 0
0.999996 3.91542e-06 0
0.999769 0.000230768 0
0.999999 1.31481e-06 0
0.999999 1.029e-06 0
0.00791911 0.992081 0
1.0 1.21977e-10 0
0.99986 0.000139929 0
1.0 3.01613e-08 0
0.999804 0.00019566 0
0.956838 0.0431615 0
0.999999 9.26201e-07 0
1.0 3.36495e-08 0
0.999998 1.7952e-06 0
0.999998 2.09959e-06 0
0.983458 0.0165416 0
1.0 1.53196e-10 0
0.993514 0.006486 0
1.0 7.28797e-14 0
0.997084 0.00291606 0
0.999972 2.8412e-05 0
0.0360204 0.96398 0
0.999878 0.000122225 0
1.0 3.34014e-13 0
0.999997 2.80029e-06 0
0.960662 0.0393375 0
1.0 3.96128e-11 0
1.0 2.04469e-13 0
0.993739 0.00626083 0
0.460124 0.539876 0
1.0 6.1755e-08 0
1.0 4.02128e-10 0
0.280841 0.719159 0
1.0 3.26703e-11 0
0.00039687 0.999603 0
1.0 7.01189e-12 0
0.984936 0.0150637 0
1.0 3.98457e-11 0
1.0 9.33841e-13 0
1.0 8.48527e-12 0
0.992508 0.00749191 0
0.869097 0.130903 0
0.973062 0.0269381 0
1.0 2.71494e-10 0
0.9999 0.000100319 0
0.999838 0.000161732 0
0.848754 0.151246 0
0.998821 0.00117874 0
0.997147 0.00285285 0
0.845623 0.154377 0
0.314687 0.685313 0
0.999065 0.000934926 0
0.999504 0.000495576 0
1.0 2.67005e-08 0
0.492693 0.507307 0
1.0 8.95741e-10 0
1.0 5.07086e-07 0
0.85988 0.14012 0
0.0193254 0.980675 0
1.0 2.6527e-09 0
0.999992 7.86849e-06 0
0.999501 0.000498698 0
1.0 8.8661e-13 0
0.997927 0.00207272 0
1.0 1.505e-07 0
0.998858 0.00114161 0
0.999988 1.15795e-05 0
1.0 1.05998e-10 0
1.0 5.62638e-13 0
0.995955 0.00404496 0
0.356222 0.643778 0
1.0 6.93249e-09 0
1.0 4.55676e-07 0
0.987131 0.012869 0
1.0 3.97915e-08 0
0.472422 0.527578 0
0.99997 2.95522e-05 0
0.998429 0.00157089 0
0.999995 5.52753e-06 0
0.999927 7.28384e-05 0
0.993146 0.00685346 0
0.999989 1.1371e-05 0
1.0 2.31337e-10 0
1.0 4.6399e-11 0
0.022106 0.977894 0
0.999964 3.64328e-05 0
1.0 1.38981e-07 0
0.99971 0.000290003 0
0.999988 1.20758e-05 0
1.0 5.44051e-09 0
0.999624 0.000375989 0
0.969655 0.0303454 0
1.0 7.7694e-09 0
0.297886 0.702114 0
1.0 4.44329e-13 0
0.989269 0.0107307 0
0.999939 6.0575e-05 0
0.983858 0.0161422 0
1.0 6.47742e-14 0
0.999992 8.40984e-06 0
0.997326 0.00267392 0
1.0 3.9693e-09 0
0.975118 0.0248824 0
0.989099 0.010901 0
1.0 1.98496e-08 0
0.999413 0.000587004 0
1.0 9.49184e-08 0
1.0 1.52854e-09 0
0.866083 0.133917 0
1.0 6.6416e-10 0
0.999644 0.000356183 0
0.999903 9.68805e-05 0
0.56945 0.43055 0
0.999997 2.8516e-06 0
1.0 2.55989e-12 0
1.0 2.79532e-11 0
0.999919 8.0961e-05 0
0.999999 9.04264e-07 0
0.999973 2.67935e-05 0
1.0 2.05313e-07 0
0.407592 0.592408 0
0.999978 2.22546e-05 0
0.993444 0.00655569 0
1.0 1.14287e-07 0
1.0 5.99937e-12 0
1.0 1.60084e-08 0
0.999987 1.30427e-05 0
0.639153 0.360847 0
0.000270494 0.999729 0
1.0 2.66288e-09 0
0.925721 0.0742786 0
0.337047 0.662953 0
0.999986 1.35567e-05 0
1.0 1.37333e-09 0
0.99998 2.02151e-05 0
1.0 4.53854e-07 0
0.999905 9.45057e-05 0
1.0 1.57486e-10 0
0.999929 7.0836e-05 0
1.0 2.92349e-07 0
1.0 4.42567e-08 0
1.0 3.64831e-13 0
1.0 7.44776e-11 0
0.999853 0.00014721 0
0.740605 0.259395 0
0.999999 1.1143e-06 0
1.0 2.43611e-07 0
1.0 2.49907e-10 0
0.999997 3.29028e-06 0
0.999918 8.16462e-05 0
1.0 2.43063e-13 0
0.815472 0.184528 0
0.988993 0.0110074 0
0.966771 0.0332295 0
0.999272 0.000728418 0
1.0 1.97163e-07 0
0.865614 0.134386 0
0.999997 2.85514e-06 0
0.999982 1.83989e-05 0
0.999998 1.53163e-06 0
1.0 5.44267e-10 0
1.0 9.05276e-11 0
0.99987 0.000129816 0
1.0 1.26962e-07 0
0.999999 8.50925e-07 0
1.0 1.03085e-07 0
1.0 7.65058e-10 0
1.0 1.59868e-10 0
0.999981 1.91432e-05 0
0.999998 2.01382e-06 0
0.999833 0.000167092 0
0.999046 0.000954247 0
1.0 1.66812e-17 0
0.142716 0.857284 0
0.999909 9.11409e-05 0
0.999983 1.67764e-05 0
1.0 4.9499e-07 0
0.999995 4.5348e-06 0
0.549306 0.450694 0
0.839238 0.160762 0
0.977979 0.0220208 0
0.90795 0.0920498 0
1.0 2.18354e-10 0
0.989631 0.0103686 0
0.999929 7.14087e-05 0
1.0 3.01782e-11 0
0.788127 0.211872 0
0.99968 0.000319633 0
0.94604 0.0539598 0
0.000586111 0.999414 0
1.0 8.67072e-08 0
1.0 3.56113e-07 0
0.999998 2.23148e-06 0
0.999928 7.24267e-05 0
0.380081 0.619919 0
1.0 1.44797e-08 0
1.0 8.35051e-09 0
0.999984 1.6078e-05 0
0.845536 0.154464 0
0.999979 2.10394e-05 0
0.997521 0.00247915 0
1.0 1.17887e-07 0
1.0 2.44812e-09 0
0.981223 0.0187765 0
0.485758 0.514242 0
1.0 4.54763e-08 0
0.666568 0.333432 0
0.99618 0.00382028 0
0.999983 1.74519e-05 0
1.0 2.16917e-10 0
1.0 3.19928e-07 0
0.999931 6.93856e-05 0
1.0 5.00366e-11 0
1.0 3.37329e-10 0
1.0 5.53948e-10 0
0.999999 1.47848e-06 0
0.999999 8.12501e-07 0
1.0 2.1478e-12 0
0.999652 0.000348387 0
1.0 1.01111e-08 0
1.0 3.53804e-16 0
1.0 3.50465e-10 0
0.999998 2.07693e-06 0
1.0 2.22108e-08 0
0.969632 0.0303678 0
1.0 3.6967e-08 0
1.0 3.34989e-09 0
0.977126 0.0228738 0
0.999986 1.37143e-05 0
1.0 1.03162e-09 0
0.993838 0.00616152 0
0.999934 6.5736e-05 0
0.999956 4.44269e-05 0
1.0 1.83797e-09 0
1.0 5.99099e-12 0
0.991378 0.00862212 0
0.999997 2.91952e-06 0
0.976915 0.0230847 0
1.0 2.45777e-08 0
1.0 2.08202e-09 0
0.999999 6.81569e-07 0
1.0 1.86295e-08 0
0.986899 0.0131013 0
0.999846 0.000154212 0
0.939159 0.060841 0
1.0 7.14677e-12 0
1.0 3.31387e-09 0
1.0 9.2847e-12 0
0.779743 0.220257 0
1.0 1.9708e-07 0
0.960951 0.0390489 0
1.0 5.15634e-14 0
0.998756 0.00124436 0
1.0 4.32213e-13 0
0.999994 6.26108e-06 0
1.0 8.26729e-10 0
0.140854 0.859146 0
0.998253 0.00174692 0
1.0 1.44539e-12 0
0.969644 0.0303555 0
1.0 4.05728e-09 0
0.999978 2.15674e-05 0
0.999995 5.39527e-06 0
1.0 6.34179e-14 0
0.998449 0.00155093 0
0.999984 1.60502e-05 0
1.0 1.86649e-12 0
1.0 5.89156e-10 0
0.740782 0.259218 0
0.999987 1.32849e-05 0
0.973764 0.026236 0
0.996669 0.00333097 0
0.0628622 0.937138 0
0.999999 1.12635e-06 0
0.976692 0.0233082 0
0.000197348 0.999803 0
0.974209 0.0257908 0
0.99999 9.62213e-06 0
0.983862 0.0161378 0
0.534893 0.465107 0
0.989496 0.0105042 0
0.999652 0.000348076 0
1.0 3.07168e-12 0
0.999961 3.94451e-05 0
1.0 2.49754e-10 0
1.0 5.35257e-10 0
0.000111019 0.999889 0
0.0236248 0.976375 0
0.641597 0.358403 0
0.999731 0.000269249 0
0.999998 1.98306e-06 0
0.999993 6.74239e-06 0
1.0 3.95951e-08 0
1.0 9.71434e-12 0
0.904096 0.0959043 0
0.999999 7.36008e-07 0
0.989532 0.0104676 0
0.0804164 0.919584 0
1.0 2.36911e-07 0
0.999861 0.000138986 0
0.989268 0.0107321 0
0.999997 2.91347e-06 0
0.54363 0.45637 0
1.0 3.16373e-08 0
0.998862 0.00113801 0
0.000165742 0.999834 1
0.892381 0.107619 1
0.948277 0.0517232 1
7.44137e-05 0.999926 1
0.0448831 0.955117 1
0.112976 0.887024 1
0.774983 0.225017 1
1.7082e-07 1.0 1
0.376326 0.623674 1
3.04998e-05 0.999969 1
0.217804 0.782196 1
0.842966 0.157034 1
0.0200271 0.979973 1
0.663828 0.336172 1
0.000737316 0.999263 1
0.000899475 0.999101 1
0.0263474 0.973653 1
1.37834e-06 0.999999 1
0.999668 0.000331619 1
0.836891 0.163109 1
0.0285014 0.971499 1
0.00250726 0.997493 1
7.32753e-06 0.999993 1
0.168454 0.831546 1
1.12045e-05 0.999989 1
0.366333 0.633667 1
0.0346868 0.965313 1
2.56611e-05 0.999974 1
0.0322213 0.967779 1
5.66236e-05 0.999943 1
0.000239065 0.999761 1
0.526828 0.473172 1
0.907701 0.0922993 1
5.78266e-06 0.999994 1
0.226034 0.773966 1
0.186571 0.813429 1
0.00191876 0.998081 1
0.000484109 0.999516 1
3.80576e-06 0.999996 1
1.6049e-05 0.999984 1
3.02937e-06 0.999997 1
0.00221177 0.997788 1
0.300502 0.699498 1
0.612424 0.387576 1
0.00344764 0.996552 1
0.110591 0.889409 1
8.77408e-05 0.999912 1
0.25155 0.74845 1
0.187786 0.812214 1
0.999992 8.06964e-06 1
1.38807e-06 0.999999 1
0.0134032 0.986597 1
0.476328 0.523672 1
1.12795e-07 1.0 1
0.0896707 0.910329 1
0.0551985 0.944802 1
5.43896e-05 0.999946 1
7.42688e-05 0.999926 1
0.508209 0.491791 1
0.000460945 0.999539 1
0.0872221 0.912778 1
0.990939 0.00906048 1
1.83391e-06 0.999998 1
0.00145998 0.99854 1
0.000710979 0.999289 1
0.372749 0.627252 1
0.000135559 0.999864 1
0.0543621 0.945638 1
0.890888 0.109112 1
0.000311731 0.999688 1
8.55357e-06 0.999991 1
0.224333 0.775667 1
0.222464 0.777536 1
0.000696069 0.999304 1
0.897151 0.102849 1
0.0139639 0.986036 1
0.000141616 0.999858 1
0.155523 0.844477 1
2.57689e-07 1.0 1
0.0658221 0.934178 1
0.00049601 0.999504 1
0.000679697 0.99932 1
0.998795 0.00120485 1
1.26717e-07 1.0 1
0.713938 0.286062 1
0.0462454 0.953755 1
2.23035e-06 0.999998 1
0.00116926 0.998831 1
0.059309 0.940691 1
0.00094632 0.999054 1
0.00612267 0.993877 1
5.81176e-06 0.999994 1
0.992171 0.00782923 1
0.00136794 0.998632 1
6.82936e-05 0.999932 1
0.14202 0.85798 1
4.77391e-05 0.999952 1
0.997951 0.00204905 1
0.0210415 0.978958 1
0.0186284 0.981372 1
5.48938e-09 1.0 1
0.00133002 0.99867 1
0.719102 0.280898 1
0.000908055 0.999092 1
9.59843e-05 0.999904 1
0.96294 0.0370598 1
0.00205541 0.997945 1
0.00311418 0.996886 1
0.00357463 0.996425 1
0.000260384 0.99974 1
7.57611e-05 0.999924 1
0.229358 0.770642 1
0.277198 0.722802 1
0.00021765 0.999782 1
0.868203 0.131797 1
0.000105126 0.999895 1
0.000242353 0.999758 1
7.79954e-06 0.999992 1
0.000169472 0.99983 1
0.000447849 0.999552 1
0.998793 0.00120656 1
0.949034 0.0509657 1
0.00605432 0.993946 1
0.992413 0.00758708 1
5.30731e-06 0.999995 1
0.810781 0.189219 1
0.99918 0.000819833 1
9.57722e-05 0.999904 1
2.14637e-07 1.0 1
0.0747264 0.925274 1
0.000590395 0.99941 1
0.00111787 0.998882 1
0.00517425 0.994826 1
2.11314e-05 0.999979 1
0.287447 0.712553 1
0.00034964 0.99965 1
0.000231391 0.999769 1
2.53804e-06 0.999997 1
0.000127378 0.999873 1
1.79731e-05 0.999982 1
1.35379e-07 1.0 1
0.971115 0.0288852 1
0.488917 0.511083 1
0.967599 0.0324009 1
0.0781742 0.921826 1
0.0133988 0.986601 1
0.025002 0.974998 1
1.06126e-08 1.0 1
1.67028e-05 0.999983 1
0.0548795 0.945121 1
7.8438e-05 0.999922 1
6.62123e-07 0.999999 1
0.0692661 0.930734 1
0.00112306 0.998877 1
0.999999 6.89187e-07 1
0.000898506 0.999102 1
0.00211757 0.997882 1
0.000579436 0.999421 1
0.807868 0.192132 1
0.000276457 0.999723 1
0.114288 0.885712 1
0.012805 0.987195 1
2.29618e-07 1.0 1
4.01758e-06 0.999996 1
0.00631167 0.993688 1
0.0753973 0.924603 1
0.997407 0.00259302 1
0.999999 8.02564e-07 1
0.00432072 0.995679 1
0.0593821 0.940618 1
1.35405e-06 0.999999 1
0.000327749 0.999672 1
0.999441 0.000558859 1
0.00147969 0.99852 1
0.201027 0.798973 1
0.0158564 0.984144 1
0.215979 0.784021 1
0.998073 0.0019275 1
1.23039e-07 1.0 1
0.0380598 0.96194 1
0.000208262 0.999792 1
0.163598 0.836402 1
0.00719955 0.9928 1
4.8221e-07 1.0 1
0.951337 0.0486631 1
0.257393 0.742607 1
0.992886 0.00711373 1
0.970718 0.0292823 1
0.0471293 0.952871 1
0.871246 0.128754 1
5.78991e-06 0.999994 1
0.799518 0.200483 1
0.675438 0.324562 1
0.419135 0.580865 1
0.969441 0.030559 1
0.999922 7.83441e-05 1
0.78808 0.21192 1
0.0212778 0.978722 1
4.21867e-05 0.999958 1
0.624043 0.375957 1
0.000606796 0.999393 1
0.0641507 0.935849 1
4.07287e-07 1.0 1
0.177965 0.822035 1
0.997092 0.00290803 1
0.0584657 0.941534 1
6.1462e-08 1.0 1
0.0805576 0.919442 1
0.000398188 0.999602 1
2.9593e-05 0.99997 1
4.58066e-05 0.999954 1
5.93651e-06 0.999994 1
0.186587 0.813413 1
1.23546e-08 1.0 1
0.827735 0.172265 1
6.16982e-05 0.999938 1
0.997273 0.00272701 1
0.000302545 0.999697 1
0.000123207 0.999877 1
5.17257e-07 1.0 1
0.05159 0.94841 1
0.000321127 0.999679 1
1.95112e-06 0.999998 1
0.00246805 0.997532 1
2.49251e-06 0.999997 1
0.00258324 0.997417 1
0.000122773 0.999877 1
0.980701 0.0192987 1
0.0594284 0.940572 1
0.958926 0.0410742 1
0.248564 0.751436 1
0.0497547 0.950245 1
0.00202138 0.997979 1
0.000702715 0.999297 1
0.00116065 0.998839 1
0.00215752 0.997842 1
0.797465 0.202535 1
0.383494 0.616506 1
0.0511682 0.948832 1
7.61818e-06 0.999992 1
0.000540453 0.99946 1
0.999993 6.99569e-06 1
0.195896 0.804104 1
0.000520895 0.999479 1
0.797406 0.202594 1
2.68386e-12 1.0 1
0.901603 0.0983965 1
1.57424e-07 1.0 1
0.00328209 0.996718 1
3.04896e-07 1.0 1
7.15399e-05 0.999928 1
1.77584e-05 0.999982 1
0.833236 0.166764 1
0.0024549 0.997545 1
0.999733 0.000267149 1
0.0820431 0.917957 1
6.04239e-05 0.99994 1
0.000424651 0.999575 1
7.55745e-06 0.999992 1
1.0 5.62252e-08 1
0.000229233 0.999771 1
0.460734 0.539266 1
0.317546 0.682454 1
0.00515908 0.994841 1
0.00102937 0.998971 1
0.000328446 0.999672 1
6.21422e-06 0.999994 1
3.20109e-08 1.0 1
0.111008 0.888992 1
1.21197e-06 0.999999 1
0.0404598 0.95954 1
0.999532 0.0004682 1
0.999862 0.000138329 1
0.0644332 0.935567 1
0.000457202 0.999543 1
5.94668e-06 0.999994 1
9.01006e-07 0.999999 1
0.00623986 0.99376 1
1.23828e-06 0.999999 1
3.92163e-08 1.0 1
0.000129246 0.999871 1
4.28412e-05 0.999957 1
1.0 2.92092e-10 1
0.0171742 0.982826 1
0.25646 0.74354 1
2.08963e-06 0.999998 1
3.04619e-05 0.999969 1
0.207734 0.792266 1
7.51867e-07 0.999999 1
0.231551 0.768449 1
0.00103632 0.998964 1
7.84662e-08 1.0 1
0.207837 0.792163 1
6.58026e-07 0.999999 1
0.0358658 0.964134 1
0.00307312 0.996927 1
9.66374e-09 1.0 1
0.0693118 0.930688 1
0.0544131 0.945587 1
0.973836 0.0261639 1
6.78633e-06 0.999993 1
0.588118 0.411882 1
0.000154881 0.999845 1
5.40348e-05 0.999946 1
0.400235 0.599765 1
3.40708e-05 0.999966 1
0.444347 0.555653 1
0.0035245 0.996476 1
0.0294927 0.970507 1
0.000481948 0.999518 1
1.21819e-05 0.999988 1
0.997392 0.00260758 1
0.0124806 0.987519 1
1.70464e-05 0.999983 1
0.678353 0.321647 1
0.122974 0.877026 1
0.678697 0.321303 1
0.000287102 0.999713 1
0.999656 0.000344311 1
0.00192701 0.998073 1
0.985171 0.0148293 1
6.33588e-05 0.999937 1
0.000947205 0.999053 1
0.000109121 0.999891 1
0.0276638 0.972336 1
0.00611056 0.993889 1
0.0548255 0.945175 1
0.000130733 0.999869 1
1.40941e-07 1.0 1
5.0343e-06 0.999995 1
0.00116914 0.998831 1
6.99551e-07 0.999999 1
8.78188e-05 0.999912 1
0.942818 0.0571816 1
0.988779 0.0112207 1
0.412246 0.587754 1
0.0711342 0.928866 1
0.968561 0.0314394 1
1.26624e-05 0.999987 1
0.966995 0.0330053 1
0.17096 0.82904 1
3.02155e-06 0.999997 1
0.384534 0.615466 1
0.290012 0.709988 1
0.247519 0.752481 1
0.0394681 0.960532 1
0.000165757 0.999834 1
0.00667132 0.993329 1
4.96859e-05 0.99995 1
0.0135614 0.986439 1
0.00121355 0.998787 1
0.0725408 0.927459 1
0.707738 0.292262 1
0.970697 0.0293034 1
0.835566 0.164434 1
1.87509e-05 0.999981 1
0.000138699 0.999861 1
0.994175 0.00582537 1
3.12378e-07 1.0 1
8.28411e-05 0.999917 1
0.999986 1.44832e-05 1
0.00127009 0.99873 1
0.995818 0.00418173 1
0.00015093 0.999849 1
5.80265e-05 0.999942 1
0.60543 0.39457 1
0.283453 0.716546 1
0.999979 2.08068e-05 1
0.872941 0.127059 1
0.0122931 0.987707 1
0.983812 0.016188 1
6.01247e-07 0.999999 1
0.96544 0.0345603 1
0.998508 0.00149239 1
0.000581761 0.999418 1
1.0 1.92869e-07 1
0.372293 0.627707 1
0.999479 0.000521279 1
0.675717 0.324283 1
1.95899e-05 0.99998 1
0.0844119 0.915588 1
1.43111e-05 0.999986 1
4.18054e-06 0.999996 1
0.0207642 0.979236 1
8.42418e-05 0.999916 1
0.00101792 0.998982 1
0.042065 0.957935 1
0.999953 4.68195e-05 1
0.976842 0.0231583 1
1.51498e-07 1.0 1
0.309361 0.690639 1
1.0 1.61669e-09 1
0.00840366 0.991596 1
8.88244e-08 1.0 1
0.0299708 0.970029 1
0.955898 0.0441024 1
2.06815e-08 1.0 1
0.00115512 0.998845 1
0.881011 0.118989 1
0.613215 0.386785 1
0.037098 0.962902 1
2.27883e-05 0.999977 1
0.000108333 0.999892 1
0.000587875 0.999412 1
0.0167007 0.983299 1
0.999542 0.000458045 1
4.83256e-05 0.999952 1
0.995085 0.00491493 1
0.000397598 0.999602 1
0.845006 0.154994 1
0.326331 0.673669 1
0.746632 0.253368 1
0.999395 0.000605343 1
0.00784887 0.992151 1
0.264992 0.735008 1
0.999552 0.000448378 1
0.000277164 0.999723 1
9.16387e-06 0.999991 1
0.000552346 0.999448 1
2.61069e-05 0.999974 1
0.00207372 0.997926 1
0.00429648 0.995704 1
0.999702 0.00029812 1
1.94241e-05 0.999981 1
0.00171025 0.99829 1
7.22918e-07 0.999999 1
0.000977735 0.999022 1
0.00149479 0.998505 1
0.0123739 0.987626 1
0.786034 0.213966 1
1.54557e-06 0.999998 1
3.99271e-07 1.0 1
0.783275 0.216725 1
3.70833e-05 0.999963 1
3.48055e-06 0.999997 1
0.948405 0.051595 1
0.444144 0.555856 1
0.217289 0.782711 1
8.66695e-07 0.999999 1
4.62948e-06 0.999995 1
0.669975 0.330025 1
7.90013e-06 0.999992 1
0.00149667 0.998503 1
0.29312 0.70688 1
0.365882 0.634118 1
0.999915 8.46792e-05 1
0.0030095 0.99699 1
0.995 0.00499949 1
1.07122e-08 1.0 1
1.29844e-06 0.999999 1
0.000520063 0.99948 1
0.976463 0.0235367 1
0.00229921 0.997701 1
2.2496e-06 0.999998 1
0.0220748 0.977925 1
0.00433011 0.99567 1
0.00113293 0.998867 1
0.997296 0.00270432 1
0.144595 0.855405 1
8.63175e-05 0.999914 1
0.00415871 0.995841 1
0.00180818 0.998192 1
3.17887e-05 0.999968 1
0.653904 0.346096 1
0.822885 0.177115 1
0.000305129 0.999695 1
0.00591705 0.994083 1
1.65689e-05 0.999983 1
0.78158 0.21842 1
6.26759e-08 1.0 1
0.00333506 0.996665 1
0.128224 0.871776 1
0.000901135 0.999099 1
0.00516445 0.994836 1
4.69275e-05 0.999953 1
0.200322 0.799678 1
4.08892e-06 0.999996 1
0.00059063 0.999409 1
0.000131503 0.999869 1
0.00870339 0.991297 1
2.67062e-05 0.999973 1
0.514772 0.485228 1
0.0778734 0.922127 1
0.999897 0.000102963 1
0.784598 0.215402 1
7.01475e-07 0.999999 1
0.000452654 0.999547 1
0.000298022 0.999702 1
0.34783 0.65217 1
0.053062 0.946938 1
3.42755e-09 1.0 1
1.43003e-09 1.0 1
0.505017 0.494983 1
0.860302 0.139698 1
0.00041046 0.99959 1
0.00477555 0.995224 1
0.999772 0.000228264 1
1.0 5.03616e-10 1
0.933901 0.0660987 1
0.010787 0.989213 1
0.000423227 0.999577 1
0.000544654 0.999455 1
7.82331e-05 0.999922 1
1.93532e-05 0.999981 1
6.70568e-05 0.999933 1
0.880086 0.119914 1
0.00824363 0.991756 1
0.0488617 0.951138 1
5.3131e-06 0.999995 1
1.1911e-05 0.999988 1
0.947389 0.0526114 1
0.00642803 0.993572 1
0.00486548 0.995135 1
0.00152829 0.998472 1
0.0211441 0.978856 1
0.698492 0.301508 1
1.39794e-05 0.999986 1
1.1e-06 0.999999 1
4.39807e-06 0.999996 1
0.617135 0.382865 1
0.135815 0.864185 1
0.986345 0.0136548 1
0.999512 0.000488372 1
0.00107086 0.998929 1
9.97896e-06 0.99999 1
0.00279332 0.997207 1
0.190502 0.809498 1
0.126851 0.873149 1
2.01954e-06 0.999998 1
0.923095 0.0769046 1
0.975113 0.0248874 1
2.50303e-05 0.999975 1
0.000434521 0.999565 1
0.185776 0.814224 1
6.18975e-05 0.999938 1
0.502422 0.497578 1
0.99975 0.000250137 1
3.53435e-06 0.999996 1
0.0381777 0.961822 1
0.00247807 0.997522 1
0.000896917 0.999103 1
0.981597 0.018403 1
0.963725 0.0362751 1
0.000280441 0.99972 1
0.00691543 0.993085 1
0.000959983 0.99904 1
0.642667 0.357333 1
0.274534 0.725466 1
4.34527e-05 0.999956 1
0.841544 0.158456 1
5.64555e-07 0.999999 1
0.288066 0.711934 1
0.000114273 0.999886 1
0.00128786 0.998712 1
8.39065e-07 0.999999 1
0.0529007 0.947099 1
0.00168529 0.998315 1
0.000676871 0.999323 1
9.10943e-08 1.0 1
0.0327422 0.967258 1
6.11897e-07 0.999999 1
0.0448829 0.955117 1
0.0023385 0.997661 1
2.67608e-06 0.999997 1
0.0193044 0.980696 1
0.0032116 0.996788 1
0.000186452 0.999814 1
2.25656e-06 0.999998 1
0.00181563 0.998184 1
0.0315766 0.968423 1
0.936439 0.0635614 1
0.999042 0.00095784 1
0.00191411 0.998086 1
0.000862482 0.999138 1
0.00274833 0.997252 1
0.0134469 0.986553 1
0.00812448 0.991876 1
2.62939e-06 0.999997 1
8.74058e-06 0.999991 1
0.165547 0.834453 1
2.21086e-05 0.999978 1
0.000177893 0.999822 1
0.438752 0.561248 1
0.053588 0.946412 1
1.23932e-05 0.999988 1
0.0015201 0.99848 1
0.998573 0.00142729 1
0.0128617 0.987138 1
0.000152054 0.999848 1
8.4398e-06 0.999992 1
0.000305249 0.999695 1
0.0179886 0.982011 1
0.0167113 0.983289 1
0.995723 0.00427647 1
0.967644 0.0323563 1
0.00303442 0.996966 1
0.993537 0.0064634 1
0.000352124 0.999648 1
4.15724e-06 0.999996 1
0.0525747 0.947425 1
0.00561826 0.994382 1
0.101507 0.898493 1
0.00282828 0.997172 1
0.260152 0.739848 1
0.999904 9.59762e-05 1
0.00308752 0.996912 1
3.20947e-05 0.999968 1
0.0474244 0.952576 1
0.207845 0.792155 1
0.143337 0.856663 1
4.80261e-07 1.0 1
0.000666582 0.999333 1
1.40164e-05 0.999986 1
0.000216277 0.999784 1
0.160966 0.839034 1
4.16212e-06 0.999996 1
2.01606e-05 0.99998 1
0.377061 0.622939 1
0.00137768 0.998622 1
0.149177 0.850823 1
0.941924 0.0580755 1
0.990431 0.00956905 1
0.019623 0.980377 1
0.99791 0.00208968 1
0.00442817 0.995572 1
0.000166386 0.999834 1
1.1051e-07 1.0 1
0.999307 0.000692979 1
0.211064 0.788936 1
0.00994748 0.990053 1
3.39443e-05 0.999966 1
0.75045 0.24955 1
0.61969 0.38031 1
0.0866366 0.913363 1
0.000108537 0.999891 1
0.000842053 0.999158 1
7.56634e-08 1.0 1
0.00050102 0.999499 1
0.316117 0.683883 1
0.00010908 0.999891 1
0.354087 0.645913 1
7.34129e-08 1.0 1
0.219895 0.780105 1
0.989527 0.0104733 1
0.000120087 0.99988 1
6.3919e-08 1.0 1
0.067856 0.932144 1
6.45398e-06 0.999994 1
2.77812e-06 0.999997 1
0.999036 0.000964051 1
0.00359841 0.996402 1
7.20126e-06 0.999993 1
0.0359718 0.964028 1
1.29052e-07 1.0 1
1.83951e-05 0.999982 1
0.0977751 0.902225 1
0.00135151 0.998648 1
0.0023974 0.997603 1
0.237149 0.762851 1
0.00909806 0.990902 1
0.0001324 0.999868 1
0.681924 0.318076 1
0.000188866 0.999811 1
0.99358 0.00642028 1
3.00396e-06 0.999997 1
9.13494e-05 0.999909 1
0.000882029 0.999118 1
0.000314617 0.999685 1
0.0198699 0.98013 1
0.00824025 0.99176 1
0.00421048 0.99579 1
2.99084e-07 1.0 1
3.56667e-08 1.0 1
0.0236958 0.976304 1
0.158259 0.841741 1
0.000646066 0.999354 1
0.000762854 0.999237 1
0.000192146 0.999808 1
0.179191 0.820809 1
0.0407038 0.959296 1
3.31303e-06 0.999997 1
0.941637 0.0583634 1
0.55384 0.44616 1
0.0152023 0.984798 1
1.36556e-05 0.999986 1
0.278986 0.721014 1
0.0075105 0.99249 1
0.00771971 0.99228 1
0.999997 2.44665e-06 1
0.124428 0.875572 1
0.000223465 0.999777 1
1.00772e-07 1.0 1
0.0542331 0.945767 1
0.000972093 0.999028 1
0.00400645 0.995993 1
0.00204264 0.997957 1
0.0588074 0.941193 1
5.19975e-06 0.999995 1
1.0 1.8278e-07 1
1.66421e-05 0.999983 1
0.000424197 0.999576 1
7.14086e-07 0.999999 1
0.3786 0.6214 1
0.00439967 0.9956 1
1.41585e-05 0.999986 1
1.7816e-07 1.0 1
2.49313e-05 0.999975 1
0.477526 0.522474 1
0.972577 0.0274231 1
0.309776 0.690224 1
0.0897679 0.910232 1
0.0150803 0.98492 1
0.00943616 0.990564 1
1.14742e-05 0.999989 1
0.00534185 0.994658 1
0.271208 0.728792 1
0.524279 0.475721 1
0.0773533 0.922647 1
0.00853422 0.991466 1
4.03685e-05 0.99996 1
1.5669e-05 0.999984 1
0.979822 0.0201785 1
0.833079 0.166921 1
5.67678e-06 0.999994 1
0.00815422 0.991846 1
0.0109318 0.989068 1
1.02156e-13 1.0 1
4.88023e-05 0.999951 1
0.00019175 0.999808 1
0.0107194 0.989281 1
0.0257567 0.974243 1
6.51509e-06 0.999993 1
0.00269969 0.9973 1
0.0133118 0.986688 1
0.0151224 0.984878 1
0.42854 0.57146 1
0.0147536 0.985246 1
0.012692 0.987308 1
0.000150118 0.99985 1
2.3689e-06 0.999998 1
0.999793 0.000206549 1
2.4228e-07 1.0 1
0.000143021 0.999857 1
0.99949 0.000510424 1
6.91998e-05 0.999931 1
0.195086 0.804914 1
0.000172827 0.999827 1
0.875447 0.124553 1
0.00035284 0.999647 1
0.88283 0.11717 1
0.0815909 0.918409 1
0.062095 0.937905 1
7.5194e-05 0.999925 1
0.000760913 0.999239 1
0.984822 0.0151776 1
3.54852e-05 0.999964 1
0.0858621 0.914138 1
1.0 4.17389e-14 1
0.586482 0.413519 1
1.89236e-05 0.999981 1
0.95908 0.0409199 1
0.0280621 0.971938 1
0.807617 0.192383 1
0.479639 0.520361 1
0.994864 0.00513608 1
7.36908e-07 0.999999 1
0.000537639 0.999462 1
0.00221736 0.997783 1
0.000141293 0.999859 1
0.650833 0.349167 1
4.70056e-05 0.999953 1
7.46368e-05 0.999925 1
0.010703 0.989297 1
0.0499725 0.950028 1
0.0918383 0.908162 1
0.908789 0.091211 1
0.00146447 0.998536 1
1.72901e-06 0.999998 1
9.09974e-08 1.0 1
0.00104356 0.998956 1
0.00773738 0.992263 1
0.960585 0.0394149 1
2.13808e-06 0.999998 1
0.000171496 0.999828 1
0.000780341 0.99922 1
0.00281553 0.997184 1
0.00348816 0.996512 1
0.491274 0.508726 1
0.406781 0.593219 1
0.00011369 0.999886 1
1.0181e-05 0.99999 1
0.832696 0.167304 1
0.0940407 0.905959 1
0.00245514 0.997545 1
0.137286 0.862714 1
0.757767 0.242233 1
0.101348 0.898652 1
0.999851 0.00014884 1
0.00738316 0.992617 1
0.0347867 0.965213 1
0.999999 9.88461e-07 1
0.000615552 0.999384 1
0.129712 0.870288 1
0.721335 0.278665 1
4.44304e-07 1.0 1
0.305716 0.694284 1
2.32767e-05 0.999977 1
9.98978e-07 0.999999 1
0.923351 0.0766492 1
0.000765646 0.999234 1
5.85404e-07 0.999999 1
0.777439 0.222561 1
0.0065249 0.993475 1
0.000709238 0.999291 1
0.00165921 0.998341 1
0.95791 0.0420897 1
0.59603 0.40397 1
0.00127274 0.998727 1
0.638724 0.361276 1
4.52332e-06 0.999995 1
6.53223e-06 0.999993 1
0.00458028 0.99542 1
0.465707 0.534293 1
9.58332e-05 0.999904 1
0.54353 0.45647 1
1.0 8.00091e-11 1
0.619576 0.380424 1
0.914813 0.0851871 1
0.0339973 0.966003 1
0.00022132 0.999779 1
0.86752 0.13248 1
0.026399 0.973601 1
0.00585202 0.994148 1
0.0109002 0.9891 1
0.225951 0.774049 1
0.0171448 0.982855 1
2.12465e-08 1.0 1
0.000427929 0.999572 1
0.000992833 0.999007 1
0.00200535 0.997995 1
0.00122506 0.998775 1
4.45376e-06 0.999996 1
0.991433 0.00856676 1
6.58608e-05 0.999934 1
0.129611 0.870389 1
0.999188 0.00081246 1
1.0 5.29223e-09 1
0.00201801 0.997982 1
0.00407605 0.995924 1
0.0057868 0.994213 1
0.985477 0.0145228 1
0.0570963 0.942904 1
6.95551e-05 0.99993 1
0.972758 0.0272416 1
0.415755 0.584245 1
0.0530806 0.946919 1
5.94939e-08 1.0 1
7.96338e-08 1.0 1
2.26651e-06 0.999998 1
0.000116303 0.999884 1
0.0340203 0.96598 1
0.0728389 0.927161 1
0.746234 0.253766 1
0.00018661 0.999813 1
0.000893894 0.999106 1
0.892371 0.107629 1
0.0737852 0.926215 1
0.00152233 0.998478 1
0.0022935 0.997707 1
8.71296e-05 0.999913 1
6.01709e-08 1.0 1
0.0124976 0.987502 1
1.86353e-06 0.999998 1
0.0125998 0.9874 1
0.98537 0.0146299 1
4.87422e-06 0.999995 1
0.709516 0.290484 1
6.07806e-05 0.999939 1
0.04231 0.95769 1
0.124911 0.875089 1
0.000616979 0.999383 1
0.0267551 0.973245 1
1.49838e-06 0.999998 1
4.49332e-06 0.999995 1
0.307414 0.692586 1
0.163386 0.836614 1
7.5028e-06 0.999992 1
0.18265 0.81735 1
0.74435 0.25565 1
7.08738e-05 0.999929 1
2.96767e-05 0.99997 1
0.983779 0.0162209 1
0.000842369 0.999158 1
0.0023646 0.997635 1
0.000612927 0.999387 1
0.752129 0.247871 1
0.968423 0.031577 1
0.15255 0.84745 1
2.48693e-06 0.999997 1
0.189568 0.810432 1
3.74334e-05 0.999963 1
0.587942 0.412058 1
0.814348 0.185652 1
7.34604e-05 0.999927 1
0.999989 1.06767e-05 1
0.0102924 0.989708 1
0.312633 0.687367 1
0.353965 0.646035 1
5.01802e-06 0.999995 1
0.000139649 0.99986 1
1.84854e-05 0.999982 1
0.626539 0.373461 1
0.0426579 0.957342 1
2.03192e-09 1.0 1
7.63107e-06 0.999992 1
0.1091 0.8909 1
0.0178751 0.982125 1
0.00291856 0.997081 1
0.000114758 0.999885 1
0.00233161 0.997668 1
0.000222891 0.999777 1
0.0507059 0.949294 1
0.388506 0.611494 1
2.82653e-05 0.999972 1
1.0 5.04286e-07 1
0.208394 0.791606 1
0.00321581 0.996784 1
0.946487 0.0535133 1
8.16693e-05 0.999918 1
0.000153618 0.999846 1
0.000928833 0.999071 1
0.999959 4.08429e-05 1
0.395364 0.604636 1
2.66386e-05 0.999973 1
0.0430754 0.956924 1
0.000239932 0.99976 1
0.010006 0.989994 1
9.86503e-06 0.99999 1
3.89393e-14 1.0 1
1.73117e-05 0.999983 1
0.0126174 0.987383 1
7.00129e-07 0.999999 1
0.001892 0.998108 1
0.196932 0.803068 1
0.000377688 0.999622 1
0.00169591 0.998304 1
9.36953e-08 1.0 1
1.67382e-06 0.999998 1
1.39852e-06 0.999999 1
6.51716e-06 0.999993 1
0.827406 0.172594 1
0.00689415 0.993106 1
0.0141657 0.985834 1
0.000561191 0.999439 1
0.999945 5.49098e-05 1
0.974084 0.025916 1
3.98674e-06 0.999996 1
0.949397 0.0506033 1
0.00713891 0.992861 1
0.0809936 0.919006 1
0.996369 0.00363088 1
0.0177735 0.982227 1
0.0362367 0.963763 1
0.995125 0.00487553 1
1.97575e-06 0.999998 1
7.90228e-07 0.999999 1
0.0292464 0.970754 1
0.246397 0.753603 1
0.000210902 0.999789 1
1.02805e-05 0.99999 1
0.898951 0.101049 1
0.0219849 0.978015 1
0.959457 0.0405427 1
0.0299285 0.970071 1
0.447778 0.552222 1
0.0255848 0.974415 1
0.0893102 0.91069 1
1.0 2.33267e-07 1
0.960955 0.039045 1
1.37512e-07 1.0 1
0.000135195 0.999865 1
0.00476727 0.995233 1
0.0053926 0.994607 1
0.000592329 0.999408 1
2.24558e-05 0.999978 1
0.00810104 0.991899 1
0.0125431 0.987457 1
1.69609e-05 0.999983 1
0.63421 0.36579 1
1.6187e-06 0.999998 1
0.0142864 0.985714 1
0.995039 0.00496059 1
0.340189 0.659811 1
0.0739601 0.92604 1
1.0 3.92234e-09 1
0.00490716 0.995093 1
0.000738628 0.999261 1
0.919966 0.0800343 1
0.000577105 0.999423 1
0.99494 0.00505993 1
