0.987697 0.0123034 0
1.0 7.1518e-11 0
0.888394 0.111606 0
0.999956 4.36433e-05 0
0.819663 0.180337 0
1.0 1.77902e-09 0
0.999997 2.53365e-06 0
0.999839 0.000161168 0
0.999998 1.82846e-06 0
0.999999 1.10381e-06 0
0.999887 0.000112619 0
0.998705 0.00129455 0
0.999876 0.000124269 0
0.494528 0.505472 0
0.982449 0.0175509 0
0.977807 0.0221933 0
0.0474753 0.952525 0
0.999679 0.000320835 0
0.538077 0.461923 0
0.995678 0.00432235 0
0.655012 0.344988 0
0.250358 0.749642 0
1.0 2.77796e-07 0
0.361579 0.638421 0
0.977021 0.0229787 0
1.0 3.16718e-09 0
1.0 6.37803e-09 0
0.999914 8.61748e-05 0
0.998991 0.00100892 0
1.0 2.60896e-08 0
1.0 2.78823e-10 0
0.995566 0.00443393 0
1.0 2.79394e-09 0
1.0 7.00357e-09 0
0.00165791 0.998342 0
0.999997 2.79853e-06 0
1.0 1.12666e-08 0
0.982327 0.0176728 0
1.0 6.03611e-09 0
0.999997 3.30181e-06 0
1.0 3.66643e-11 0
0.931194 0.0688063 0
0.99575 0.00425 0
0.99984 0.000159879 0
0.998392 0.00160838 0
1.0 1.2069e-13 0
0.99966 0.000340215 0
0.999969 3.08026e-05 0
1.0 4.52737e-11 0
0.997159 0.00284055 0
0.990682 0.00931805 0
1.0 3.01647e-09 0
0.99994 5.96773e-05 0
1.0 5.48966e-10 0
0.998668 0.00133168 0
1.0 9.59231e-10 0
1.0 3.48895e-12 0
0.9266 0.0733996 0
1.0 6.09228e-08 0
0.99994 5.96719e-05 0
0.0144025 0.985598 0
0.999031 0.000969304 0
0.541593 0.458407 0
1.0 4.70204e-08 0
0.0482452 0.951755 0
1.0 5.5073e-08 0
0.994541 0.00545882 0
0.913528 0.0864721 0
0.933641 0.0663588 0
1.0 5.67914e-09 0
0.999998 2.36857e-06 0
0.999999 1.0979e-06 0
1.0 1.06598e-07 0
1.0 2.23682e-10 0
0.790641 0.209359 0
0.99599 0.00401035 0
1.0 7.36061e-12 0
1.0 5.36305e-07 0
1.0 6.22897e-13 0
0.999995 5.38082e-06 0
0.999999 1.0679e-06 0
0.999999 6.04738e-07 0
1.0 3.42476e-12 0
0.967096 0.0329037 0
0.994938 0.0050618 0
1.0 1.9092e-08 0
0.985384 0.0146159 0
1.0 1.96303e-12 0
0.641407 0.358593 0
0.999475 0.000524965 0
0.999921 7.87757e-05 0
1.0 1.67353e-07 0
0.999979 2.0802e-05 0
0.999995 5.09986e-06 0
1.0 3.40982e-07 0
1.0 8.62461e-10 0
1.0 1.64278e-10 0
1.0 4.42169e-07 0
1.0 3.29554e-07 0
1.0 4.95236e-08 0
0.998376 0.0016241 0
0.999995 4.56965e-06 0
1.0 8.09201e-09 0
0.999966 3.44647e-05 0
1.0 5.25447e-14 0
0.922254 0.0777462 0
0.962792 0.0372085 0
0.00817867 0.991821 0
1.0 1.34801e-13 0
0.999996 3.72123e-06 0
1.0 4.18581e-08 0
1.0 2.2863e-11 0
0.564419 0.435581 0
1.0 5.72492e-12 0
1.0 1.27638e-11 0
1.0 1.60537e-10 0
1.0 3.53512e-08 0
0.00566735 0.994333 0
0.877205 0.122795 0
0.411769 0.588231 0
0.993935 0.0060651 0
0.999941 5.90128e-05 0
0.999994 5.83584e-06 0
1.0 6.94304e-08 0
1.0 1.48266e-10 0
0.999997 2.45696e-06 0
0.999936 6.40855e-05 0
0.999991 9.26234e-06 0
0.235545 0.764455 0
1.0 3.12551e-08 0
0.596678 0.403322 0
0.814121 0.185879 0
0.999811 0.000188538 0
0.999729 0.000271449 0
0.999978 2.20837e-05 0
1.0 3.73601e-13 0
0.065762 0.934238 0
1.0 4.52491e-16 0
1.0 1.76605e-09 0
0.999767 0.000233381 0
0.999329 0.000671441 0
0.999991 8.83884e-06 0
1.0 1.99146e-08 0
1.0 8.11683e-10 0
0.999235 0.00076512 0
0.999994 5.64689e-06 0
1.0 3.30556e-07 0
0.993753 0.0062469 0
0.999999 5.92406e-07 0
0.905339 0.0946615 0
0.679941 0.320059 0
0.876281 0.12372 0
0.999976 2.35926e-05 0
0.9965 0.00350035 0
0.851039 0.148961 0
0.696531 0.303469 0
0.999835 0.000164514 0
6.9693e-05 0.99993 0
1.02415e-06 0.999999 0
0.999969 3.07742e-05 0
0.999984 1.5764e-05 0
0.999995 5.50324e-06 0
1.0 1.08633e-12 0
1.0 8.14433e-11 0
1.0 4.30985e-09 0
0.999732 0.000267619 0
0.991161 0.00883917 0
1.0 1.31881e-11 0
1.0 2.3681e-07 0
1.0 4.09585e-08 0
0.999591 0.000409094 0
0.989296 0.0107038 0
0.0576871 0.942313 0
0.999998 1.88333e-06 0
1.0 1.78697e-12 0
1.0 8.75467e-08 0
0.00596274 0.994037 0
0.999462 0.000538254 0
1.0 2.44879e-09 0
0.999998 1.66624e-06 0
1.0 3.80781e-10 0
0.999977 2.32825e-05 0
1.0 4.07809e-08 0
0.00324673 0.996753 0
0.145453 0.854547 0
0.627849 0.372151 0
1.0 9.259e-09 0
0.00323412 0.996766 0
0.885329 0.114671 0
0.999592 0.000408199 0
1.0 1.29839e-10 0
0.999997 3.51286e-06 0
0.990596 0.009404 0
0.999952 4.77677e-05 0
1.0 6.90839e-08 0
1.0 5.35382e-10 0
1.0 6.27636e-10 0
1.0 5.43403e-13 0
1.0 4.76911e-11 0
0.999998 2.13257e-06 0
0.999937 6.28203e-05 0
1.0 8.48322e-08 0
0.989119 0.0108806 0
1.0 4.64712e-09 0
0.974971 0.025029 0
1.0 2.63833e-12 0
1.0 1.55396e-10 0
1.0 8.24876e-12 0
0.996946 0.00305434 0
0.999995 5.04882e-06 0
0.811557 0.188443 0
0.127544 0.872456 0
1.0 4.89597e-09 0
9.34546e-06 0.999991 0
0.999985 1.46052e-05 0
0.997783 0.00221686 0
0.998016 0.00198376 0
0.999999 5.61954e-07 0
0.491045 0.508955 0
0.992662 0.00733799 0
1.0 4.78146e-14 0
1.0 1.9415e-10 0
1.0 6.58925e-14 0
0.933512 0.0664882 0
0.994696 0.00530433 0
0.999996 3.87984e-06 0
3.67875e-06 0.999996 0
1.0 1.57915e-09 0
0.860813 0.139187 0
1.0 2.18148e-07 0
0.367684 0.632316 0
0.999974 2.62581e-05 0
1.0 1.94255e-11 0
1.0 1.39891e-12 0
0.999984 1.58678e-05 0
0.999987 1.26729e-05 0
1.0 2.25281e-19 0
0.995967 0.00403293 0
1.0 7.64092e-10 0
0.999999 6.83131e-07 0
0.166325 0.833675 0
1.0 7.6341e-11 0
0.0731243 0.926876 0
1.0 5.3264e-07 0
0.999995 4.67091e-06 0
0.999863 0.000137388 0
0.999999 1.45706e-06 0
1.0 2.50763e-09 0
0.897157 0.102843 0
0.0454598 0.95454 0
0.998893 0.00110715 0
1.0 2.19807e-12 0
0.999878 0.000121814 0
0.999978 2.23418e-05 0
0.945024 0.0549763 0
0.999873 0.000127028 0
1.0 8.211e-10 0
0.999965 3.48655e-05 0
0.000230224 0.99977 0
0.999999 1.12261e-06 0
0.999543 0.000456707 0
0.587194 0.412806 0
1.0 2.09143e-07 0
0.939623 0.0603765 0
1.0 2.07798e-10 0
1.0 8.36459e-10 0
1.0 1.33049e-09 0
1.0 9.20014e-12 0
0.999161 0.000839106 0
1.0 3.79483e-10 0
0.999977 2.35142e-05 0
0.0179827 0.982017 0
0.999997 3.35571e-06 0
0.335905 0.664095 0
0.999998 2.11097e-06 0
1.0 3.34478e-10 0
0.999992 8.01426e-06 0
1.0 5.43366e-09 0
1.0 1.38271e-08 0
0.651413 0.348587 0
0.999022 0.000978089 0
0.999945 5.47424e-05 0
1.0 9.55265e-11 0
1.0 1.81507e-10 0
0.994074 0.0059264 0
0.969858 0.0301419 0
1.0 1.00526e-11 0
1.0 1.76541e-08 0
1.0 1.05493e-09 0
0.999946 5.45262e-05 0
0.307318 0.692682 0
1.0 2.52518e-09 0
0.000152573 0.999847 0
0.893641 0.106359 0
0.839863 0.160137 0
1.0 3.47125e-12 0
1.0 1.81973e-09 0
0.999998 1.7138e-06 0
1.0 7.57413e-14 0
1.0 5.98421e-09 0
0.0687449 0.931255 0
0.999999 1.21819e-06 0
0.999823 0.000177299 0
1.0 8.22605e-13 0
1.0 4.66073e-11 0
1.0 4.57624e-09 0
0.0583274 0.941673 0
1.0 5.32717e-07 0
1.0 1.22051e-14 0
1.0 1.1168e-10 0
1.0 7.48109e-08 0
0.643818 0.356182 0
1.0 3.07492e-08 0
1.0 2.36631e-09 0
0.99029 0.0097104 0
0.999998 2.11829e-06 0
0.992035 0.00796476 0
0.999538 0.000461666 0
0.999992 8.15996e-06 0
0.98397 0.0160301 0
0.999965 3.45257e-05 0
0.99999 9.98171e-06 0
0.996046 0.00395409 0
1.0 2.6071e-13 0
0.015829 0.984171 0
1.0 1.42147e-07 0
0.993774 0.00622638 0
0.999945 5.53014e-05 0
1.0 1.12761e-09 0
0.995936 0.00406448 0
0.999971 2.94027e-05 0
0.997181 0.00281875 0
0.998897 0.0011025 0
1.0 6.9293e-12 0
0.999998 2.188e-06 0
0.999998 1.98477e-06 0
0.017044 0.982956 0
0.991995 0.00800522 0
0.179256 0.820744 0
0.998872 0.00112777 0
1.0 1.11619e-08 0
0.999982 1.76237e-05 0
1.0 5.72366e-11 0
1.0 9.31726e-16 0
0.99996 4.03213e-05 0
1.0 2.86355e-08 0
1.0 2.29638e-08 0
0.756866 0.243134 0
0.999984 1.63564e-05 0
1.0 4.49476e-09 0
0.997297 0.00270287 0
0.412718 0.587282 0
0.998421 0.00157921 0
1.0 7.15642e-08 0
1.0 1.37582e-09 0
0.999901 9.87493e-05 0
1.0 1.25576e-09 0
0.993224 0.00677633 0
0.999998 1.77028e-06 0
0.883085 0.116915 0
0.998948 0.00105163 0
1.0 1.55375e-09 0
0.999816 0.000183736 0
1.0 1.24947e-09 0
0.999998 2.15832e-06 0
0.000668293 0.999332 0
1.0 9.88401e-11 0
1.0 8.14529e-12 0
0.999935 6.5086e-05 0
0.999999 1.16665e-06 0
0.998737 0.00126332 0
1.0 1.10525e-11 0
1.0 6.70987e-14 0
0.000362657 0.999637 0
0.999291 0.000708713 0
1.0 4.7259e-07 0
1.0 1.64121e-08 0
1.0 1.14328e-08 0
0.999722 0.000277905 0
0.992619 0.00738124 0
0.999894 0.000106271 0
1.0 1.28077e-11 0
1.0 6.24794e-10 0
0.999993 6.59114e-06 0
1.0 2.08184e-08 0
0.999985 1.51184e-05 0
0.998642 0.00135814 0
1.0 5.44444e-08 0
6.42587e-06 0.999994 0
0.999901 9.94253e-05 0
3.45787e-06 0.999997 0
1.0 1.5205e-08 0
0.785449 0.214551 0
1.0 2.60285e-14 0
1.0 3.1012e-10 0
0.999888 0.000112448 0
0.999999 1.18234e-06 0
1.0 5.42562e-09 0
1.0 6.27373e-09 0
0.999464 0.000535661 0
0.945684 0.0543156 0
0.868647 0.131353 0
0.999997 3.18479e-06 0
1.0 6.31047e-10 0
1.0 4.44058e-07 0
0.999854 0.00014582 0
1.0 3.12154e-07 0
0.996456 0.00354385 0
0.941514 0.0584861 0
1.0 2.70466e-10 0
1.0 6.28314e-11 0
0.952005 0.0479947 0
0.999999 8.46851e-07 0
0.154931 0.845069 0
0.999966 3.44403e-05 0
0.422245 0.577755 0
0.793015 0.206985 0
0.925388 0.0746117 0
0.999993 6.77336e-06 0
0.996634 0.00336589 0
0.999999 6.58921e-07 0
0.999844 0.000155996 0
0.269121 0.730879 0
0.996985 0.00301532 0
0.959376 0.0406237 0
0.999691 0.000309214 0
0.990271 0.00972923 0
0.68684 0.31316 0
0.00053886 0.999461 0
1.0 6.60705e-08 0
0.913238 0.0867622 0
0.998966 0.00103444 0
1.81976e-08 1.0 0
1.0 4.86204e-08 0
0.999999 1.03258e-06 0
0.992249 0.0077508 0
0.999967 3.30267e-05 0
0.992696 0.00730369 0
0.999592 0.000407904 0
0.98558 0.0144198 0
1.0 3.4932e-10 0
0.999899 0.000100845 0
0.481283 0.518717 0
0.9963 0.00369999 0
0.960847 0.0391534 0
0.629285 0.370715 0
0.999995 5.10199e-06 0
0.999972 2.80425e-05 0
1.0 3.90743e-09 0
0.999673 0.000326626 0
1.0 8.00028e-08 0
1.0 8.14396e-11 0
0.996946 0.00305442 0
0.999818 0.000182165 0
0.999972 2.79554e-05 0
1.0 1.00025e-09 0
0.999462 0.000538357 0
1.0 2.44545e-11 0
0.35734 0.64266 0
0.1263 0.8737 0
0.997055 0.00294512 0
0.999994 5.85434e-06 0
0.99993 6.98814e-05 0
0.510476 0.489524 0
1.0 3.76309e-14 0
1.0 9.25106e-14 0
0.0253016 0.974698 0
1.0 1.83911e-11 0
0.0289381 0.971062 0
1.0 3.98839e-10 0
0.999447 0.000552729 0
0.79618 0.20382 0
0.999636 0.000363649 0
0.999999 6.53477e-07 0
0.99991 8.97177e-05 0
0.999999 6.6323e-07 0
0.3798 0.6202 0
1.0 2.65683e-07 0
0.961853 0.0381468 0
0.227325 0.772675 0
1.0 3.05239e-07 0
0.0586519 0.941348 0
1.0 1.57588e-12 0
0.573259 0.426741 0
1.0 2.86721e-07 0
0.278001 0.721999 0
0.999987 1.25141e-05 0
0.908652 0.0913478 0
0.999469 0.000531323 0
0.977882 0.0221185 0
0.98142 0.0185798 0
0.490048 0.509952 0
0.999917 8.30131e-05 0
0.999994 6.07171e-06 0
1.0 3.045e-07 0
0.112215 0.887785 0
1.0 4.2515e-08 0
1.0 1.21196e-08 0
0.999856 0.00014378 0
0.0122774 0.987723 0
1.0 7.28118e-09 0
0.999994 6.4894e-06 0
0.206679 0.793321 0
1.0 3.43915e-12 0
1.0 1.2156e-07 0
0.99991 8.9769e-05 0
1.0 1.16937e-11 0
1.0 5.72784e-14 0
1.0 6.10563e-16 0
1.0 4.67865e-07 0
1.0 1.92163e-07 0
0.999982 1.78231e-05 0
1.0 3.22995e-09 0
0.999973 2.70023e-05 0
1.0 3.2215e-07 0
1.0 1.73461e-07 0
0.425045 0.574955 0
0.488504 0.511496 0
1.0 2.31973e-13 0
0.0692064 0.930794 0
0.999984 1.58835e-05 0
0.901662 0.0983377 0
0.999942 5.81937e-05 0
1.0 5.31816e-07 0
0.899381 0.100619 0
1.0 2.24054e-09 0
1.0 5.31931e-09 0
0.999954 4.6144e-05 0
1.0 2.07877e-07 0
0.999975 2.4589e-05 0
1.0 3.86942e-07 0
0.970238 0.0297619 0
0.419897 0.580103 0
1.0 5.72427e-09 0
1.0 5.21718e-12 0
0.00272207 0.997278 0
1.0 3.77861e-09 0
1.0 1.53554e-11 0
1.0 3.80281e-13 0
0.436113 0.563887 0
0.976495 0.0235048 0
0.824744 0.175256 0
0.999334 0.000665946 0
0.999994 5.8586e-06 0
0.974173 0.0258274 0
0.999301 0.000698509 0
0.999976 2.35817e-05 0
0.999999 1.04897e-06 0
0.0671167 0.932883 0
0.993101 0.00689939 0
1.0 3.99951e-09 0
0.999967 3.30808e-05 0
0.00208741 0.997913 0
0.34864 0.65136 0
0.615258 0.384742 0
1.0 3.68825e-10 0
1.0 1.82334e-11 0
0.999881 0.000119064 0
1.0 2.82137e-11 0
1.0 2.35044e-08 0
0.999975 2.50929e-05 0
0.662016 0.337984 0
0.938289 0.0617111 0
1.0 1.10057e-08 0
0.999988 1.15543e-05 0
1.0 2.98171e-10 0
0.000271695 0.999728 0
1.0 3.4722e-10 0
1.0 1.38212e-09 0
1.0 1.46038e-10 0
0.999811 0.000188834 0
1.0 3.28574e-10 0
0.134436 0.865565 0
0.0251171 0.974883 0
0.993756 0.00624421 0
0.974804 0.0251963 0
1.0 2.52487e-10 0
1.0 2.84015e-14 0
0.999977 2.26905e-05 0
0.999952 4.76024e-05 0
0.553779 0.446221 0
1.0 1.94263e-09 0
1.0 2.02961e-07 0
0.98723 0.0127702 0
1.0 1.47963e-08 0
0.867546 0.132454 0
0.999423 0.000577485 0
0.751084 0.248916 0
1.0 9.31635e-13 0
4.16123e-05 0.999958 0
0.988126 0.0118744 0
0.999997 3.13355e-06 0
1.0 1.428e-20 0
1.0 2.60929e-09 0
0.996335 0.0036652 0
1.0 2.93637e-08 0
1.0 9.56879e-08 0
0.364267 0.635733 0
0.377848 0.622152 0
0.999897 0.000103395 0
0.999561 0.000439374 0
0.999993 7.42027e-06 0
0.000345275 0.999655 0
0.995434 0.00456614 0
1.0 3.49603e-11 0
0.091633 0.908367 0
1.0 1.3411e-16 0
0.999948 5.17313e-05 0
1.0 8.92867e-13 0
0.999997 2.69205e-06 0
0.998081 0.0019193 0
1.0 1.26073e-11 0
0.996081 0.00391944 0
0.559969 0.440031 0
0.999998 2.22032e-06 0
0.979077 0.0209231 0
0.02981 0.97019 0
1.0 2.621e-07 0
0.999774 0.000226481 0
0.989008 0.0109921 0
0.999985 1.53039e-05 0
1.0 1.88309e-11 0
0.911422 0.0885778 0
0.998501 0.00149905 0
2.07322e-06 0.999998 0
0.999997 2.87402e-06 0
0.999301 0.000698711 0
1.0 6.10239e-10 0
0.0581544 0.941846 0
1.0 1.45697e-16 0
0.999889 0.000111015 0
0.268636 0.731364 0
1.0 8.59146e-14 0
0.999026 0.000973825 0
0.994551 0.00544852 0
0.93505 0.0649495 0
1.0 1.09802e-09 0
0.999817 0.000183008 0
0.0228665 0.977134 0
1.0 2.17114e-11 0
0.999988 1.23284e-05 0
0.99819 0.00181007 0
0.903757 0.0962434 0
0.999998 1.90852e-06 0
1.0 3.80283e-08 0
1.0 6.17925e-09 0
0.999987 1.27039e-05 0
0.18467 0.81533 0
1.0 3.91233e-08 0
0.999997 3.27732e-06 0
1.0 6.58857e-09 0
0.925517 0.074483 0
0.999998 1.49999e-06 0
1.0 1.11972e-07 0
0.997509 0.00249116 0
0.99999 1.00182e-05 0
0.413208 0.586792 0
1.0 1.26686e-10 0
0.999993 6.74577e-06 0
0.0539711 0.946029 0
0.99998 2.03826e-05 0
1.0 1.8706e-07 0
1.0 6.28446e-11 0
1.0 3.69156e-10 0
0.999683 0.000317523 0
0.587217 0.412783 0
0.000221763 0.999778 0
1.0 6.54359e-09 0
0.999985 1.48462e-05 0
1.0 6.81906e-12 0
0.998719 0.00128132 0
1.0 4.8175e-07 0
0.893784 0.106216 0
0.609404 0.390596 0
0.999806 0.000194182 0
1.0 4.17943e-11 0
0.994091 0.00590877 0
1.0 2.54308e-12 0
0.999835 0.000164929 0
0.633908 0.366092 0
0.769175 0.230825 0
0.589503 0.410497 0
1.0 2.32303e-12 0
0.98877 0.0112299 0
1.0 1.61635e-07 0
0.999983 1.71496e-05 0
1.0 4.99124e-09 0
1.0 4.30488e-13 0
0.999864 0.000136416 0
0.742284 0.257716 0
0.998793 0.00120746 0
0.936877 0.0631231 0
1.0 3.35115e-09 0
1.0 9.32882e-08 0
0.999989 1.13478e-05 0
0.993497 0.00650255 0
0.999997 2.97015e-06 0
0.999793 0.000207109 0
0.999999 7.82802e-07 0
0.999999 6.59279e-07 0
0.00598205 0.994018 0
1.0 6.58475e-11 0
0.99991 9.02284e-05 0
1.0 1.75349e-08 0
0.999829 0.000170819 0
0.963198 0.0368019 0
0.999999 5.56983e-07 0
1.0 1.90567e-08 0
0.999999 1.35468e-06 0
0.999998 1.75215e-06 0
0.988939 0.0110613 0
1.0 8.49838e-11 0
0.99454 0.00545995 0
1.0 3.07614e-14 0
0.997506 0.00249429 0
0.999977 2.32926e-05 0
0.0261711 0.973829 0
0.99992 7.97183e-05 0
1.0 1.46026e-13 0
0.999998 1.92381e-06 0
0.96339 0.0366104 0
1.0 2.00547e-11 0
1.0 8.1128e-14 0
0.992944 0.00705629 0
0.440627 0.559373 0
1.0 3.9445e-08 0
1.0 1.84036e-10 0
0.295891 0.704109 0
1.0 1.49143e-11 0
0.000255486 0.999744 0
1.0 3.71765e-12 0
0.986261 0.0137386 0
1.0 1.8962e-11 0
1.0 3.84734e-13 0
1.0 4.19907e-12 0
0.993673 0.00632726 0
0.890044 0.109956 0
0.975907 0.0240927 0
1.0 1.53677e-10 0
0.999908 9.20006e-05 0
0.999877 0.000123248 0
0.868758 0.131242 0
0.99908 0.000919781 0
0.997866 0.00213411 0
0.876922 0.123078 0
0.278595 0.721405 0
0.999244 0.000756363 0
0.999543 0.000456593 0
1.0 1.82932e-08 0
0.501738 0.498262 0
1.0 4.86917e-10 0
1.0 3.88589e-07 0
0.860072 0.139928 0
0.016853 0.983147 0
1.0 1.90523e-09 0
0.999994 6.29049e-06 0
0.999698 0.000302143 0
1.0 2.96265e-13 0
0.997978 0.00202243 0
1.0 1.00222e-07 0
0.999178 0.000821871 0
0.999993 7.42335e-06 0
1.0 6.05128e-11 0
1.0 1.95207e-13 0
0.997055 0.00294466 0
0.336541 0.663459 0
1.0 3.32481e-09 0
1.0 3.08412e-07 0
0.990803 0.00919704 0
1.0 2.72567e-08 0
0.45458 0.54542 0
0.999977 2.30605e-05 0
0.998736 0.00126353 0
0.999996 4.32005e-06 0
0.999944 5.63531e-05 0
0.992453 0.00754657 0
0.999991 8.80822e-06 0
1.0 1.11102e-10 0
1.0 2.18891e-11 0
0.0222321 0.977768 0
0.999973 2.6754e-05 0
1.0 8.63576e-08 0
0.999765 0.000234762 0
0.99999 9.77863e-06 0
1.0 3.16387e-09 0
0.999651 0.000348644 0
0.967927 0.0320726 0
1.0 6.67965e-09 0
0.311152 0.688848 0
1.0 2.04825e-13 0
0.99156 0.0084399 0
0.999941 5.8757e-05 0
0.986023 0.0139772 0
1.0 2.30133e-14 0
0.999993 6.89261e-06 0
0.997757 0.0022431 0
1.0 1.91845e-09 0
0.974474 0.0255261 0
0.992408 0.00759178 0
1.0 1.22648e-08 0
0.999532 0.000467939 0
1.0 5.92342e-08 0
1.0 9.45411e-10 0
0.87195 0.12805 0
1.0 4.07281e-10 0
0.999649 0.000350647 0
0.999934 6.64391e-05 0
0.508271 0.491729 0
0.999998 1.71022e-06 0
1.0 1.45522e-12 0
1.0 1.39977e-11 0
0.99994 6.01821e-05 0
0.999999 7.60254e-07 0
0.999982 1.84548e-05 0
1.0 8.61091e-08 0
0.405181 0.594819 0
0.999983 1.69185e-05 0
0.994137 0.00586262 0
1.0 7.53945e-08 0
1.0 2.87689e-12 0
1.0 1.02778e-08 0
0.999992 8.13259e-06 0
0.60371 0.39629 0
0.00026719 0.999733 0
1.0 1.58327e-09 0
0.936475 0.0635247 0
0.306623 0.693377 0
0.999991 9.26349e-06 0
1.0 6.51012e-10 0
0.999988 1.17111e-05 0
1.0 2.82548e-07 0
0.999927 7.30569e-05 0
1.0 7.38848e-11 0
0.999953 4.73652e-05 0
1.0 2.0372e-07 0
1.0 2.77798e-08 0
1.0 1.69267e-13 0
1.0 4.86133e-11 0
0.999895 0.0001049 0
0.761364 0.238636 0
0.999999 6.43165e-07 0
1.0 1.46301e-07 0
1.0 1.24665e-10 0
0.999998 2.15531e-06 0
0.999925 7.50881e-05 0
1.0 9.71216e-14 0
0.807726 0.192274 0
0.991695 0.00830488 0
0.967929 0.0320714 0
0.999396 0.000604366 0
1.0 1.33513e-07 0
0.891405 0.108595 0
0.999998 2.22078e-06 0
0.999988 1.16635e-05 0
0.999999 9.6016e-07 0
1.0 3.23967e-10 0
1.0 5.50808e-11 0
0.999931 6.86419e-05 0
1.0 8.69528e-08 0
0.999999 6.33314e-07 0
1.0 6.12838e-08 0
1.0 3.5478e-10 0
1.0 1.06536e-10 0
0.999985 1.53732e-05 0
0.999999 1.19465e-06 0
0.999879 0.000121165 0
0.999314 0.00068607 0
1.0 6.63073e-18 0
0.154547 0.845453 0
0.999931 6.89834e-05 0
0.999988 1.1966e-05 0
1.0 3.3389e-07 0
0.999997 3.10492e-06 0
0.571841 0.428159 0
0.845844 0.154156 0
0.979721 0.0202791 0
0.903525 0.0964749 0
1.0 1.48793e-10 0
0.993126 0.00687384 0
0.999944 5.5957e-05 0
1.0 1.76187e-11 0
0.80599 0.19401 0
0.999783 0.000216499 0
0.949225 0.0507754 0
0.000389056 0.999611 0
1.0 5.48647e-08 0
1.0 2.1652e-07 0
0.999998 1.55753e-06 0
0.999936 6.37723e-05 0
0.354209 0.645791 0
1.0 9.35115e-09 0
1.0 5.47729e-09 0
0.999989 1.13899e-05 0
0.860759 0.139241 0
0.999984 1.63555e-05 0
0.998224 0.00177641 0
1.0 7.5455e-08 0
1.0 1.65299e-09 0
0.984647 0.0153535 0
0.550607 0.449393 0
1.0 2.84625e-08 0
0.690326 0.309674 0
0.996412 0.0035882 0
0.999988 1.18845e-05 0
1.0 1.3221e-10 0
1.0 2.12793e-07 0
0.999939 6.11778e-05 0
1.0 2.58778e-11 0
1.0 1.9301e-10 0
1.0 2.76807e-10 0
0.999999 1.1465e-06 0
1.0 4.73827e-07 0
1.0 9.22386e-13 0
0.999723 0.000276675 0
1.0 4.47887e-09 0
1.0 1.09348e-16 0
1.0 1.89778e-10 0
0.999998 1.55421e-06 0
1.0 1.16345e-08 0
0.970509 0.0294913 0
1.0 2.25711e-08 0
1.0 2.11585e-09 0
0.979141 0.020859 0
0.999991 8.54886e-06 0
1.0 4.4794e-10 0
0.993886 0.00611371 0
0.999953 4.74205e-05 0
0.999966 3.3711e-05 0
1.0 1.10089e-09 0
1.0 2.61533e-12 0
0.993976 0.00602348 0
0.999998 1.6467e-06 0
0.981945 0.0180545 0
1.0 1.5218e-08 0
1.0 1.13642e-09 0
1.0 5.0042e-07 0
1.0 1.25627e-08 0
0.98343 0.0165701 0
0.999919 8.09584e-05 0
0.950941 0.049059 0
1.0 2.94698e-12 0
1.0 1.84894e-09 0
1.0 4.22635e-12 0
0.811876 0.188124 0
1.0 1.26719e-07 0
0.963791 0.0362093 0
1.0 2.1526e-14 0
0.999027 0.000973151 0
1.0 1.94746e-13 0
0.999995 5.12892e-06 0
1.0 4.66521e-10 0
0.138766 0.861234 0
0.998346 0.00165373 0
1.0 6.61671e-13 0
0.967294 0.0327065 0
1.0 2.14926e-09 0
0.999985 1.53104e-05 0
0.999997 3.43338e-06 0
1.0 2.16771e-14 0
0.998516 0.00148345 0
0.999988 1.20736e-05 0
1.0 1.10052e-12 0
1.0 3.08057e-10 0
0.759139 0.240861 0
0.99999 9.50165e-06 0
0.975011 0.0249892 0
0.997368 0.00263159 0
0.0612898 0.93871 0
0.999999 7.31173e-07 0
0.980526 0.0194744 0
0.000164334 0.999836 0
0.982885 0.0171153 0
0.999993 6.72065e-06 0
0.984873 0.0151266 0
0.507072 0.492928 0
0.990109 0.00989128 0
0.99977 0.000230207 0
1.0 1.4257e-12 0
0.999975 2.51415e-05 0
1.0 1.11339e-10 0
1.0 3.07789e-10 0
9.78297e-05 0.999902 0
0.021418 0.978582 0
0.617811 0.382189 0
0.999763 0.000236919 0
0.999999 1.25675e-06 0
0.999995 4.6492e-06 0
1.0 1.99676e-08 0
1.0 5.37935e-12 0
0.911453 0.0885472 0
1.0 3.87711e-07 0
0.99147 0.00853007 0
0.0766005 0.9234 0
1.0 1.48188e-07 0
0.99992 8.04875e-05 0
0.991291 0.00870864 0
0.999998 2.2637e-06 0
0.561889 0.438111 0
1.0 1.62599e-08 0
0.999062 0.000937854 0
0.000145989 0.999854 1
0.894133 0.105867 1
0.952288 0.0477119 1
5.84863e-05 0.999941 1
0.0419849 0.958015 1
0.120035 0.879965 1
0.821905 0.178095 1
1.22426e-07 1.0 1
0.401715 0.598285 1
2.1266e-05 0.999979 1
0.231977 0.768023 1
0.850393 0.149607 1
0.0211204 0.97888 1
0.715646 0.284354 1
0.000677155 0.999323 1
0.000673161 0.999327 1
0.0249117 0.975088 1
8.58184e-07 0.999999 1
0.999671 0.000329003 1
0.851224 0.148776 1
0.0294692 0.970531 1
0.0025527 0.997447 1
5.38045e-06 0.999995 1
0.165598 0.834402 1
9.40452e-06 0.999991 1
0.37568 0.62432 1
0.0395458 0.960454 1
1.92151e-05 0.999981 1
0.0366335 0.963366 1
4.87158e-05 0.999951 1
0.000192765 0.999807 1
0.557955 0.442045 1
0.910666 0.0893345 1
4.32239e-06 0.999996 1
0.215487 0.784513 1
0.207205 0.792795 1
0.00181908 0.998181 1
0.000466867 0.999533 1
2.52055e-06 0.999997 1
1.34787e-05 0.999987 1
1.91596e-06 0.999998 1
0.00152848 0.998472 1
0.273747 0.726253 1
0.640671 0.359328 1
0.00307839 0.996922 1
0.124 0.876 1
6.49153e-05 0.999935 1
0.223967 0.776033 1
0.199149 0.800851 1
0.999994 5.85863e-06 1
9.73485e-07 0.999999 1
0.0108074 0.989193 1
0.473461 0.52654 1
7.25587e-08 1.0 1
0.07488 0.92512 1
0.0466411 0.953359 1
4.11761e-05 0.999959 1
5.64795e-05 0.999943 1
0.539639 0.460361 1
0.000394 0.999606 1
0.0872685 0.912732 1
0.993385 0.00661492 1
1.42112e-06 0.999999 1
0.00137871 0.998621 1
0.000726878 0.999273 1
0.349316 0.650684 1
0.000134088 0.999866 1
0.0457117 0.954288 1
0.912542 0.0874578 1
0.000240219 0.99976 1
5.5331e-06 0.999995 1
0.241132 0.758868 1
0.25019 0.74981 1
0.000493822 0.999506 1
0.899395 0.100605 1
0.013514 0.986486 1
0.000102514 0.999897 1
0.164628 0.835372 1
1.76202e-07 1.0 1
0.0720732 0.927927 1
0.000531563 0.999469 1
0.000606713 0.999393 1
0.999136 0.000864128 1
7.88882e-08 1.0 1
0.753118 0.246882 1
0.0399075 0.960093 1
1.62758e-06 0.999998 1
0.000997374 0.999003 1
0.0537076 0.946292 1
0.00102079 0.998979 1
0.00515884 0.994841 1
3.93638e-06 0.999996 1
0.992632 0.00736787 1
0.00129169 0.998708 1
5.70909e-05 0.999943 1
0.141713 0.858287 1
3.27887e-05 0.999967 1
0.998407 0.00159335 1
0.0210304 0.97897 1
0.0164439 0.983556 1
2.91603e-09 1.0 1
0.00120442 0.998796 1
0.724114 0.275886 1
0.000862424 0.999138 1
6.92492e-05 0.999931 1
0.965389 0.0346107 1
0.00182481 0.998175 1
0.00322632 0.996774 1
0.00320539 0.996795 1
0.000241077 0.999759 1
6.56131e-05 0.999934 1
0.261942 0.738058 1
0.298551 0.701449 1
0.000193134 0.999807 1
0.880959 0.119041 1
9.12644e-05 0.999909 1
0.000189786 0.99981 1
5.66374e-06 0.999994 1
0.000153908 0.999846 1
0.000411429 0.999589 1
0.999026 0.000973823 1
0.943897 0.0561026 1
0.00493914 0.995061 1
0.993341 0.00665868 1
4.0699e-06 0.999996 1
0.844088 0.155912 1
0.999373 0.00062651 1
7.90874e-05 0.999921 1
1.5464e-07 1.0 1
0.0727263 0.927274 1
0.000580402 0.99942 1
0.000999109 0.999001 1
0.00527786 0.994722 1
1.70747e-05 0.999983 1
0.303279 0.696721 1
0.00028741 0.999713 1
0.000174377 0.999826 1
1.69041e-06 0.999998 1
0.000118837 0.999881 1
1.14324e-05 0.999989 1
8.53087e-08 1.0 1
0.973732 0.0262677 1
0.488477 0.511523 1
0.970357 0.0296426 1
0.0755526 0.924447 1
0.0124573 0.987543 1
0.0262535 0.973746 1
6.77331e-09 1.0 1
1.25388e-05 0.999987 1
0.0402431 0.959757 1
7.07052e-05 0.999929 1
5.02447e-07 1.0 1
0.0740812 0.925919 1
0.00103652 0.998963 1
1.0 3.47837e-07 1
0.000637865 0.999362 1
0.00212287 0.997877 1
0.000463858 0.999536 1
0.831365 0.168635 1
0.000232888 0.999767 1
0.112524 0.887476 1
0.0116793 0.988321 1
1.894e-07 1.0 1
3.04114e-06 0.999997 1
0.0060729 0.993927 1
0.0597265 0.940273 1
0.997703 0.00229728 1
0.999999 6.47796e-07 1
0.00385601 0.996144 1
0.0600841 0.939916 1
9.98165e-07 0.999999 1
0.000303298 0.999697 1
0.999635 0.000364688 1
0.00118781 0.998812 1
0.207502 0.792498 1
0.0137 0.9863 1
0.237308 0.762692 1
0.998505 0.0014952 1
8.87314e-08 1.0 1
0.0374167 0.962583 1
0.000138401 0.999862 1
0.160021 0.839979 1
0.00741848 0.992581 1
3.91867e-07 1.0 1
0.955381 0.0446187 1
0.304438 0.695562 1
0.994184 0.00581624 1
0.978074 0.0219265 1
0.0487051 0.951295 1
0.874218 0.125782 1
4.32018e-06 0.999996 1
0.824872 0.175128 1
0.626844 0.373156 1
0.419618 0.580382 1
0.978682 0.0213178 1
0.999946 5.36798e-05 1
0.762591 0.237409 1
0.0226615 0.977338 1
3.04944e-05 0.999969 1
0.671725 0.328275 1
0.000690688 0.999309 1
0.0642308 0.935769 1
2.65484e-07 1.0 1
0.182296 0.817704 1
0.997501 0.0024989 1
0.0596074 0.940393 1
3.04595e-08 1.0 1
0.0700791 0.929921 1
0.000315935 0.999684 1
2.33917e-05 0.999977 1
3.63031e-05 0.999964 1
4.97414e-06 0.999995 1
0.170826 0.829174 1
7.32087e-09 1.0 1
0.74433 0.25567 1
4.8607e-05 0.999951 1
0.998102 0.00189754 1
0.000244757 0.999755 1
0.000105819 0.999894 1
4.38378e-07 1.0 1
0.0499899 0.95001 1
0.000289448 0.999711 1
1.47934e-06 0.999999 1
0.00194764 0.998052 1
2.14909e-06 0.999998 1
0.00227322 0.997727 1
0.000129537 0.99987 1
0.984631 0.0153691 1
0.051613 0.948387 1
0.965243 0.0347568 1
0.28346 0.71654 1
0.047668 0.952332 1
0.00194055 0.998059 1
0.000538108 0.999462 1
0.000837987 0.999162 1
0.00216978 0.99783 1
0.787924 0.212076 1
0.367076 0.632924 1
0.0478955 0.952105 1
4.45161e-06 0.999996 1
0.000444229 0.999556 1
0.999995 5.3731e-06 1
0.200071 0.799929 1
0.000461858 0.999538 1
0.82111 0.17889 1
8.77194e-13 1.0 1
0.906448 0.0935515 1
1.00707e-07 1.0 1
0.00310571 0.996894 1
2.11529e-07 1.0 1
6.61394e-05 0.999934 1
1.46489e-05 0.999985 1
0.83089 0.16911 1
0.00199673 0.998003 1
0.999782 0.000218047 1
0.102078 0.897922 1
4.87597e-05 0.999951 1
0.000371229 0.999629 1
5.37078e-06 0.999995 1
1.0 3.82062e-08 1
0.00023787 0.999762 1
0.463812 0.536188 1
0.306365 0.693635 1
0.00493715 0.995063 1
0.00100286 0.998997 1
0.000287213 0.999713 1
4.66279e-06 0.999995 1
2.26226e-08 1.0 1
0.106064 0.893936 1
8.35259e-07 0.999999 1
0.038544 0.961456 1
0.999602 0.000398355 1
0.999889 0.000110499 1
0.0654708 0.934529 1
0.000472936 0.999527 1
4.57807e-06 0.999995 1
6.36742e-07 0.999999 1
0.00551248 0.994488 1
7.73914e-07 0.999999 1
2.95751e-08 1.0 1
0.000121761 0.999878 1
3.45893e-05 0.999965 1
1.0 1.5145e-10 1
0.0183188 0.981681 1
0.250838 0.749162 1
1.45347e-06 0.999999 1
2.12787e-05 0.999979 1
0.214038 0.785962 1
4.36833e-07 1.0 1
0.264499 0.735501 1
0.000980402 0.99902 1
4.85939e-08 1.0 1
0.193457 0.806543 1
4.82667e-07 1.0 1
0.0334621 0.966538 1
0.00323261 0.996767 1
5.94038e-09 1.0 1
0.0646805 0.935319 1
0.0672107 0.932789 1
0.980046 0.0199544 1
5.12629e-06 0.999995 1
0.648137 0.351863 1
0.000138961 0.999861 1
4.18198e-05 0.999958 1
0.431525 0.568475 1
2.69117e-05 0.999973 1
0.474709 0.525291 1
0.00275788 0.997242 1
0.0250472 0.974953 1
0.000357279 0.999643 1
9.37851e-06 0.999991 1
0.997666 0.00233449 1
0.0110515 0.988949 1
1.22338e-05 0.999988 1
0.674702 0.325298 1
0.114299 0.885701 1
0.674889 0.325111 1
0.000238067 0.999762 1
0.999756 0.000243843 1
0.00179765 0.998202 1
0.989326 0.0106737 1
6.27441e-05 0.999937 1
0.000920817 0.999079 1
8.5053e-05 0.999915 1
0.0228954 0.977105 1
0.00450571 0.995494 1
0.0441064 0.955894 1
0.000104742 0.999895 1
7.60571e-08 1.0 1
4.3389e-06 0.999996 1
0.00125698 0.998743 1
4.90459e-07 1.0 1
7.51551e-05 0.999925 1
0.947682 0.0523177 1
0.991237 0.00876315 1
0.434463 0.565537 1
0.0663773 0.933623 1
0.977698 0.0223025 1
1.05834e-05 0.999989 1
0.971852 0.0281475 1
0.157426 0.842574 1
1.82152e-06 0.999998 1
0.382781 0.617219 1
0.315922 0.684078 1
0.270901 0.729099 1
0.0320571 0.967943 1
0.000132255 0.999868 1
0.00682748 0.993172 1
3.48972e-05 0.999965 1
0.01225 0.98775 1
0.00104618 0.998954 1
0.0686449 0.931355 1
0.729211 0.270789 1
0.975091 0.0249092 1
0.859198 0.140802 1
1.36038e-05 0.999986 1
0.0001184 0.999882 1
0.99588 0.00412025 1
1.95706e-07 1.0 1
8.15705e-05 0.999918 1
0.999987 1.25028e-05 1
0.00108649 0.998914 1
0.996292 0.00370762 1
0.000115842 0.999884 1
5.72672e-05 0.999943 1
0.591371 0.408629 1
0.263583 0.736417 1
0.999988 1.20297e-05 1
0.888886 0.111114 1
0.0109657 0.989034 1
0.987338 0.0126616 1
2.72645e-07 1.0 1
0.977868 0.0221316 1
0.998654 0.00134631 1
0.000455693 0.999544 1
1.0 1.36121e-07 1
0.360406 0.639594 1
0.999569 0.000431073 1
0.63473 0.36527 1
1.2884e-05 0.999987 1
0.0824748 0.917525 1
1.11477e-05 0.999989 1
2.57164e-06 0.999997 1
0.0192219 0.980778 1
6.51627e-05 0.999935 1
0.00111206 0.998888 1
0.0448374 0.955163 1
0.999977 2.3316e-05 1
0.975727 0.0242728 1
1.04765e-07 1.0 1
0.318469 0.681531 1
1.0 9.12589e-10 1
0.00775147 0.992249 1
5.64513e-08 1.0 1
0.0308046 0.969195 1
0.963218 0.0367817 1
1.43431e-08 1.0 1
0.000895803 0.999104 1
0.891113 0.108887 1
0.62066 0.37934 1
0.035121 0.964879 1
1.64519e-05 0.999984 1
0.000101523 0.999898 1
0.000505258 0.999495 1
0.0149239 0.985076 1
0.999647 0.000352765 1
3.81586e-05 0.999962 1
0.99642 0.00358032 1
0.000353507 0.999647 1
0.859382 0.140618 1
0.395865 0.604135 1
0.79583 0.20417 1
0.999666 0.000333696 1
0.00733302 0.992667 1
0.264466 0.735534 1
0.99966 0.000340248 1
0.000234652 0.999765 1
6.5317e-06 0.999993 1
0.000470264 0.99953 1
2.28208e-05 0.999977 1
0.00192818 0.998072 1
0.00327069 0.996729 1
0.999772 0.000227532 1
1.34752e-05 0.999987 1
0.00141439 0.998586 1
4.96347e-07 1.0 1
0.000672405 0.999328 1
0.00130052 0.998699 1
0.0124675 0.987533 1
0.778026 0.221974 1
9.86401e-07 0.999999 1
3.44931e-07 1.0 1
0.806038 0.193962 1
3.29559e-05 0.999967 1
2.65257e-06 0.999997 1
0.9544 0.0455996 1
0.451713 0.548287 1
0.210862 0.789138 1
5.743e-07 0.999999 1
4.11418e-06 0.999996 1
0.588205 0.411795 1
5.06314e-06 0.999995 1
0.00134657 0.998653 1
0.346565 0.653435 1
0.393377 0.606623 1
0.999925 7.45359e-05 1
0.00291529 0.997085 1
0.996238 0.00376241 1
6.59894e-09 1.0 1
1.01422e-06 0.999999 1
0.000404878 0.999595 1
0.979541 0.0204587 1
0.00182724 0.998173 1
1.79461e-06 0.999998 1
0.0193487 0.980651 1
0.0030492 0.996951 1
0.00104308 0.998957 1
0.997871 0.00212941 1
0.143784 0.856216 1
5.98469e-05 0.99994 1
0.00328919 0.996711 1
0.00183167 0.998168 1
2.41902e-05 0.999976 1
0.67587 0.32413 1
0.843215 0.156785 1
0.000300174 0.9997 1
0.00620905 0.993791 1
1.38797e-05 0.999986 1
0.810581 0.189419 1
5.1046e-08 1.0 1
0.00253329 0.997467 1
0.141856 0.858144 1
0.000823868 0.999176 1
0.00514489 0.994855 1
3.49935e-05 0.999965 1
0.197342 0.802658 1
2.89885e-06 0.999997 1
0.000508094 0.999492 1
8.56407e-05 0.999914 1
0.00829567 0.991704 1
2.26454e-05 0.999977 1
0.550076 0.449924 1
0.0739699 0.92603 1
0.999912 8.81623e-05 1
0.804977 0.195023 1
4.79305e-07 1.0 1
0.000361068 0.999639 1
0.000245913 0.999754 1
0.337147 0.662853 1
0.051122 0.948878 1
2.10121e-09 1.0 1
9.78755e-10 1.0 1
0.523078 0.476922 1
0.863929 0.136071 1
0.000296405 0.999704 1
0.00389581 0.996104 1
0.999859 0.000140947 1
1.0 3.19615e-10 1
0.93227 0.0677296 1
0.0113731 0.988627 1
0.000340261 0.99966 1
0.000424633 0.999575 1
6.06885e-05 0.999939 1
1.37258e-05 0.999986 1
5.25471e-05 0.999947 1
0.88208 0.117921 1
0.00880437 0.991196 1
0.0561066 0.943893 1
4.02075e-06 0.999996 1
9.1822e-06 0.999991 1
0.957781 0.0422188 1
0.00586371 0.994136 1
0.00460087 0.995399 1
0.00108656 0.998913 1
0.0187509 0.981249 1
0.723013 0.276987 1
1.20977e-05 0.999988 1
8.91428e-07 0.999999 1
3.3435e-06 0.999997 1
0.63275 0.36725 1
0.135796 0.864203 1
0.991055 0.0089448 1
0.999646 0.000354285 1
0.000916739 0.999083 1
7.10904e-06 0.999993 1
0.00218248 0.997818 1
0.182659 0.817341 1
0.113263 0.886737 1
1.46153e-06 0.999999 1
0.950425 0.0495747 1
0.979923 0.0200766 1
2.02289e-05 0.99998 1
0.00039898 0.999601 1
0.20361 0.79639 1
5.62665e-05 0.999944 1
0.523136 0.476864 1
0.999807 0.000192567 1
2.5316e-06 0.999997 1
0.0360115 0.963988 1
0.00230772 0.997692 1
0.000881936 0.999118 1
0.981826 0.0181743 1
0.967981 0.0320192 1
0.000235061 0.999765 1
0.00633952 0.993661 1
0.000888319 0.999112 1
0.658307 0.341693 1
0.312091 0.687909 1
3.57477e-05 0.999964 1
0.870159 0.129841 1
3.34638e-07 1.0 1
0.265983 0.734017 1
9.73616e-05 0.999903 1
0.00112462 0.998875 1
6.22266e-07 0.999999 1
0.0564365 0.943564 1
0.00117599 0.998824 1
0.00056365 0.999436 1
5.81265e-08 1.0 1
0.0334615 0.966538 1
5.10558e-07 1.0 1
0.0406272 0.959373 1
0.00239727 0.997603 1
1.73468e-06 0.999998 1
0.017399 0.982601 1
0.00283553 0.997164 1
0.000119043 0.999881 1
1.59816e-06 0.999998 1
0.00182797 0.998172 1
0.0277118 0.972288 1
0.941989 0.0580114 1
0.999361 0.000639456 1
0.00158067 0.998419 1
0.000657149 0.999343 1
0.00268355 0.997316 1
0.0127848 0.987215 1
0.00665819 0.993342 1
1.68908e-06 0.999998 1
7.08898e-06 0.999993 1
0.164417 0.835583 1
1.81715e-05 0.999982 1
0.000130986 0.999869 1
0.497844 0.502156 1
0.061352 0.938648 1
1.13696e-05 0.999989 1
0.00139103 0.998609 1
0.99841 0.00159032 1
0.0121606 0.987839 1
0.000111284 0.999889 1
7.15088e-06 0.999993 1
0.000257454 0.999743 1
0.017715 0.982285 1
0.0156188 0.984381 1
0.996239 0.00376137 1
0.966398 0.0336023 1
0.00270228 0.997298 1
0.99521 0.00479014 1
0.000321191 0.999679 1
2.88026e-06 0.999997 1
0.0584178 0.941582 1
0.00468114 0.995319 1
0.0905662 0.909434 1
0.00200975 0.99799 1
0.258863 0.741137 1
0.999922 7.83661e-05 1
0.00283221 0.997168 1
2.27561e-05 0.999977 1
0.0360673 0.963933 1
0.224509 0.775491 1
0.123186 0.876814 1
3.2217e-07 1.0 1
0.000675038 0.999325 1
1.18194e-05 0.999988 1
0.000187185 0.999813 1
0.161928 0.838072 1
2.90318e-06 0.999997 1
1.60901e-05 0.999984 1
0.406797 0.593203 1
0.00132829 0.998672 1
0.156034 0.843966 1
0.941563 0.0584369 1
0.993169 0.00683117 1
0.0181328 0.981867 1
0.998424 0.00157567 1
0.00439738 0.995603 1
0.000155671 0.999844 1
6.42495e-08 1.0 1
0.999435 0.000565233 1
0.214905 0.785095 1
0.0104358 0.989564 1
2.92958e-05 0.999971 1
0.761914 0.238086 1
0.655644 0.344355 1
0.0750389 0.924961 1
8.60895e-05 0.999914 1
0.00073821 0.999262 1
4.7635e-08 1.0 1
0.000425234 0.999575 1
0.315079 0.684921 1
8.66123e-05 0.999913 1
0.346596 0.653404 1
4.95093e-08 1.0 1
0.205588 0.794412 1
0.993254 0.00674579 1
9.62581e-05 0.999904 1
3.86964e-08 1.0 1
0.0721571 0.927843 1
4.45346e-06 0.999996 1
2.51155e-06 0.999997 1
0.999113 0.000886551 1
0.00311709 0.996883 1
6.42157e-06 0.999994 1
0.0318364 0.968164 1
8.85269e-08 1.0 1
1.40112e-05 0.999986 1
0.0913576 0.908642 1
0.00137152 0.998628 1
0.0021577 0.997842 1
0.262879 0.737121 1
0.00778346 0.992216 1
0.000104846 0.999895 1
0.735814 0.264186 1
0.000172896 0.999827 1
0.994287 0.00571334 1
2.55766e-06 0.999997 1
6.55832e-05 0.999934 1
0.000717015 0.999283 1
0.000264289 0.999736 1
0.018648 0.981352 1
0.00750161 0.992498 1
0.00373114 0.996269 1
1.94141e-07 1.0 1
2.4874e-08 1.0 1
0.0209789 0.979021 1
0.178047 0.821953 1
0.000573305 0.999427 1
0.000647382 0.999353 1
0.000135992 0.999864 1
0.175242 0.824758 1
0.042561 0.957439 1
2.1912e-06 0.999998 1
0.941972 0.0580284 1
0.59392 0.40608 1
0.0125259 0.987474 1
1.0443e-05 0.99999 1
0.280604 0.719396 1
0.00798214 0.992018 1
0.00659005 0.99341 1
0.999999 1.45389e-06 1
0.139563 0.860437 1
0.000176816 0.999823 1
5.79054e-08 1.0 1
0.0608876 0.939112 1
0.000927091 0.999073 1
0.00393753 0.996062 1
0.00202106 0.997979 1
0.0458335 0.954166 1
4.5519e-06 0.999995 1
1.0 1.1023e-07 1
1.38585e-05 0.999986 1
0.000417107 0.999583 1
4.30474e-07 1.0 1
0.382566 0.617434 1
0.00399878 0.996001 1
1.09435e-05 0.999989 1
1.1614e-07 1.0 1
2.28632e-05 0.999977 1
0.508923 0.491077 1
0.971439 0.0285611 1
0.316737 0.683263 1
0.0784397 0.92156 1
0.0185752 0.981425 1
0.00901426 0.990986 1
9.54417e-06 0.99999 1
0.00534846 0.994652 1
0.268509 0.731491 1
0.523547 0.476453 1
0.0659342 0.934066 1
0.00888934 0.991111 1
3.33988e-05 0.999967 1
1.1774e-05 0.999988 1
0.984325 0.0156752 1
0.828337 0.171663 1
4.37937e-06 0.999996 1
0.00777535 0.992225 1
0.0107646 0.989235 1
4.09107e-14 1.0 1
4.26508e-05 0.999957 1
0.000196586 0.999803 1
0.00967374 0.990326 1
0.0220242 0.977976 1
5.79589e-06 0.999994 1
0.00295011 0.99705 1
0.0126854 0.987315 1
0.0157871 0.984213 1
0.448148 0.551852 1
0.0150555 0.984945 1
0.0125546 0.987445 1
0.000147053 0.999853 1
1.85002e-06 0.999998 1
0.999848 0.00015166 1
1.61471e-07 1.0 1
0.000121384 0.999879 1
0.999532 0.000468473 1
6.33317e-05 0.999937 1
0.205739 0.794261 1
0.000129707 0.99987 1
0.874777 0.125223 1
0.000344414 0.999656 1
0.898263 0.101737 1
0.0908682 0.909132 1
0.0620022 0.937998 1
4.59341e-05 0.999954 1
0.000678465 0.999322 1
0.987916 0.0120845 1
3.17759e-05 0.999968 1
0.0809897 0.91901 1
1.0 1.35179e-14 1
0.646539 0.353461 1
1.38486e-05 0.999986 1
0.967386 0.0326138 1
0.0300684 0.969932 1
0.811907 0.188093 1
0.477574 0.522426 1
0.996293 0.00370661 1
4.77089e-07 1.0 1
0.000524115 0.999476 1
0.00254968 0.99745 1
0.000127349 0.999873 1
0.663983 0.336017 1
3.60648e-05 0.999964 1
5.6556e-05 0.999943 1
0.0106158 0.989384 1
0.0486849 0.951315 1
0.127984 0.872016 1
0.92223 0.0777698 1
0.00132001 0.99868 1
1.36763e-06 0.999999 1
6.70237e-08 1.0 1
0.000851121 0.999149 1
0.00709494 0.992905 1
0.963678 0.0363221 1
1.44649e-06 0.999999 1
0.000141099 0.999859 1
0.000729822 0.99927 1
0.00301385 0.996986 1
0.00307877 0.996921 1
0.512688 0.487312 1
0.430883 0.569117 1
0.000103084 0.999897 1
8.43983e-06 0.999992 1
0.815809 0.184191 1
0.0934119 0.906588 1
0.00202874 0.997971 1
0.155485 0.844515 1
0.779455 0.220545 1
0.0746994 0.925301 1
0.999895 0.000105149 1
0.00701601 0.992984 1
0.0344727 0.965527 1
0.999999 6.91004e-07 1
0.0004111 0.999589 1
0.118503 0.881497 1
0.725526 0.274474 1
3.25359e-07 1.0 1
0.30394 0.69606 1
1.46602e-05 0.999985 1
8.25962e-07 0.999999 1
0.93233 0.0676701 1
0.000607725 0.999392 1
4.4715e-07 1.0 1
0.780191 0.219809 1
0.00624199 0.993758 1
0.00054856 0.999451 1
0.00144707 0.998553 1
0.970481 0.0295193 1
0.64298 0.35702 1
0.00107524 0.998925 1
0.72602 0.27398 1
3.14641e-06 0.999997 1
5.24883e-06 0.999995 1
0.00427717 0.995723 1
0.455195 0.544805 1
8.66595e-05 0.999913 1
0.556723 0.443277 1
1.0 5.1887e-11 1
0.608482 0.391518 1
0.929966 0.070034 1
0.0313393 0.968661 1
0.00022665 0.999773 1
0.866668 0.133332 1
0.0294605 0.97054 1
0.00540363 0.994596 1
0.00980871 0.990191 1
0.250144 0.749856 1
0.0154554 0.984545 1
1.06421e-08 1.0 1
0.000316227 0.999684 1
0.000853966 0.999146 1
0.00217506 0.997825 1
0.00117887 0.998821 1
3.17525e-06 0.999997 1
0.993922 0.0060782 1
6.38077e-05 0.999936 1
0.139207 0.860793 1
0.999358 0.000642036 1
1.0 3.06548e-09 1
0.00209326 0.997907 1
0.00438029 0.99562 1
0.00481109 0.995189 1
0.985299 0.0147014 1
0.0503041 0.949696 1
5.81571e-05 0.999942 1
0.965119 0.0348813 1
0.461552 0.538448 1
0.0467146 0.953285 1
4.29107e-08 1.0 1
4.3718e-08 1.0 1
1.73051e-06 0.999998 1
9.79166e-05 0.999902 1
0.0355526 0.964447 1
0.0737248 0.926275 1
0.746601 0.253399 1
0.00016281 0.999837 1
0.000861884 0.999138 1
0.897476 0.102524 1
0.0686914 0.931309 1
0.00145003 0.99855 1
0.002379 0.997621 1
7.74399e-05 0.999923 1
3.82213e-08 1.0 1
0.012604 0.987396 1
1.28843e-06 0.999999 1
0.0133088 0.986691 1
0.987243 0.0127571 1
3.18882e-06 0.999997 1
0.719446 0.280554 1
4.51659e-05 0.999955 1
0.0422545 0.957745 1
0.123191 0.876809 1
0.000527519 0.999473 1
0.0231156 0.976884 1
1.11639e-06 0.999999 1
3.51281e-06 0.999997 1
0.317906 0.682094 1
0.139253 0.860747 1
5.08103e-06 0.999995 1
0.186319 0.813681 1
0.731994 0.268006 1
6.27687e-05 0.999937 1
2.42605e-05 0.999976 1
0.98619 0.0138104 1
0.00069782 0.999302 1
0.0021206 0.997879 1
0.000576266 0.999424 1
0.743074 0.256926 1
0.978026 0.0219738 1
0.174575 0.825425 1
1.97122e-06 0.999998 1
0.190694 0.809306 1
2.54617e-05 0.999974 1
0.636831 0.363169 1
0.842399 0.157601 1
6.67196e-05 0.999933 1
0.999989 1.11115e-05 1
0.0100637 0.989936 1
0.3502 0.6498 1
0.380206 0.619794 1
3.29196e-06 0.999997 1
0.000114783 0.999885 1
1.37202e-05 0.999986 1
0.617949 0.382051 1
0.0466243 0.953376 1
1.34007e-09 1.0 1
5.72854e-06 0.999994 1
0.130929 0.869071 1
0.0173593 0.982641 1
0.0033364 0.996664 1
0.000109271 0.999891 1
0.00191297 0.998087 1
0.000192278 0.999808 1
0.0518124 0.948188 1
0.396339 0.603661 1
2.59712e-05 0.999974 1
1.0 2.51347e-07 1
0.22216 0.77784 1
0.00310285 0.996897 1
0.957865 0.0421355 1
4.65757e-05 0.999953 1
0.000116379 0.999884 1
0.000939978 0.99906 1
0.999971 2.94298e-05 1
0.49202 0.50798 1
1.79869e-05 0.999982 1
0.046103 0.953897 1
0.000188302 0.999812 1
0.00970612 0.990294 1
7.71655e-06 0.999992 1
1.68343e-14 1.0 1
1.49428e-05 0.999985 1
0.00953882 0.990461 1
4.91956e-07 1.0 1
0.00171339 0.998287 1
0.209558 0.790442 1
0.000367855 0.999632 1
0.00135656 0.998643 1
6.02978e-08 1.0 1
1.15996e-06 0.999999 1
1.0137e-06 0.999999 1
4.85846e-06 0.999995 1
0.83856 0.161441 1
0.0067714 0.993229 1
0.0119818 0.988018 1
0.000463816 0.999536 1
0.999957 4.31863e-05 1
0.979184 0.0208164 1
3.35455e-06 0.999997 1
0.953947 0.0460534 1
0.00611173 0.993888 1
0.0878507 0.912149 1
0.996262 0.00373808 1
0.016791 0.983209 1
0.0326787 0.967321 1
0.995845 0.0041551 1
1.59064e-06 0.999998 1
5.77248e-07 0.999999 1
0.0294491 0.970551 1
0.267299 0.732701 1
0.000203495 0.999797 1
6.05213e-06 0.999994 1
0.878763 0.121237 1
0.0265911 0.973409 1
0.959831 0.040169 1
0.027368 0.972632 1
0.452336 0.547664 1
0.0268361 0.973164 1
0.0894694 0.910531 1
1.0 1.67081e-07 1
0.966102 0.0338982 1
8.17371e-08 1.0 1
0.00010284 0.999897 1
0.00379933 0.996201 1
0.0055913 0.994409 1
0.000504743 0.999495 1
1.51968e-05 0.999985 1
0.00729265 0.992707 1
0.0137416 0.986258 1
1.408e-05 0.999986 1
0.638763 0.361237 1
1.32448e-06 0.999999 1
0.0130587 0.986941 1
0.996082 0.00391807 1
0.347121 0.652879 1
0.0670242 0.932976 1
1.0 2.87516e-09 1
0.00558062 0.994419 1
0.000567684 0.999432 1
0.90688 0.0931197 1
0.000499857 0.9995 1
0.995643 0.00435696 1
