0.98622 0.0137803 0
1.0 1.06867e-10 0
0.873522 0.126478 0
0.999946 5.42787e-05 0
0.820058 0.179942 0
1.0 2.4876e-09 0
0.999996 3.68724e-06 0
0.999808 0.000192511 0
0.999998 2.14311e-06 0
0.999999 1.27505e-06 0
0.999858 0.0001417 0
0.998486 0.00151394 0
0.999846 0.000153472 0
0.470001 0.529999 0
0.981019 0.0189807 0
0.974873 0.0251268 0
0.0483707 0.951629 0
0.999584 0.000416405 0
0.50595 0.49405 0
0.995628 0.00437186 0
0.642528 0.357472 0
0.265959 0.734041 0
1.0 3.12925e-07 0
0.321544 0.678456 0
0.976978 0.0230224 0
1.0 4.46696e-09 0
1.0 8.46551e-09 0
0.999886 0.000113784 0
0.998893 0.00110678 0
1.0 3.25992e-08 0
1.0 3.85447e-10 0
0.994229 0.00577059 0
1.0 3.99139e-09 0
1.0 8.54487e-09 0
0.001721 0.998279 0
0.999997 3.3753e-06 0
1.0 1.48106e-08 0
0.978976 0.0210243 0
1.0 8.11358e-09 0
0.999996 4.12609e-06 0
1.0 5.35874e-11 0
0.929647 0.0703526 0
0.99528 0.00472039 0
0.999828 0.000172326 0
0.998146 0.0018541 0
1.0 1.77559e-13 0
0.999592 0.00040757 0
0.999961 3.8568e-05 0
1.0 6.328e-11 0
0.996648 0.00335152 0
0.987718 0.0122824 0
1.0 4.59164e-09 0
0.999931 6.95166e-05 0
1.0 7.41371e-10 0
0.998504 0.00149639 0
1.0 1.33809e-09 0
1.0 4.73343e-12 0
0.925879 0.0741208 0
1.0 8.25654e-08 0
0.999927 7.28007e-05 0
0.0149695 0.985031 0
0.99888 0.00111974 0
0.531136 0.468864 0
1.0 6.26276e-08 0
0.0464195 0.953581 0
1.0 6.86039e-08 0
0.994736 0.00526349 0
0.907868 0.092132 0
0.929639 0.0703613 0
1.0 7.6028e-09 0
0.999997 3.09859e-06 0
0.999999 1.42271e-06 0
1.0 1.44944e-07 0
1.0 3.05319e-10 0
0.788289 0.211711 0
0.995639 0.00436085 0
1.0 1.00918e-11 0
0.999999 6.44938e-07 0
1.0 1.01606e-12 0
0.999993 6.71405e-06 0
0.999999 1.32529e-06 0
0.999999 8.03332e-07 0
1.0 5.16446e-12 0
0.96263 0.0373705 0
0.994394 0.00560581 0
1.0 2.44997e-08 0
0.985105 0.0148955 0
1.0 2.93078e-12 0
0.628385 0.371615 0
0.999456 0.000544417 0
0.999885 0.000114501 0
1.0 2.1567e-07 0
0.999975 2.49554e-05 0
0.999993 7.08061e-06 0
1.0 4.16831e-07 0
1.0 1.1813e-09 0
1.0 2.20802e-10 0
0.999999 6.83602e-07 0
1.0 4.09691e-07 0
1.0 6.04309e-08 0
0.998024 0.00197649 0
0.999994 6.23302e-06 0
1.0 1.08128e-08 0
0.999962 3.77501e-05 0
1.0 8.29606e-14 0
0.90947 0.0905305 0
0.961348 0.0386518 0
0.00931113 0.990689 0
1.0 1.97562e-13 0
0.999995 4.66628e-06 0
1.0 6.21751e-08 0
1.0 3.60523e-11 0
0.542859 0.457141 0
1.0 9.63128e-12 0
1.0 1.76889e-11 0
1.0 2.31323e-10 0
1.0 5.37325e-08 0
0.00567417 0.994326 0
0.877414 0.122586 0
0.393953 0.606047 0
0.993573 0.00642681 0
0.999923 7.67608e-05 0
0.999993 7.26926e-06 0
1.0 8.04291e-08 0
1.0 2.15007e-10 0
0.999997 3.12124e-06 0
0.999923 7.72784e-05 0
0.999988 1.16606e-05 0
0.230992 0.769008 0
1.0 4.19085e-08 0
0.593131 0.406869 0
0.803026 0.196974 0
0.999773 0.000226555 0
0.999693 0.000306591 0
0.999977 2.30401e-05 0
1.0 5.55282e-13 0
0.0670639 0.932936 0
1.0 8.41047e-16 0
1.0 2.16334e-09 0
0.999701 0.000298585 0
0.999266 0.000733616 0
0.999988 1.16786e-05 0
1.0 2.47708e-08 0
1.0 1.04063e-09 0
0.999294 0.000705856 0
0.999993 6.53149e-06 0
1.0 4.32904e-07 0
0.9927 0.00730044 0
0.999999 7.28492e-07 0
0.894585 0.105415 0
0.666123 0.333877 0
0.862198 0.137802 0
0.999971 2.87854e-05 0
0.995646 0.00435429 0
0.811783 0.188217 0
0.709126 0.290874 0
0.999794 0.00020588 0
7.40976e-05 0.999926 0
1.21874e-06 0.999999 0
0.99996 4.04671e-05 0
0.999979 2.11666e-05 0
0.999993 6.90402e-06 0
1.0 1.5633e-12 0
1.0 1.15254e-10 0
1.0 5.38452e-09 0
0.999691 0.000309119 0
0.99013 0.00986983 0
1.0 2.02257e-11 0
1.0 2.78116e-07 0
1.0 5.89491e-08 0
0.999546 0.000454459 0
0.987831 0.0121691 0
0.0497844 0.950216 0
0.999997 2.85619e-06 0
1.0 2.34975e-12 0
1.0 1.07935e-07 0
0.00564489 0.994355 0
0.9993 0.000699653 0
1.0 3.32977e-09 0
0.999998 2.08384e-06 0
1.0 5.44998e-10 0
0.99997 3.03594e-05 0
1.0 5.52061e-08 0
0.00302183 0.996978 0
0.130176 0.869824 0
0.576617 0.423383 0
1.0 1.08653e-08 0
0.00395317 0.996047 0
0.862079 0.137921 0
0.999539 0.000461294 0
1.0 1.7477e-10 0
0.999995 4.85596e-06 0
0.989547 0.0104535 0
0.999932 6.77014e-05 0
1.0 9.01373e-08 0
1.0 6.96455e-10 0
1.0 8.42669e-10 0
1.0 8.78039e-13 0
1.0 6.99444e-11 0
0.999997 2.714e-06 0
0.999923 7.69699e-05 0
1.0 1.05971e-07 0
0.985355 0.0146447 0
1.0 6.86286e-09 0
0.974833 0.0251669 0
1.0 4.03735e-12 0
1.0 2.28857e-10 0
1.0 1.17067e-11 0
0.99682 0.00317982 0
0.999994 5.69659e-06 0
0.792987 0.207013 0
0.128878 0.871122 0
1.0 6.84974e-09 0
1.10411e-05 0.999989 0
0.999984 1.63088e-05 0
0.997452 0.00254828 0
0.997251 0.0027487 0
0.999999 7.1977e-07 0
0.502895 0.497105 0
0.991395 0.00860484 0
1.0 7.10576e-14 0
1.0 2.88214e-10 0
1.0 1.0619e-13 0
0.925815 0.074185 0
0.993864 0.00613638 0
0.999994 5.74522e-06 0
3.89574e-06 0.999996 0
1.0 2.2369e-09 0
0.840856 0.159144 0
1.0 2.65479e-07 0
0.31527 0.68473 0
0.999967 3.28187e-05 0
1.0 2.82596e-11 0
1.0 1.89989e-12 0
0.999979 2.07232e-05 0
0.999985 1.52873e-05 0
1.0 4.03401e-19 0
0.99538 0.00462009 0
1.0 1.01029e-09 0
0.999999 7.74456e-07 0
0.151743 0.848257 0
1.0 1.24367e-10 0
0.0653746 0.934625 0
0.999999 6.62175e-07 0
0.999994 5.66246e-06 0
0.999843 0.000156729 0
0.999998 1.70198e-06 0
1.0 3.79691e-09 0
0.883128 0.116872 0
0.048003 0.951997 0
0.998682 0.00131818 0
1.0 3.13529e-12 0
0.999858 0.00014205 0
0.999972 2.77835e-05 0
0.936355 0.0636446 0
0.999855 0.000144671 0
1.0 1.17472e-09 0
0.999958 4.18977e-05 0
0.000214039 0.999786 0
0.999999 1.2808e-06 0
0.999378 0.000622377 0
0.555429 0.444571 0
1.0 2.72734e-07 0
0.937173 0.0628265 0
1.0 2.50293e-10 0
1.0 1.13384e-09 0
1.0 1.84192e-09 0
1.0 1.34021e-11 0
0.999109 0.000891322 0
1.0 4.7103e-10 0
0.999974 2.57695e-05 0
0.0188592 0.981141 0
0.999995 4.71016e-06 0
0.324823 0.675177 0
0.999997 2.99448e-06 0
1.0 4.54764e-10 0
0.999991 8.94336e-06 0
1.0 7.28249e-09 0
1.0 1.89117e-08 0
0.621715 0.378285 0
0.998875 0.00112486 0
0.999933 6.74055e-05 0
1.0 1.38325e-10 0
1.0 2.38259e-10 0
0.993601 0.00639859 0
0.96358 0.03642 0
1.0 1.6286e-11 0
1.0 2.18491e-08 0
1.0 1.36192e-09 0
0.999936 6.39989e-05 0
0.282016 0.717984 0
1.0 3.47687e-09 0
0.000177705 0.999822 0
0.883728 0.116272 0
0.815495 0.184505 0
1.0 5.10327e-12 0
1.0 2.19998e-09 0
0.999998 2.13395e-06 0
1.0 1.18396e-13 0
1.0 7.92654e-09 0
0.0775918 0.922408 0
0.999998 1.57732e-06 0
0.999772 0.000227496 0
1.0 1.22956e-12 0
1.0 8.05268e-11 0
1.0 5.69674e-09 0
0.0586362 0.941364 0
0.999999 6.54774e-07 0
1.0 1.96118e-14 0
1.0 1.64303e-10 0
1.0 1.10267e-07 0
0.62327 0.37673 0
1.0 3.97397e-08 0
1.0 2.8199e-09 0
0.988547 0.0114533 0
0.999997 2.52232e-06 0
0.990917 0.00908333 0
0.999369 0.000630522 0
0.99999 9.92421e-06 0
0.980521 0.0194791 0
0.999956 4.40756e-05 0
0.999987 1.29674e-05 0
0.995677 0.00432285 0
1.0 3.49268e-13 0
0.0175481 0.982452 0
1.0 1.84228e-07 0
0.993271 0.0067288 0
0.999937 6.30398e-05 0
1.0 1.66028e-09 0
0.995498 0.00450167 0
0.999959 4.13762e-05 0
0.996743 0.00325684 0
0.998826 0.00117404 0
1.0 1.00164e-11 0
0.999997 2.94276e-06 0
0.999998 2.40344e-06 0
0.0187857 0.981214 0
0.992575 0.00742471 0
0.186497 0.813503 0
0.998761 0.00123917 0
1.0 1.56444e-08 0
0.999978 2.18543e-05 0
1.0 7.71658e-11 0
1.0 1.28227e-15 0
0.99995 4.9534e-05 0
1.0 4.0779e-08 0
1.0 2.77526e-08 0
0.755455 0.244545 0
0.999983 1.70308e-05 0
1.0 7.14084e-09 0
0.996868 0.00313166 0
0.392105 0.607895 0
0.998359 0.00164137 0
1.0 9.61315e-08 0
1.0 1.94029e-09 0
0.999885 0.000114764 0
1.0 1.49132e-09 0
0.992875 0.00712522 0
0.999998 2.36942e-06 0
0.881226 0.118774 0
0.998669 0.00133122 0
1.0 2.01936e-09 0
0.999777 0.000222954 0
1.0 1.95102e-09 0
0.999997 2.77662e-06 0
0.000696896 0.999303 0
1.0 1.52371e-10 0
1.0 1.15613e-11 0
0.999928 7.2318e-05 0
0.999999 1.39268e-06 0
0.998461 0.00153921 0
1.0 1.68849e-11 0
1.0 1.089e-13 0
0.000361425 0.999639 0
0.999287 0.000713052 0
0.999999 5.83565e-07 0
1.0 2.33919e-08 0
1.0 1.57287e-08 0
0.999699 0.000300936 0
0.99183 0.00817025 0
0.999847 0.000153171 0
1.0 1.6342e-11 0
1.0 9.78686e-10 0
0.999991 9.00419e-06 0
1.0 2.71335e-08 0
0.999981 1.87325e-05 0
0.998254 0.00174611 0
1.0 6.12314e-08 0
7.43481e-06 0.999993 0
0.99989 0.000110018 0
3.63241e-06 0.999996 0
1.0 2.11989e-08 0
0.766809 0.233191 0
1.0 3.99621e-14 0
1.0 4.52997e-10 0
0.99985 0.000150382 0
0.999998 1.54555e-06 0
1.0 6.96247e-09 0
1.0 8.40935e-09 0
0.999364 0.000635976 0
0.945106 0.0548938 0
0.868567 0.131433 0
0.999996 3.56953e-06 0
1.0 9.88436e-10 0
1.0 5.33953e-07 0
0.999828 0.000172508 0
1.0 3.81773e-07 0
0.996184 0.00381638 0
0.936332 0.0636675 0
1.0 3.33388e-10 0
1.0 8.13517e-11 0
0.945866 0.0541342 0
0.999999 1.1453e-06 0
0.173866 0.826134 0
0.999961 3.86287e-05 0
0.422342 0.577658 0
0.772984 0.227016 0
0.927806 0.0721938 0
0.999992 8.39836e-06 0
0.996325 0.00367514 0
0.999999 7.98062e-07 0
0.999777 0.000223158 0
0.274582 0.725418 0
0.996545 0.00345461 0
0.949484 0.0505165 0
0.999583 0.000417298 0
0.989814 0.0101861 0
0.656949 0.343051 0
0.000604147 0.999396 0
1.0 9.23069e-08 0
0.89113 0.10887 0
0.998762 0.00123821 0
2.19501e-08 1.0 0
1.0 5.56152e-08 0
0.999999 1.3827e-06 0
0.992199 0.0078005 0
0.99996 3.97193e-05 0
0.991881 0.00811902 0
0.999467 0.000533435 0
0.98339 0.0166103 0
1.0 4.96384e-10 0
0.999872 0.000127609 0
0.454132 0.545868 0
0.995674 0.00432552 0
0.95526 0.0447401 0
0.613147 0.386853 0
0.999993 6.82955e-06 0
0.999969 3.11198e-05 0
1.0 5.59291e-09 0
0.999646 0.000354457 0
1.0 1.15596e-07 0
1.0 1.27196e-10 0
0.996793 0.00320674 0
0.999779 0.000220964 0
0.999971 2.92621e-05 0
1.0 1.32758e-09 0
0.999311 0.000689406 0
1.0 3.04599e-11 0
0.325697 0.674303 0
0.133844 0.866156 0
0.996486 0.00351357 0
0.999992 8.02379e-06 0
0.999916 8.35831e-05 0
0.509047 0.490953 0
1.0 5.5182e-14 0
1.0 1.53438e-13 0
0.0264493 0.973551 0
1.0 2.48346e-11 0
0.0293051 0.970695 0
1.0 6.07005e-10 0
0.999325 0.000674868 0
0.805978 0.194022 0
0.999589 0.000411288 0
0.999999 7.94384e-07 0
0.999897 0.000102818 0
0.999999 8.45324e-07 0
0.358178 0.641822 0
1.0 3.24273e-07 0
0.954404 0.0455956 0
0.23601 0.76399 0
1.0 3.83814e-07 0
0.0553154 0.944685 0
1.0 2.14944e-12 0
0.557995 0.442005 0
1.0 4.10919e-07 0
0.258722 0.741278 0
0.999984 1.62024e-05 0
0.882166 0.117834 0
0.999406 0.000593744 0
0.978043 0.0219567 0
0.980341 0.0196592 0
0.53312 0.46688 0
0.999892 0.000107582 0
0.999993 6.5062e-06 0
1.0 3.91489e-07 0
0.10752 0.89248 0
1.0 6.14844e-08 0
1.0 1.88609e-08 0
0.99984 0.000160113 0
0.0130094 0.986991 0
1.0 1.04372e-08 0
0.999992 8.0702e-06 0
0.206037 0.793963 0
1.0 5.32739e-12 0
1.0 1.60505e-07 0
0.999893 0.000107027 0
1.0 1.85134e-11 0
1.0 9.16536e-14 0
1.0 1.01296e-15 0
0.999999 6.50322e-07 0
1.0 2.62106e-07 0
0.99998 2.0196e-05 0
1.0 4.25493e-09 0
0.999964 3.57179e-05 0
1.0 4.42223e-07 0
1.0 2.18857e-07 0
0.422882 0.577118 0
0.461032 0.538968 0
1.0 3.7685e-13 0
0.0687574 0.931243 0
0.99998 1.95284e-05 0
0.895628 0.104372 0
0.99993 7.00062e-05 0
0.999999 7.76768e-07 0
0.893448 0.106552 0
1.0 2.89955e-09 0
1.0 7.58352e-09 0
0.999946 5.35749e-05 0
1.0 2.44387e-07 0
0.999966 3.37257e-05 0
1.0 4.85714e-07 0
0.966078 0.033922 0
0.436064 0.563936 0
1.0 7.75859e-09 0
1.0 7.64702e-12 0
0.00319316 0.996807 0
1.0 4.99932e-09 0
1.0 2.20821e-11 0
1.0 5.61175e-13 0
0.415882 0.584118 0
0.972268 0.0277319 0
0.81538 0.18462 0
0.999198 0.000802487 0
0.999993 6.9374e-06 0
0.970592 0.0294076 0
0.999135 0.000865205 0
0.99997 2.95333e-05 0
0.999999 1.29538e-06 0
0.0675938 0.932406 0
0.992824 0.0071764 0
1.0 5.02032e-09 0
0.999962 3.79255e-05 0
0.00215937 0.997841 0
0.328828 0.671172 0
0.608638 0.391362 0
1.0 5.47763e-10 0
1.0 2.6498e-11 0
0.999831 0.000169262 0
1.0 4.64176e-11 0
1.0 2.99413e-08 0
0.999971 2.92227e-05 0
0.635047 0.364953 0
0.939905 0.0600951 0
1.0 1.40914e-08 0
0.999986 1.43132e-05 0
1.0 3.97399e-10 0
0.000296816 0.999703 0
1.0 5.06933e-10 0
1.0 1.93955e-09 0
1.0 1.87973e-10 0
0.999782 0.000217623 0
1.0 4.6437e-10 0
0.141036 0.858964 0
0.0275246 0.972475 0
0.993486 0.00651383 0
0.974242 0.0257578 0
1.0 3.72461e-10 0
1.0 4.57585e-14 0
0.999975 2.49294e-05 0
0.999942 5.75438e-05 0
0.529572 0.470428 0
1.0 2.77792e-09 0
1.0 2.82506e-07 0
0.98679 0.0132103 0
1.0 1.9925e-08 0
0.862682 0.137318 0
0.999409 0.000590908 0
0.742886 0.257114 0
1.0 1.35218e-12 0
4.46118e-05 0.999955 0
0.986573 0.013427 0
0.999996 4.2336e-06 0
1.0 2.73976e-20 0
1.0 3.40434e-09 0
0.995764 0.0042359 0
1.0 3.97851e-08 0
1.0 1.09448e-07 0
0.360675 0.639325 0
0.336156 0.663844 0
0.999879 0.000120737 0
0.999505 0.000494582 0
0.999992 8.46799e-06 0
0.000353178 0.999647 0
0.994411 0.00558873 0
1.0 4.65231e-11 0
0.0832439 0.916756 0
1.0 2.113e-16 0
0.999934 6.5756e-05 0
1.0 1.27251e-12 0
0.999997 3.46334e-06 0
0.997855 0.00214503 0
1.0 1.75409e-11 0
0.995745 0.00425459 0
0.522437 0.477563 0
0.999997 2.73783e-06 0
0.97272 0.0272802 0
0.0267212 0.973279 0
1.0 3.28338e-07 0
0.999748 0.000252001 0
0.987438 0.0125623 0
0.999981 1.85783e-05 0
1.0 2.92133e-11 0
0.902735 0.0972648 0
0.998343 0.00165663 0
2.13588e-06 0.999998 0
0.999996 3.57462e-06 0
0.999188 0.000812025 0
1.0 9.11184e-10 0
0.0484617 0.951538 0
1.0 2.20981e-16 0
0.999863 0.000137177 0
0.244189 0.755811 0
1.0 1.1307e-13 0
0.998958 0.00104149 0
0.994003 0.00599685 0
0.929941 0.0700593 0
1.0 1.51635e-09 0
0.999805 0.000195349 0
0.0229264 0.977074 0
1.0 3.17566e-11 0
0.999986 1.44134e-05 0
0.997863 0.00213676 0
0.896532 0.103468 0
0.999998 2.26974e-06 0
1.0 5.016e-08 0
1.0 7.38136e-09 0
0.999985 1.4788e-05 0
0.177587 0.822413 0
1.0 5.02624e-08 0
0.999996 3.84737e-06 0
1.0 7.60812e-09 0
0.917725 0.0822747 0
0.999998 1.88713e-06 0
1.0 1.39921e-07 0
0.997211 0.00278857 0
0.999988 1.24072e-05 0
0.416518 0.583482 0
1.0 1.65143e-10 0
0.999991 8.60497e-06 0
0.0518133 0.948187 0
0.999978 2.2455e-05 0
1.0 2.70027e-07 0
1.0 8.93764e-11 0
1.0 5.11934e-10 0
0.999603 0.00039701 0
0.560166 0.439834 0
0.000259835 0.99974 0
1.0 8.47949e-09 0
0.999984 1.59974e-05 0
1.0 1.00828e-11 0
0.998705 0.00129469 0
0.999999 6.18015e-07 0
0.880526 0.119474 0
0.582269 0.417731 0
0.999782 0.000217709 0
1.0 6.22697e-11 0
0.992671 0.00732931 0
1.0 4.02803e-12 0
0.999764 0.00023565 0
0.581708 0.418292 0
0.737653 0.262347 0
0.540738 0.459262 0
1.0 3.58684e-12 0
0.985477 0.0145227 0
1.0 2.01296e-07 0
0.999981 1.87549e-05 0
1.0 7.0387e-09 0
1.0 6.49553e-13 0
0.999837 0.000162661 0
0.723271 0.276729 0
0.998786 0.00121386 0
0.935338 0.0646616 0
1.0 4.26379e-09 0
1.0 1.24982e-07 0
0.999989 1.15026e-05 0
0.992382 0.00761768 0
0.999996 3.55693e-06 0
0.999775 0.000225112 0
0.999999 1.05024e-06 0
0.999999 8.94082e-07 0
0.00648045 0.993519 0
1.0 9.56972e-11 0
0.999887 0.000112921 0
1.0 2.4024e-08 0
0.999813 0.000187509 0
0.959451 0.0405486 0
0.999999 7.70598e-07 0
1.0 2.72562e-08 0
0.999998 1.6241e-06 0
0.999998 1.92746e-06 0
0.985449 0.0145508 0
1.0 1.1856e-10 0
0.994275 0.00572467 0
1.0 4.77425e-14 0
0.997137 0.00286319 0
0.999975 2.54189e-05 0
0.0288376 0.971162 0
0.999891 0.000109174 0
1.0 2.15825e-13 0
0.999997 2.45277e-06 0
0.963469 0.0365308 0
1.0 2.81014e-11 0
1.0 1.28918e-13 0
0.992936 0.00706414 0
0.43756 0.56244 0
1.0 5.27728e-08 0
1.0 2.81395e-10 0
0.285909 0.714091 0
1.0 2.27901e-11 0
0.000302564 0.999697 0
1.0 5.07184e-12 0
0.984867 0.0151329 0
1.0 2.91142e-11 0
1.0 5.91614e-13 0
1.0 6.23612e-12 0
0.992842 0.00715778 0
0.878203 0.121797 0
0.972251 0.0277487 0
1.0 2.11387e-10 0
0.9999 0.000100245 0
0.999843 0.000157136 0
0.856539 0.143461 0
0.998884 0.00111642 0
0.997446 0.00255371 0
0.862925 0.137075 0
0.287537 0.712463 0
0.999138 0.000862103 0
0.999474 0.00052638 0
1.0 2.31162e-08 0
0.508139 0.491861 0
1.0 6.87139e-10 0
1.0 4.51898e-07 0
0.856109 0.143891 0
0.0172122 0.982788 0
1.0 2.34057e-09 0
0.999993 6.94816e-06 0
0.999617 0.000382761 0
1.0 5.16365e-13 0
0.998007 0.0019928 0
1.0 1.33223e-07 0
0.998918 0.00108224 0
0.99999 9.95943e-06 0
1.0 8.47354e-11 0
1.0 3.28065e-13 0
0.996421 0.00357903 0
0.343417 0.656583 0
1.0 5.4631e-09 0
1.0 4.17824e-07 0
0.98905 0.0109496 0
1.0 3.3394e-08 0
0.459653 0.540347 0
0.999973 2.65546e-05 0
0.998455 0.00154517 0
0.999995 5.06524e-06 0
0.999939 6.05711e-05 0
0.992426 0.00757447 0
0.99999 1.03103e-05 0
1.0 1.61277e-10 0
1.0 3.24877e-11 0
0.0214 0.9786 0
0.99997 3.02039e-05 0
1.0 1.1368e-07 0
0.999732 0.000267893 0
0.999989 1.13854e-05 0
1.0 4.0491e-09 0
0.999622 0.000378492 0
0.967121 0.0328789 0
1.0 7.46457e-09 0
0.287676 0.712325 0
1.0 3.09219e-13 0
0.990725 0.00927553 0
0.999942 5.80805e-05 0
0.984731 0.0152693 0
1.0 4.0902e-14 0
0.999992 7.92572e-06 0
0.997582 0.00241801 0
1.0 2.76924e-09 0
0.973901 0.0260989 0
0.990225 0.00977475 0
1.0 1.62884e-08 0
0.999448 0.000551748 0
1.0 7.80172e-08 0
1.0 1.23066e-09 0
0.871268 0.128732 0
1.0 5.31625e-10 0
0.999671 0.000328508 0
0.999919 8.07096e-05 0
0.533378 0.466622 0
0.999998 2.20419e-06 0
1.0 1.98584e-12 0
1.0 2.07542e-11 0
0.999931 6.91026e-05 0
0.999999 8.92436e-07 0
0.999976 2.43003e-05 0
1.0 1.39285e-07 0
0.396883 0.603117 0
0.999979 2.06218e-05 0
0.993322 0.0066782 0
1.0 9.50686e-08 0
1.0 4.60403e-12 0
1.0 1.3938e-08 0
0.999989 1.10209e-05 0
0.626256 0.373744 0
0.000255918 0.999744 0
1.0 2.04267e-09 0
0.922695 0.0773046 0
0.323487 0.676513 0
0.999988 1.17291e-05 0
1.0 9.82048e-10 0
0.999984 1.59884e-05 0
1.0 3.84039e-07 0
0.999914 8.62162e-05 0
1.0 1.1791e-10 0
0.999941 5.88951e-05 0
1.0 2.48304e-07 0
1.0 3.95906e-08 0
1.0 2.49688e-13 0
1.0 6.23724e-11 0
0.999864 0.000136436 0
0.735588 0.264412 0
0.999999 9.40058e-07 0
1.0 1.95853e-07 0
1.0 1.86266e-10 0
0.999997 2.67581e-06 0
0.999917 8.25541e-05 0
1.0 1.52626e-13 0
0.804146 0.195854 0
0.990114 0.00988594 0
0.966967 0.0330329 0
0.999368 0.000632462 0
1.0 1.66343e-07 0
0.873002 0.126998 0
0.999997 2.78764e-06 0
0.999985 1.51777e-05 0
0.999999 1.30245e-06 0
1.0 4.24333e-10 0
1.0 6.91008e-11 0
0.999907 9.26438e-05 0
1.0 1.15197e-07 0
0.999999 7.79764e-07 0
1.0 8.32218e-08 0
1.0 4.82672e-10 0
1.0 1.34013e-10 0
0.999981 1.87697e-05 0
0.999998 1.59804e-06 0
0.999847 0.000152711 0
0.999129 0.000870497 0
1.0 1.04975e-17 0
0.145387 0.854613 0
0.999913 8.66508e-05 0
0.999985 1.52013e-05 0
1.0 4.40554e-07 0
0.999996 3.87214e-06 0
0.549215 0.450785 0
0.840783 0.159217 0
0.977845 0.0221551 0
0.906211 0.0937887 0
1.0 1.92259e-10 0
0.991065 0.00893511 0
0.999936 6.37642e-05 0
1.0 2.29468e-11 0
0.800659 0.199341 0
0.999728 0.000272381 0
0.942353 0.0576471 0
0.000460023 0.99954 0
1.0 6.88008e-08 0
1.0 2.70779e-07 0
0.999998 1.89225e-06 0
0.999931 6.94235e-05 0
0.344107 0.655893 0
1.0 1.15989e-08 0
1.0 7.11252e-09 0
0.999986 1.42706e-05 0
0.838943 0.161058 0
0.999981 1.94202e-05 0
0.997816 0.00218389 0
1.0 9.80647e-08 0
1.0 2.12683e-09 0
0.981653 0.0183471 0
0.516466 0.483534 0
1.0 3.7147e-08 0
0.659423 0.340577 0
0.996305 0.00369468 0
0.999984 1.64633e-05 0
1.0 1.73796e-10 0
1.0 2.67684e-07 0
0.999934 6.62567e-05 0
1.0 3.74993e-11 0
1.0 2.68416e-10 0
1.0 3.6315e-10 0
0.999999 1.37921e-06 0
0.999999 6.82629e-07 0
1.0 1.50387e-12 0
0.999648 0.00035151 0
1.0 6.86061e-09 0
1.0 1.96141e-16 0
1.0 2.74427e-10 0
0.999998 1.85502e-06 0
1.0 1.72701e-08 0
0.970007 0.0299929 0
1.0 3.13357e-08 0
1.0 2.76217e-09 0
0.976804 0.0231958 0
0.999988 1.15927e-05 0
1.0 6.92275e-10 0
0.993954 0.00604597 0
0.999941 5.87414e-05 0
0.999957 4.28009e-05 0
1.0 1.55476e-09 0
1.0 4.10354e-12 0
0.992305 0.00769453 0
0.999998 2.08204e-06 0
0.977727 0.0222735 0
1.0 1.97774e-08 0
1.0 1.54043e-09 0
0.999999 6.61912e-07 0
1.0 1.57526e-08 0
0.984918 0.0150823 0
0.999888 0.000111638 0
0.939073 0.0609266 0
1.0 4.68696e-12 0
1.0 2.69056e-09 0
1.0 6.32282e-12 0
0.780124 0.219876 0
1.0 1.62513e-07 0
0.962204 0.0377959 0
1.0 3.56256e-14 0
0.99885 0.00114965 0
1.0 3.1029e-13 0
0.999994 5.73874e-06 0
1.0 6.22821e-10 0
0.141617 0.858383 0
0.99826 0.00174018 0
1.0 1.01762e-12 0
0.970227 0.0297734 0
1.0 3.06654e-09 0
0.999982 1.85275e-05 0
0.999996 4.26625e-06 0
1.0 3.78222e-14 0
0.998416 0.0015843 0
0.999986 1.41812e-05 0
1.0 1.43895e-12 0
1.0 4.15125e-10 0
0.73794 0.26206 0
0.999989 1.13139e-05 0
0.972217 0.0277835 0
0.997003 0.00299714 0
0.0614414 0.938559 0
0.999999 9.92749e-07 0
0.977423 0.0225772 0
0.000175921 0.999824 0
0.979185 0.0208147 0
0.999992 8.14244e-06 0
0.984496 0.0155043 0
0.527142 0.472858 0
0.989184 0.0108162 0
0.999729 0.000270538 0
1.0 2.06453e-12 0
0.999968 3.15599e-05 0
1.0 1.65656e-10 0
1.0 4.27679e-10 0
0.000110719 0.999889 0
0.0224106 0.977589 0
0.611067 0.388933 0
0.999723 0.00027726 0
0.999998 1.55065e-06 0
0.999994 6.16206e-06 0
1.0 2.98367e-08 0
1.0 7.21384e-12 0
0.909862 0.0901377 0
0.999999 5.66549e-07 0
0.990668 0.00933174 0
0.0742487 0.925751 0
1.0 1.81693e-07 0
0.999892 0.000108333 0
0.989997 0.010003 0
0.999997 2.49622e-06 0
0.521854 0.478146 0
1.0 2.31997e-08 0
0.99894 0.00105986 0
0.000142053 0.999858 1
0.895094 0.104906 1
0.947532 0.0524684 1
6.21292e-05 0.999938 1
0.0415387 0.958461 1
0.113089 0.886911 1
0.788829 0.211171 1
1.33776e-07 1.0 1
0.381192 0.618808 1
2.35965e-05 0.999976 1
0.223391 0.776609 1
0.851265 0.148735 1
0.0201344 0.979866 1
0.6653 0.3347 1
0.000684378 0.999316 1
0.000741532 0.999258 1
0.0236969 0.976303 1
1.03308e-06 0.999999 1
0.999673 0.000327232 1
0.830796 0.169205 1
0.028677 0.971323 1
0.00244204 0.997558 1
6.54697e-06 0.999993 1
0.161993 0.838007 1
1.02079e-05 0.99999 1
0.364986 0.635014 1
0.0359137 0.964086 1
2.15557e-05 0.999978 1
0.0320371 0.967963 1
4.88436e-05 0.999951 1
0.000202457 0.999798 1
0.515752 0.484248 1
0.908573 0.0914267 1
4.88658e-06 0.999995 1
0.21716 0.78284 1
0.193093 0.806907 1
0.00184257 0.998157 1
0.000421819 0.999578 1
2.95871e-06 0.999997 1
1.35835e-05 0.999986 1
2.39584e-06 0.999998 1
0.00172935 0.998271 1
0.281646 0.718354 1
0.602632 0.397368 1
0.00317942 0.996821 1
0.107839 0.892161 1
7.22843e-05 0.999928 1
0.24034 0.75966 1
0.18561 0.81439 1
0.999993 6.70477e-06 1
1.08349e-06 0.999999 1
0.0104212 0.989579 1
0.488634 0.511366 1
8.84685e-08 1.0 1
0.0761563 0.923844 1
0.0501749 0.949825 1
4.38575e-05 0.999956 1
6.11699e-05 0.999939 1
0.517435 0.482565 1
0.000407201 0.999593 1
0.0852855 0.914714 1
0.992181 0.00781867 1
1.53647e-06 0.999998 1
0.00137157 0.998628 1
0.000683463 0.999317 1
0.359008 0.640991 1
0.000120405 0.99988 1
0.0505742 0.949426 1
0.903326 0.0966736 1
0.000253083 0.999747 1
6.80449e-06 0.999993 1
0.223983 0.776017 1
0.219254 0.780746 1
0.000584776 0.999415 1
0.893429 0.106571 1
0.0138278 0.986172 1
0.000116451 0.999884 1
0.148453 0.851547 1
1.98248e-07 1.0 1
0.0631758 0.936824 1
0.000482789 0.999517 1
0.000594385 0.999406 1
0.998889 0.00111148 1
9.54041e-08 1.0 1
0.722637 0.277363 1
0.0414245 0.958576 1
1.81082e-06 0.999998 1
0.00104122 0.998959 1
0.057369 0.942631 1
0.000935255 0.999065 1
0.00522027 0.99478 1
4.17726e-06 0.999996 1
0.99199 0.00801039 1
0.00125023 0.99875 1
6.09139e-05 0.999939 1
0.130809 0.869191 1
3.9106e-05 0.999961 1
0.998053 0.00194656 1
0.0194738 0.980526 1
0.0171105 0.982889 1
3.57318e-09 1.0 1
0.00118799 0.998812 1
0.716995 0.283005 1
0.000812687 0.999187 1
8.08837e-05 0.999919 1
0.962561 0.0374392 1
0.00190743 0.998093 1
0.00317617 0.996824 1
0.00311192 0.996888 1
0.000225658 0.999774 1
6.81062e-05 0.999932 1
0.229879 0.770121 1
0.283354 0.716646 1
0.000186802 0.999813 1
0.874476 0.125524 1
8.62376e-05 0.999914 1
0.000204501 0.999795 1
6.06222e-06 0.999994 1
0.000153425 0.999847 1
0.000414588 0.999585 1
0.998857 0.00114262 1
0.948346 0.0516539 1
0.00540419 0.994596 1
0.992295 0.00770471 1
4.04115e-06 0.999996 1
0.825871 0.174129 1
0.999242 0.000758184 1
8.26355e-05 0.999917 1
1.66276e-07 1.0 1
0.0749891 0.925011 1
0.000548779 0.999451 1
0.000998847 0.999001 1
0.00480124 0.995199 1
1.82812e-05 0.999982 1
0.297315 0.702685 1
0.00030751 0.999693 1
0.000191172 0.999809 1
1.93732e-06 0.999998 1
0.00012041 0.99988 1
1.3461e-05 0.999987 1
1.01032e-07 1.0 1
0.972269 0.0277314 1
0.475671 0.524329 1
0.969848 0.0301517 1
0.0722614 0.927739 1
0.0113107 0.988689 1
0.023934 0.976066 1
8.059e-09 1.0 1
1.38042e-05 0.999986 1
0.0449224 0.955078 1
7.22004e-05 0.999928 1
5.39492e-07 0.999999 1
0.0726105 0.92739 1
0.00103289 0.998967 1
1.0 4.98597e-07 1
0.000762282 0.999238 1
0.0020206 0.997979 1
0.000491429 0.999509 1
0.821263 0.178737 1
0.000236616 0.999763 1
0.105382 0.894618 1
0.0115468 0.988453 1
1.8726e-07 1.0 1
3.32895e-06 0.999997 1
0.00600948 0.993991 1
0.0677979 0.932202 1
0.99749 0.00250975 1
0.999999 7.38956e-07 1
0.00379127 0.996209 1
0.059632 0.940368 1
1.09337e-06 0.999999 1
0.000268237 0.999732 1
0.999541 0.000458954 1
0.00132044 0.99868 1
0.194071 0.805929 1
0.0139742 0.986026 1
0.213225 0.786775 1
0.998203 0.00179679 1
1.02957e-07 1.0 1
0.033496 0.966504 1
0.00016539 0.999835 1
0.16235 0.83765 1
0.00725786 0.992742 1
4.50353e-07 1.0 1
0.952497 0.047503 1
0.260203 0.739797 1
0.993657 0.00634346 1
0.972965 0.0270346 1
0.0438522 0.956148 1
0.877131 0.122869 1
5.18712e-06 0.999995 1
0.809298 0.190702 1
0.644185 0.355815 1
0.417931 0.582069 1
0.971882 0.0281177 1
0.999934 6.59906e-05 1
0.779507 0.220493 1
0.0202496 0.97975 1
3.38287e-05 0.999966 1
0.631929 0.368071 1
0.000574699 0.999425 1
0.0605689 0.939431 1
3.16723e-07 1.0 1
0.171752 0.828248 1
0.997106 0.00289414 1
0.0573018 0.942698 1
3.96586e-08 1.0 1
0.0740684 0.925932 1
0.000352461 0.999647 1
2.49443e-05 0.999975 1
3.61863e-05 0.999964 1
5.31115e-06 0.999995 1
0.164755 0.835245 1
8.66214e-09 1.0 1
0.783378 0.216622 1
4.92262e-05 0.999951 1
0.997656 0.0023435 1
0.000257649 0.999742 1
0.000105997 0.999894 1
4.10839e-07 1.0 1
0.0515735 0.948426 1
0.000281773 0.999718 1
1.61838e-06 0.999998 1
0.0019267 0.998073 1
2.2473e-06 0.999998 1
0.00233558 0.997664 1
0.000112752 0.999887 1
0.981727 0.0182734 1
0.054244 0.945756 1
0.959922 0.0400781 1
0.259939 0.740061 1
0.0461764 0.953824 1
0.00192627 0.998074 1
0.000599119 0.999401 1
0.000978238 0.999022 1
0.00209789 0.997902 1
0.790091 0.209909 1
0.382906 0.617094 1
0.0488995 0.9511 1
5.96407e-06 0.999994 1
0.000467059 0.999533 1
0.999994 6.0627e-06 1
0.188599 0.811401 1
0.000459559 0.99954 1
0.815938 0.184062 1
1.54868e-12 1.0 1
0.895211 0.104789 1
1.14374e-07 1.0 1
0.00292955 0.99707 1
2.42351e-07 1.0 1
6.93665e-05 0.999931 1
1.47608e-05 0.999985 1
0.824706 0.175294 1
0.00214904 0.997851 1
0.999758 0.000242389 1
0.0805249 0.919475 1
5.47456e-05 0.999945 1
0.000383726 0.999616 1
5.95009e-06 0.999994 1
1.0 4.59348e-08 1
0.000211332 0.999789 1
0.47927 0.52073 1
0.313424 0.686576 1
0.00437105 0.995629 1
0.000877106 0.999123 1
0.000279104 0.999721 1
5.18086e-06 0.999995 1
2.54817e-08 1.0 1
0.110709 0.889291 1
9.41147e-07 0.999999 1
0.0372927 0.962707 1
0.999546 0.000453725 1
0.999877 0.000123082 1
0.0603565 0.939644 1
0.000418411 0.999582 1
5.06613e-06 0.999995 1
6.67385e-07 0.999999 1
0.00570961 0.99429 1
9.87993e-07 0.999999 1
2.96102e-08 1.0 1
0.000109309 0.999891 1
3.64225e-05 0.999964 1
1.0 2.18212e-10 1
0.0172628 0.982737 1
0.252706 0.747294 1
1.63165e-06 0.999998 1
2.46586e-05 0.999975 1
0.203658 0.796342 1
5.59396e-07 0.999999 1
0.233825 0.766175 1
0.000923836 0.999076 1
5.94956e-08 1.0 1
0.19625 0.80375 1
5.3129e-07 1.0 1
0.0371872 0.962813 1
0.00310583 0.996894 1
7.34485e-09 1.0 1
0.0698668 0.930133 1
0.0575157 0.942484 1
0.975592 0.0244083 1
5.36104e-06 0.999995 1
0.613507 0.386493 1
0.000139517 0.99986 1
4.68174e-05 0.999953 1
0.408741 0.591259 1
2.86005e-05 0.999971 1
0.452046 0.547954 1
0.00292191 0.997078 1
0.0272921 0.972708 1
0.000429113 0.999571 1
9.89043e-06 0.99999 1
0.997506 0.00249395 1
0.0112681 0.988732 1
1.41641e-05 0.999986 1
0.667467 0.332533 1
0.11501 0.88499 1
0.660445 0.339555 1
0.000251253 0.999749 1
0.999684 0.00031642 1
0.00161678 0.998383 1
0.987143 0.0128567 1
5.76444e-05 0.999942 1
0.000836631 0.999163 1
9.46615e-05 0.999905 1
0.0253284 0.974672 1
0.00515963 0.99484 1
0.0464911 0.953509 1
0.000105766 0.999894 1
9.44195e-08 1.0 1
4.46109e-06 0.999996 1
0.00106443 0.998936 1
5.36019e-07 1.0 1
7.47781e-05 0.999925 1
0.943525 0.0564755 1
0.989691 0.010309 1
0.402322 0.597678 1
0.070624 0.929376 1
0.972067 0.0279331 1
1.14299e-05 0.999989 1
0.969668 0.0303319 1
0.158697 0.841303 1
2.2645e-06 0.999998 1
0.384217 0.615783 1
0.30337 0.69663 1
0.246571 0.753429 1
0.0353604 0.96464 1
0.000146057 0.999854 1
0.0060668 0.993933 1
4.27609e-05 0.999957 1
0.0127348 0.987265 1
0.00106424 0.998936 1
0.0641154 0.935885 1
0.722427 0.277573 1
0.972679 0.0273211 1
0.837905 0.162095 1
1.42696e-05 0.999986 1
0.000123557 0.999876 1
0.994872 0.00512813 1
2.35264e-07 1.0 1
7.06794e-05 0.999929 1
0.999987 1.30509e-05 1
0.00110015 0.9989 1
0.995896 0.00410399 1
0.000119989 0.99988 1
5.47449e-05 0.999945 1
0.599993 0.400008 1
0.277966 0.722034 1
0.999984 1.64169e-05 1
0.876346 0.123654 1
0.0106551 0.989345 1
0.984196 0.0158041 1
3.84566e-07 1.0 1
0.972481 0.0275188 1
0.998432 0.00156791 1
0.000506178 0.999494 1
1.0 1.75027e-07 1
0.355953 0.644047 1
0.999524 0.000476413 1
0.641595 0.358405 1
1.53911e-05 0.999985 1
0.0814712 0.918529 1
1.19583e-05 0.999988 1
3.33231e-06 0.999997 1
0.0196597 0.98034 1
6.58913e-05 0.999934 1
0.00094549 0.999054 1
0.0393506 0.960649 1
0.999967 3.29921e-05 1
0.975076 0.0249239 1
1.22099e-07 1.0 1
0.310528 0.689472 1
1.0 1.2549e-09 1
0.00747277 0.992527 1
6.86001e-08 1.0 1
0.029936 0.970064 1
0.961253 0.0387474 1
1.73026e-08 1.0 1
0.000964462 0.999036 1
0.88295 0.117049 1
0.617517 0.382483 1
0.0364087 0.963591 1
1.97873e-05 0.99998 1
9.79317e-05 0.999902 1
0.000532743 0.999467 1
0.0155481 0.984452 1
0.999562 0.000437781 1
4.11535e-05 0.999959 1
0.995622 0.00437773 1
0.000324654 0.999675 1
0.849554 0.150446 1
0.332852 0.667148 1
0.752396 0.247604 1
0.999513 0.0004874 1
0.00685713 0.993143 1
0.272652 0.727348 1
0.999603 0.000397153 1
0.000228378 0.999772 1
7.06494e-06 0.999993 1
0.000504268 0.999496 1
2.23689e-05 0.999978 1
0.00195732 0.998043 1
0.00384054 0.996159 1
0.999731 0.00026929 1
1.49008e-05 0.999985 1
0.00145483 0.998545 1
5.8979e-07 0.999999 1
0.000777478 0.999223 1
0.00137321 0.998627 1
0.0118791 0.988121 1
0.777492 0.222508 1
1.22812e-06 0.999999 1
3.33852e-07 1.0 1
0.779807 0.220193 1
3.35432e-05 0.999967 1
2.88266e-06 0.999997 1
0.949558 0.0504424 1
0.428515 0.571485 1
0.214565 0.785435 1
6.91633e-07 0.999999 1
4.11226e-06 0.999996 1
0.628902 0.371098 1
5.81038e-06 0.999994 1
0.00137597 0.998624 1
0.296213 0.703787 1
0.379613 0.620387 1
0.999918 8.1617e-05 1
0.00274876 0.997251 1
0.995526 0.00447415 1
7.92261e-09 1.0 1
1.08069e-06 0.999999 1
0.000445392 0.999555 1
0.978762 0.0212375 1
0.00207632 0.997924 1
2.00714e-06 0.999998 1
0.0184525 0.981547 1
0.00344927 0.996551 1
0.00104067 0.998959 1
0.997574 0.00242619 1
0.138365 0.861635 1
7.12535e-05 0.999929 1
0.00349605 0.996504 1
0.00163109 0.998369 1
2.43207e-05 0.999976 1
0.665092 0.334908 1
0.838921 0.161079 1
0.000275354 0.999725 1
0.00586004 0.99414 1
1.37911e-05 0.999986 1
0.789853 0.210147 1
4.9953e-08 1.0 1
0.00282684 0.997173 1
0.12812 0.87188 1
0.000851622 0.999148 1
0.00479758 0.995202 1
3.92664e-05 0.999961 1
0.200271 0.799729 1
3.26713e-06 0.999997 1
0.000501268 0.999499 1
9.63847e-05 0.999904 1
0.00800762 0.991992 1
2.23058e-05 0.999978 1
0.508875 0.491125 1
0.071107 0.928893 1
0.999901 9.92566e-05 1
0.791033 0.208967 1
5.62184e-07 0.999999 1
0.000396168 0.999604 1
0.000246273 0.999754 1
0.332184 0.667816 1
0.0522767 0.947723 1
2.43444e-09 1.0 1
1.12151e-09 1.0 1
0.506309 0.493691 1
0.862258 0.137742 1
0.00035426 0.999646 1
0.00425375 0.995746 1
0.999813 0.000186475 1
1.0 4.14038e-10 1
0.932026 0.0679739 1
0.0104957 0.989504 1
0.000333292 0.999667 1
0.000462178 0.999538 1
6.16853e-05 0.999938 1
1.46071e-05 0.999985 1
5.87732e-05 0.999941 1
0.877109 0.122891 1
0.00749222 0.992508 1
0.0464095 0.953591 1
4.42726e-06 0.999996 1
9.53174e-06 0.99999 1
0.951983 0.0480169 1
0.00544761 0.994552 1
0.00459486 0.995405 1
0.00126315 0.998737 1
0.0192688 0.980731 1
0.709878 0.290122 1
1.13668e-05 0.999989 1
9.35769e-07 0.999999 1
3.64499e-06 0.999996 1
0.608453 0.391547 1
0.13308 0.86692 1
0.988852 0.0111477 1
0.999584 0.000416167 1
0.00090603 0.999094 1
8.25612e-06 0.999992 1
0.00241206 0.997588 1
0.170561 0.829439 1
0.114543 0.885457 1
1.59161e-06 0.999998 1
0.934543 0.0654571 1
0.97622 0.0237798 1
2.04741e-05 0.999979 1
0.000399167 0.999601 1
0.179279 0.820721 1
5.47377e-05 0.999945 1
0.502502 0.497498 1
0.999783 0.000217073 1
3.06718e-06 0.999997 1
0.0367278 0.963272 1
0.00224245 0.997758 1
0.000845913 0.999154 1
0.982497 0.0175033 1
0.964515 0.0354846 1
0.000244286 0.999756 1
0.00634609 0.993654 1
0.000832829 0.999167 1
0.651687 0.348313 1
0.286946 0.713054 1
3.58835e-05 0.999964 1
0.855865 0.144135 1
3.87813e-07 1.0 1
0.273629 0.726371 1
9.75018e-05 0.999902 1
0.00114564 0.998854 1
7.0697e-07 0.999999 1
0.0551744 0.944826 1
0.00143795 0.998562 1
0.000608682 0.999391 1
6.81608e-08 1.0 1
0.0311646 0.968835 1
5.319e-07 1.0 1
0.0394032 0.960597 1
0.00245098 0.997549 1
2.0814e-06 0.999998 1
0.017998 0.982002 1
0.00275802 0.997242 1
0.000153892 0.999846 1
1.78705e-06 0.999998 1
0.00173067 0.998269 1
0.0306886 0.969311 1
0.93594 0.0640597 1
0.999198 0.000801576 1
0.00156705 0.998433 1
0.000723797 0.999276 1
0.00244648 0.997554 1
0.0126714 0.987329 1
0.00730472 0.992695 1
2.07307e-06 0.999998 1
7.27568e-06 0.999993 1
0.155687 0.844313 1
1.84715e-05 0.999982 1
0.000152213 0.999848 1
0.432545 0.567455 1
0.0534861 0.946514 1
1.13416e-05 0.999989 1
0.0013816 0.998618 1
0.998495 0.00150543 1
0.0118807 0.988119 1
0.000131665 0.999868 1
7.17079e-06 0.999993 1
0.000261154 0.999739 1
0.0183987 0.981601 1
0.014718 0.985282 1
0.995867 0.00413317 1
0.966054 0.0339455 1
0.00257557 0.997424 1
0.994577 0.00542261 1
0.000305442 0.999695 1
3.334e-06 0.999997 1
0.0528515 0.947149 1
0.00505942 0.994941 1
0.0968966 0.903103 1
0.00220691 0.997793 1
0.263364 0.736636 1
0.999907 9.2694e-05 1
0.00265841 0.997342 1
2.5674e-05 0.999974 1
0.0410324 0.958968 1
0.201497 0.798503 1
0.130972 0.869028 1
3.68923e-07 1.0 1
0.000624388 0.999376 1
1.23632e-05 0.999988 1
0.000172996 0.999827 1
0.163312 0.836688 1
3.18662e-06 0.999997 1
1.75852e-05 0.999982 1
0.375937 0.624063 1
0.00121278 0.998787 1
0.140411 0.859589 1
0.940736 0.0592638 1
0.991639 0.00836069 1
0.018186 0.981814 1
0.997848 0.00215239 1
0.0039518 0.996048 1
0.000153811 0.999846 1
7.73283e-08 1.0 1
0.999367 0.000632734 1
0.226259 0.773741 1
0.00888388 0.991116 1
2.77408e-05 0.999972 1
0.741934 0.258066 1
0.623601 0.376399 1
0.073887 0.926113 1
9.7905e-05 0.999902 1
0.000712685 0.999287 1
5.54814e-08 1.0 1
0.000433868 0.999566 1
0.298504 0.701496 1
9.84885e-05 0.999902 1
0.366817 0.633183 1
5.48068e-08 1.0 1
0.201474 0.798526 1
0.990636 0.00936403 1
9.97694e-05 0.9999 1
4.65376e-08 1.0 1
0.0718511 0.928149 1
5.39347e-06 0.999995 1
2.38224e-06 0.999998 1
0.999062 0.000938281 1
0.00329207 0.996708 1
6.43499e-06 0.999994 1
0.0333575 0.966643 1
9.21514e-08 1.0 1
1.51084e-05 0.999985 1
0.0932113 0.906789 1
0.00128754 0.998712 1
0.0021759 0.997824 1
0.235115 0.764885 1
0.00744137 0.992559 1
0.000109837 0.99989 1
0.710809 0.289191 1
0.000166482 0.999833 1
0.994144 0.00585554 1
2.51482e-06 0.999997 1
7.20463e-05 0.999928 1
0.000766061 0.999234 1
0.000289965 0.99971 1
0.0174412 0.982559 1
0.00681471 0.993185 1
0.00390083 0.996099 1
2.36781e-07 1.0 1
2.65171e-08 1.0 1
0.0199337 0.980066 1
0.169677 0.830323 1
0.000589847 0.99941 1
0.000670279 0.99933 1
0.000159639 0.99984 1
0.167732 0.832268 1
0.0390454 0.960955 1
2.68656e-06 0.999997 1
0.939311 0.0606894 1
0.564246 0.435754 1
0.0123208 0.987679 1
1.16457e-05 0.999988 1
0.275163 0.724837 1
0.00713481 0.992865 1
0.00698199 0.993018 1
0.999998 1.89122e-06 1
0.121417 0.878583 1
0.000187651 0.999812 1
7.3619e-08 1.0 1
0.0516449 0.948355 1
0.000836954 0.999163 1
0.00362006 0.99638 1
0.00185975 0.99814 1
0.0528317 0.947168 1
4.28552e-06 0.999996 1
1.0 1.59862e-07 1
1.46132e-05 0.999985 1
0.000390449 0.99961 1
5.71841e-07 0.999999 1
0.37652 0.62348 1
0.00401792 0.995982 1
1.19405e-05 0.999988 1
1.36888e-07 1.0 1
2.27499e-05 0.999977 1
0.467272 0.532728 1
0.971624 0.0283763 1
0.314083 0.685917 1
0.0824411 0.917559 1
0.0157217 0.984278 1
0.00902295 0.990977 1
1.01621e-05 0.99999 1
0.00495416 0.995046 1
0.262372 0.737628 1
0.494919 0.505081 1
0.0687439 0.931256 1
0.00841863 0.991581 1
3.42396e-05 0.999966 1
1.27263e-05 0.999987 1
0.982841 0.0171594 1
0.832738 0.167262 1
4.33315e-06 0.999996 1
0.00740603 0.992594 1
0.00970422 0.990296 1
6.38256e-14 1.0 1
3.97473e-05 0.99996 1
0.00019325 0.999807 1
0.00934882 0.990651 1
0.0228048 0.977195 1
5.76288e-06 0.999994 1
0.00245003 0.99755 1
0.0117512 0.988249 1
0.0139933 0.986007 1
0.437368 0.562632 1
0.01314 0.98686 1
0.0112155 0.988784 1
0.000139996 0.99986 1
1.93168e-06 0.999998 1
0.999821 0.000179032 1
1.88818e-07 1.0 1
0.000126155 0.999874 1
0.999498 0.000502476 1
5.83155e-05 0.999942 1
0.190449 0.809551 1
0.000147378 0.999853 1
0.877569 0.122431 1
0.000337119 0.999663 1
0.889682 0.110318 1
0.0799404 0.92006 1
0.0591413 0.940859 1
5.59707e-05 0.999944 1
0.000725752 0.999274 1
0.985438 0.0145618 1
3.1354e-05 0.999969 1
0.0814912 0.918509 1
1.0 2.32063e-14 1
0.585819 0.414181 1
1.5987e-05 0.999984 1
0.961785 0.0382152 1
0.0260588 0.973941 1
0.801314 0.198686 1
0.477329 0.522671 1
0.995667 0.0043329 1
5.76443e-07 0.999999 1
0.000505542 0.999494 1
0.00229361 0.997706 1
0.000122895 0.999877 1
0.655747 0.344253 1
3.71469e-05 0.999963 1
5.87027e-05 0.999941 1
0.00989651 0.990103 1
0.0498932 0.950107 1
0.108526 0.891474 1
0.912048 0.0879519 1
0.00132225 0.998678 1
1.48697e-06 0.999999 1
7.30013e-08 1.0 1
0.000926913 0.999073 1
0.00689282 0.993107 1
0.962227 0.0377735 1
1.7109e-06 0.999998 1
0.000145648 0.999854 1
0.000669736 0.99933 1
0.00267392 0.997326 1
0.0032151 0.996785 1
0.488966 0.511034 1
0.404925 0.595075 1
0.0001007 0.999899 1
9.01528e-06 0.999991 1
0.812542 0.187458 1
0.0929232 0.907077 1
0.00204825 0.997952 1
0.140597 0.859403 1
0.760676 0.239324 1
0.0819271 0.918073 1
0.999871 0.000128801 1
0.00658343 0.993417 1
0.0328445 0.967156 1
0.999999 8.72563e-07 1
0.000485036 0.999515 1
0.120811 0.879189 1
0.71363 0.28637 1
3.41316e-07 1.0 1
0.29893 0.70107 1
1.76834e-05 0.999982 1
9.3903e-07 0.999999 1
0.920764 0.0792358 1
0.000656373 0.999344 1
4.82404e-07 1.0 1
0.771812 0.228188 1
0.0056665 0.994334 1
0.000561675 0.999438 1
0.00144872 0.998551 1
0.963346 0.0366542 1
0.592315 0.407685 1
0.00106149 0.998939 1
0.652639 0.347361 1
3.78556e-06 0.999996 1
5.59501e-06 0.999994 1
0.00409257 0.995907 1
0.455957 0.544043 1
8.40781e-05 0.999916 1
0.529718 0.470282 1
1.0 7.00443e-11 1
0.599289 0.40071 1
0.918661 0.0813389 1
0.0304807 0.969519 1
0.000215622 0.999784 1
0.87277 0.12723 1
0.024729 0.975271 1
0.0054245 0.994576 1
0.00998574 0.990014 1
0.240528 0.759472 1
0.0161206 0.983879 1
1.49766e-08 1.0 1
0.000362635 0.999637 1
0.000830925 0.999169 1
0.00195748 0.998042 1
0.00116113 0.998839 1
3.71139e-06 0.999996 1
0.992507 0.00749304 1
6.31344e-05 0.999937 1
0.132022 0.867978 1
0.999269 0.000730528 1
1.0 4.2597e-09 1
0.0019733 0.998027 1
0.00375425 0.996246 1
0.00541252 0.994587 1
0.985117 0.014883 1
0.0507835 0.949217 1
5.71637e-05 0.999943 1
0.967069 0.032931 1
0.413097 0.586903 1
0.0464992 0.953501 1
4.64017e-08 1.0 1
5.49887e-08 1.0 1
1.82798e-06 0.999998 1
9.84405e-05 0.999902 1
0.0346056 0.965394 1
0.0669707 0.933029 1
0.736465 0.263535 1
0.000155996 0.999844 1
0.000789858 0.99921 1
0.895946 0.104054 1
0.0692621 0.930738 1
0.00139274 0.998607 1
0.00223624 0.997764 1
7.53122e-05 0.999925 1
4.11715e-08 1.0 1
0.0121182 0.987882 1
1.38056e-06 0.999999 1
0.012783 0.987217 1
0.985914 0.0140859 1
3.83108e-06 0.999996 1
0.709588 0.290412 1
5.16272e-05 0.999948 1
0.0411594 0.958841 1
0.122043 0.877957 1
0.000510524 0.999489 1
0.0244577 0.975542 1
1.13885e-06 0.999999 1
3.77441e-06 0.999996 1
0.294404 0.705596 1
0.143406 0.856594 1
6.38328e-06 0.999994 1
0.173732 0.826268 1
0.729244 0.270756 1
6.34445e-05 0.999937 1
2.42711e-05 0.999976 1
0.984886 0.0151139 1
0.000700748 0.999299 1
0.00196677 0.998033 1
0.000541598 0.999458 1
0.742701 0.257299 1
0.973129 0.0268711 1
0.15126 0.84874 1
2.18872e-06 0.999998 1
0.172917 0.827083 1
3.15431e-05 0.999968 1
0.592508 0.407492 1
0.817092 0.182907 1
6.76013e-05 0.999932 1
0.999989 1.09272e-05 1
0.00947749 0.990522 1
0.316282 0.683718 1
0.356645 0.643355 1
3.90744e-06 0.999996 1
0.000119313 0.999881 1
1.53117e-05 0.999985 1
0.628968 0.371032 1
0.0439461 0.956054 1
1.53766e-09 1.0 1
6.25331e-06 0.999994 1
0.112788 0.887212 1
0.0167163 0.983284 1
0.00303402 0.996966 1
0.000109497 0.99989 1
0.0019476 0.998052 1
0.000186794 0.999813 1
0.0490396 0.95096 1
0.382109 0.617891 1
2.56749e-05 0.999974 1
1.0 3.68467e-07 1
0.21634 0.78366 1
0.00312403 0.996876 1
0.946595 0.0534048 1
5.89924e-05 0.999941 1
0.00013211 0.999868 1
0.000931205 0.999069 1
0.999965 3.48088e-05 1
0.425346 0.574654 1
2.14356e-05 0.999979 1
0.0452902 0.95471 1
0.000197787 0.999802 1
0.00936418 0.990636 1
8.42535e-06 0.999992 1
2.39713e-14 1.0 1
1.4489e-05 0.999985 1
0.01103 0.98897 1
5.73295e-07 0.999999 1
0.00171085 0.998289 1
0.201742 0.798258 1
0.000334425 0.999666 1
0.00144231 0.998558 1
7.35292e-08 1.0 1
1.38354e-06 0.999999 1
1.15984e-06 0.999999 1
5.60083e-06 0.999994 1
0.827748 0.172252 1
0.00619984 0.9938 1
0.0133865 0.986614 1
0.000480884 0.999519 1
0.999944 5.5669e-05 1
0.975784 0.0242159 1
3.36389e-06 0.999997 1
0.952396 0.047604 1
0.0062401 0.99376 1
0.073235 0.926765 1
0.996039 0.00396054 1
0.0153808 0.984619 1
0.034392 0.965608 1
0.995412 0.00458836 1
1.52459e-06 0.999998 1
6.58833e-07 0.999999 1
0.0290279 0.970972 1
0.237571 0.76243 1
0.000196549 0.999803 1
7.7888e-06 0.999992 1
0.889508 0.110492 1
0.0210261 0.978974 1
0.958949 0.0410512 1
0.0264637 0.973536 1
0.423972 0.576028 1
0.0240798 0.97592 1
0.0814061 0.918594 1
1.0 2.03848e-07 1
0.966252 0.0337484 1
1.05338e-07 1.0 1
0.000124253 0.999876 1
0.00443313 0.995567 1
0.00511325 0.994887 1
0.000521924 0.999478 1
1.80394e-05 0.999982 1
0.00758168 0.992418 1
0.0116642 0.988336 1
1.395e-05 0.999986 1
0.621942 0.378058 1
1.36224e-06 0.999999 1
0.0123766 0.987623 1
0.995713 0.00428731 1
0.334794 0.665206 1
0.0652117 0.934788 1
1.0 3.59381e-09 1
0.00479837 0.995202 1
0.000621348 0.999379 1
0.913491 0.0865091 1
0.000499321 0.999501 1
0.995346 0.00465358 1
