0.986805 0.0131954 0
1.0 1.21106e-10 0
0.885614 0.114386 0
0.999948 5.21157e-05 0
0.82529 0.17471 0
1.0 2.53537e-09 0
0.999997 3.44916e-06 0
0.999822 0.00017775 0
0.999998 2.17222e-06 0
0.999999 1.33902e-06 0
0.999864 0.000136488 0
0.998433 0.00156698 0
0.999845 0.000154887 0
0.471771 0.528229 0
0.980705 0.0192952 0
0.975423 0.0245773 0
0.0490432 0.950957 0
0.999572 0.000427733 0
0.524169 0.475831 0
0.996025 0.00397464 0
0.662182 0.337818 0
0.276504 0.723496 0
1.0 3.57294e-07 0
0.337197 0.662803 0
0.977677 0.0223229 0
1.0 4.85844e-09 0
1.0 9.92759e-09 0
0.999893 0.000106921 0
0.998875 0.00112474 0
1.0 3.60514e-08 0
1.0 4.2481e-10 0
0.994262 0.0057385 0
1.0 4.30172e-09 0
1.0 7.7673e-09 0
0.0020316 0.997968 0
0.999997 3.23767e-06 0
1.0 1.44313e-08 0
0.980961 0.0190395 0
1.0 8.22425e-09 0
0.999996 4.12072e-06 0
1.0 6.04445e-11 0
0.926953 0.0730467 0
0.995599 0.00440111 0
0.999821 0.000179553 0
0.99828 0.00171998 0
1.0 1.97217e-13 0
0.999601 0.000398591 0
0.999963 3.67296e-05 0
1.0 7.57362e-11 0
0.996976 0.00302429 0
0.987038 0.0129622 0
1.0 4.87826e-09 0
0.999933 6.70484e-05 0
1.0 8.55467e-10 0
0.998593 0.00140697 0
1.0 1.48255e-09 0
1.0 5.61117e-12 0
0.93184 0.0681599 0
1.0 9.14299e-08 0
0.999925 7.46723e-05 0
0.0161004 0.9839 0
0.998949 0.00105079 0
0.535634 0.464365 0
1.0 6.66683e-08 0
0.051797 0.948203 0
1.0 6.87591e-08 0
0.994521 0.00547846 0
0.905423 0.0945766 0
0.93207 0.06793 0
1.0 7.97476e-09 0
0.999997 3.12111e-06 0
0.999999 1.37282e-06 0
1.0 1.67841e-07 0
1.0 3.15727e-10 0
0.789663 0.210337 0
0.995615 0.00438501 0
1.0 1.18285e-11 0
0.999999 6.50229e-07 0
1.0 1.07818e-12 0
0.999994 6.44328e-06 0
0.999999 1.36111e-06 0
0.999999 8.30953e-07 0
1.0 6.86027e-12 0
0.966226 0.0337735 0
0.99435 0.00564977 0
1.0 2.83628e-08 0
0.985415 0.0145851 0
1.0 3.42678e-12 0
0.660539 0.339461 0
0.999366 0.000633888 0
0.999899 0.000101406 0
1.0 2.54698e-07 0
0.999977 2.33501e-05 0
0.999993 6.74424e-06 0
1.0 4.25749e-07 0
1.0 1.37217e-09 0
1.0 2.50229e-10 0
0.999999 6.75795e-07 0
1.0 4.8613e-07 0
1.0 7.31564e-08 0
0.998106 0.00189356 0
0.999994 6.18273e-06 0
1.0 1.10536e-08 0
0.999963 3.73758e-05 0
1.0 9.71177e-14 0
0.907344 0.0926558 0
0.959835 0.0401649 0
0.00924958 0.99075 0
1.0 2.25834e-13 0
0.999995 4.84616e-06 0
1.0 6.43493e-08 0
1.0 3.99273e-11 0
0.550031 0.449969 0
1.0 1.12897e-11 0
1.0 2.2052e-11 0
1.0 2.32283e-10 0
1.0 6.43694e-08 0
0.0065851 0.993415 0
0.878307 0.121693 0
0.413374 0.586626 0
0.993177 0.00682295 0
0.99992 7.99147e-05 0
0.999993 6.99349e-06 0
1.0 8.50866e-08 0
1.0 2.20113e-10 0
0.999997 3.39158e-06 0
0.999921 7.85659e-05 0
0.999988 1.16923e-05 0
0.231634 0.768366 0
1.0 4.15364e-08 0
0.570487 0.429513 0
0.810601 0.189399 0
0.999791 0.000208791 0
0.999713 0.000286498 0
0.999978 2.18331e-05 0
1.0 6.75366e-13 0
0.0714636 0.928536 0
1.0 9.54571e-16 0
1.0 2.70631e-09 0
0.999693 0.000306677 0
0.999257 0.000742583 0
0.999988 1.21027e-05 0
1.0 2.7508e-08 0
1.0 1.09904e-09 0
0.999356 0.000644276 0
0.999993 6.52992e-06 0
1.0 4.7862e-07 0
0.992646 0.00735408 0
0.999999 7.82029e-07 0
0.905079 0.0949209 0
0.711621 0.288379 0
0.880505 0.119495 0
0.999973 2.66882e-05 0
0.996067 0.00393291 0
0.838945 0.161055 0
0.704391 0.295609 0
0.999805 0.000195369 0
8.43657e-05 0.999916 0
1.47139e-06 0.999999 0
0.999958 4.15892e-05 0
0.999979 2.08362e-05 0
0.999993 6.52319e-06 0
1.0 1.90043e-12 0
1.0 1.28825e-10 0
1.0 5.73648e-09 0
0.999686 0.000313596 0
0.989602 0.0103981 0
1.0 2.35497e-11 0
1.0 2.9004e-07 0
1.0 6.76345e-08 0
0.999546 0.000454311 0
0.98853 0.0114698 0
0.0561843 0.943816 0
0.999997 2.5228e-06 0
1.0 2.80541e-12 0
1.0 1.10863e-07 0
0.00703298 0.992967 0
0.999295 0.000704698 0
1.0 3.76381e-09 0
0.999998 2.22934e-06 0
1.0 6.34062e-10 0
0.999969 3.08543e-05 0
1.0 6.1592e-08 0
0.00318567 0.996814 0
0.129542 0.870458 0
0.618414 0.381586 0
1.0 1.13289e-08 0
0.0042771 0.995723 0
0.877067 0.122933 0
0.999551 0.000448609 0
1.0 2.04054e-10 0
0.999995 4.93112e-06 0
0.989702 0.0102981 0
0.999935 6.52384e-05 0
1.0 9.69598e-08 0
1.0 7.36044e-10 0
1.0 8.81985e-10 0
1.0 1.0324e-12 0
1.0 7.18062e-11 0
0.999997 2.86359e-06 0
0.999918 8.23203e-05 0
1.0 1.05652e-07 0
0.984733 0.0152671 0
1.0 6.84474e-09 0
0.974434 0.0255662 0
1.0 5.36035e-12 0
1.0 2.41638e-10 0
1.0 1.33654e-11 0
0.997158 0.00284239 0
0.999993 6.66509e-06 0
0.809651 0.190349 0
0.136875 0.863125 0
1.0 7.21136e-09 0
1.17635e-05 0.999988 0
0.999985 1.5318e-05 0
0.997629 0.00237135 0
0.997488 0.00251226 0
0.999999 7.28099e-07 0
0.489325 0.510675 0
0.991772 0.00822835 0
1.0 7.85584e-14 0
1.0 3.05667e-10 0
1.0 1.25077e-13 0
0.932761 0.0672392 0
0.994479 0.00552102 0
0.999994 5.95013e-06 0
4.49061e-06 0.999995 0
1.0 2.3217e-09 0
0.845311 0.154689 0
1.0 2.63412e-07 0
0.360757 0.639242 0
0.999968 3.21504e-05 0
1.0 3.17084e-11 0
1.0 2.17268e-12 0
0.99998 1.97211e-05 0
0.999985 1.46876e-05 0
1.0 5.03626e-19 0
0.995716 0.00428377 0
1.0 1.1069e-09 0
0.999999 8.50598e-07 0
0.161632 0.838368 0
1.0 1.28617e-10 0
0.0784949 0.921505 0
0.999999 7.19064e-07 0
0.999994 5.98366e-06 0
0.999847 0.000152673 0
0.999998 1.82547e-06 0
1.0 3.81895e-09 0
0.88284 0.11716 0
0.0531312 0.946869 0
0.998752 0.00124819 0
1.0 3.55083e-12 0
0.999855 0.000145233 0
0.999971 2.87448e-05 0
0.940211 0.0597887 0
0.999847 0.000153064 0
1.0 1.19021e-09 0
0.999959 4.12209e-05 0
0.000276992 0.999723 0
0.999999 1.48017e-06 0
0.999451 0.000548994 0
0.598689 0.401311 0
1.0 2.85592e-07 0
0.930201 0.0697989 0
1.0 2.85834e-10 0
1.0 1.35489e-09 0
1.0 2.22663e-09 0
1.0 1.67575e-11 0
0.999121 0.000878587 0
1.0 5.0585e-10 0
0.999972 2.85145e-05 0
0.018752 0.981248 0
0.999995 4.71841e-06 0
0.335137 0.664863 0
0.999997 2.90933e-06 0
1.0 5.18624e-10 0
0.999991 8.91303e-06 0
1.0 7.13268e-09 0
1.0 2.25767e-08 0
0.63418 0.36582 0
0.998805 0.00119481 0
0.999928 7.2059e-05 0
1.0 1.54112e-10 0
1.0 2.74559e-10 0
0.993478 0.00652193 0
0.965179 0.0348208 0
1.0 1.78101e-11 0
1.0 2.46326e-08 0
1.0 1.50957e-09 0
0.99994 5.97791e-05 0
0.310778 0.689222 0
1.0 3.83269e-09 0
0.000188777 0.999811 0
0.894711 0.105289 0
0.846714 0.153286 0
1.0 5.66719e-12 0
1.0 2.54032e-09 0
0.999998 2.24496e-06 0
1.0 1.2795e-13 0
1.0 8.35627e-09 0
0.079619 0.920381 0
0.999998 1.67351e-06 0
0.99976 0.000239617 0
1.0 1.44947e-12 0
1.0 8.67125e-11 0
1.0 6.2436e-09 0
0.0635394 0.936461 0
0.999999 6.39933e-07 0
1.0 2.27724e-14 0
1.0 1.69356e-10 0
1.0 1.22357e-07 0
0.624178 0.375822 0
1.0 4.0439e-08 0
1.0 2.9584e-09 0
0.989561 0.0104389 0
0.999997 2.70921e-06 0
0.991204 0.00879603 0
0.999438 0.000561721 0
0.999989 1.07586e-05 0
0.982953 0.017047 0
0.999957 4.26294e-05 0
0.999985 1.50889e-05 0
0.996042 0.00395825 0
1.0 4.26496e-13 0
0.0178323 0.982168 0
1.0 1.98125e-07 0
0.993266 0.00673364 0
0.999936 6.35176e-05 0
1.0 1.77737e-09 0
0.995478 0.00452173 0
0.999962 3.8163e-05 0
0.996674 0.00332586 0
0.998921 0.00107888 0
1.0 1.12049e-11 0
0.999997 2.89772e-06 0
0.999997 2.53977e-06 0
0.0211621 0.978838 0
0.992796 0.00720364 0
0.197187 0.802813 0
0.998809 0.00119149 0
1.0 1.65309e-08 0
0.999979 2.11708e-05 0
1.0 8.81749e-11 0
1.0 1.44046e-15 0
0.999952 4.7622e-05 0
1.0 4.46256e-08 0
1.0 3.16427e-08 0
0.761855 0.238145 0
0.999982 1.80549e-05 0
1.0 7.12763e-09 0
0.99659 0.00340958 0
0.410466 0.589534 0
0.998299 0.0017008 0
1.0 9.56189e-08 0
1.0 1.91483e-09 0
0.99989 0.000109996 0
1.0 1.79846e-09 0
0.992628 0.00737238 0
0.999998 2.21372e-06 0
0.88274 0.11726 0
0.998717 0.0012826 0
1.0 2.36996e-09 0
0.999785 0.000215466 0
1.0 2.00229e-09 0
0.999997 2.83848e-06 0
0.000839484 0.999161 0
1.0 1.69486e-10 0
1.0 1.28406e-11 0
0.999928 7.23033e-05 0
0.999999 1.45433e-06 0
0.998342 0.00165772 0
1.0 2.08147e-11 0
1.0 1.40157e-13 0
0.000378962 0.999621 0
0.999259 0.000740802 0
0.999999 6.32071e-07 0
1.0 2.37577e-08 0
1.0 1.7517e-08 0
0.999693 0.000307107 0
0.992398 0.00760189 0
0.999857 0.00014339 0
1.0 1.91152e-11 0
1.0 1.02766e-09 0
0.999991 8.52557e-06 0
1.0 3.14654e-08 0
0.999982 1.81857e-05 0
0.998433 0.00156661 0
1.0 6.84747e-08 0
8.64254e-06 0.999991 0
0.999879 0.000120649 0
4.37412e-06 0.999996 0
1.0 2.45523e-08 0
0.778346 0.221654 0
1.0 4.61507e-14 0
1.0 4.7123e-10 0
0.999858 0.000141485 0
0.999998 1.67874e-06 0
1.0 7.62071e-09 0
1.0 9.84857e-09 0
0.999327 0.00067288 0
0.946206 0.0537944 0
0.883337 0.116663 0
0.999996 3.51835e-06 0
1.0 1.04334e-09 0
0.999999 5.80304e-07 0
0.999814 0.000185845 0
1.0 4.03697e-07 0
0.995945 0.00405497 0
0.939051 0.060949 0
1.0 3.65402e-10 0
1.0 9.77797e-11 0
0.951136 0.0488642 0
0.999999 1.27311e-06 0
0.180121 0.819879 0
0.999957 4.34378e-05 0
0.431613 0.568387 0
0.762776 0.237224 0
0.92127 0.07873 0
0.999991 9.04582e-06 0
0.996248 0.00375166 0
0.999999 8.72431e-07 0
0.999799 0.000201024 0
0.282001 0.717999 0
0.996459 0.00354103 0
0.956468 0.043532 0
0.999646 0.000353531 0
0.990329 0.00967129 0
0.682745 0.317255 0
0.000690191 0.99931 0
1.0 8.72222e-08 0
0.901895 0.0981048 0
0.998813 0.00118749 0
3.0493e-08 1.0 0
1.0 6.11353e-08 0
0.999999 1.43318e-06 0
0.991658 0.00834158 0
0.999959 4.08865e-05 0
0.991759 0.00824049 0
0.99948 0.000520065 0
0.98419 0.0158096 0
1.0 4.7187e-10 0
0.999862 0.000137647 0
0.487244 0.512756 0
0.996028 0.00397162 0
0.955661 0.0443389 0
0.632399 0.367601 0
0.999993 6.60234e-06 0
0.999969 3.14458e-05 0
1.0 5.41108e-09 0
0.999635 0.000365139 0
1.0 1.18505e-07 0
1.0 1.43071e-10 0
0.996791 0.0032092 0
0.999801 0.000199276 0
0.999971 2.8786e-05 0
1.0 1.29443e-09 0
0.99937 0.000629621 0
1.0 3.54222e-11 0
0.341406 0.658594 0
0.136019 0.863981 0
0.997155 0.0028451 0
0.999992 7.93382e-06 0
0.99991 8.9484e-05 0
0.487464 0.512536 0
1.0 6.67126e-14 0
1.0 1.78418e-13 0
0.0239814 0.976019 0
1.0 3.28336e-11 0
0.032986 0.967014 0
1.0 6.41401e-10 0
0.99937 0.000630438 0
0.809965 0.190035 0
0.999613 0.00038681 0
0.999999 8.36498e-07 0
0.999892 0.000108338 0
0.999999 8.65129e-07 0
0.371158 0.628842 0
1.0 3.51136e-07 0
0.959046 0.0409541 0
0.263379 0.736621 0
1.0 3.57361e-07 0
0.0594261 0.940574 0
1.0 2.44847e-12 0
0.579219 0.420781 0
1.0 3.86264e-07 0
0.274633 0.725367 0
0.999985 1.50247e-05 0
0.897874 0.102126 0
0.999343 0.000657482 0
0.979276 0.0207238 0
0.981354 0.0186458 0
0.544881 0.455119 0
0.999884 0.000115891 0
0.999994 6.45237e-06 0
1.0 4.14218e-07 0
0.11431 0.88569 0
1.0 6.23714e-08 0
1.0 1.83218e-08 0
0.999836 0.000164381 0
0.0151921 0.984808 0
1.0 1.21501e-08 0
0.999991 8.65778e-06 0
0.222085 0.777915 0
1.0 5.7247e-12 0
1.0 1.82614e-07 0
0.999897 0.000103084 0
1.0 2.10247e-11 0
1.0 1.09665e-13 0
1.0 1.17259e-15 0
0.999999 6.05541e-07 0
1.0 2.56067e-07 0
0.999978 2.15808e-05 0
1.0 4.32368e-09 0
0.999963 3.67301e-05 0
1.0 4.40446e-07 0
1.0 2.34699e-07 0
0.445793 0.554207 0
0.488107 0.511893 0
1.0 4.41514e-13 0
0.0731133 0.926887 0
0.999981 1.9435e-05 0
0.899764 0.100236 0
0.99993 6.99687e-05 0
0.999999 7.50942e-07 0
0.899467 0.100533 0
1.0 2.92303e-09 0
1.0 7.83598e-09 0
0.999945 5.45594e-05 0
1.0 2.73765e-07 0
0.999968 3.18419e-05 0
0.999999 5.58439e-07 0
0.969209 0.0307913 0
0.465772 0.534228 0
1.0 8.88475e-09 0
1.0 9.34287e-12 0
0.00342515 0.996575 0
1.0 5.52261e-09 0
1.0 2.47467e-11 0
1.0 6.92711e-13 0
0.397584 0.602416 0
0.973973 0.0260273 0
0.827795 0.172205 0
0.999237 0.000763476 0
0.999993 7.34763e-06 0
0.973261 0.0267386 0
0.999109 0.000891406 0
0.999969 3.11624e-05 0
0.999999 1.31368e-06 0
0.0759125 0.924087 0
0.99271 0.00728992 0
1.0 5.44002e-09 0
0.999962 3.80193e-05 0
0.00225919 0.997741 0
0.338855 0.661145 0
0.653872 0.346128 0
1.0 6.65167e-10 0
1.0 3.11291e-11 0
0.999851 0.000148995 0
1.0 4.87613e-11 0
1.0 3.26483e-08 0
0.999969 3.11811e-05 0
0.677269 0.322731 0
0.938367 0.0616334 0
1.0 1.57415e-08 0
0.999986 1.4024e-05 0
1.0 4.44476e-10 0
0.00034253 0.999658 0
1.0 5.21183e-10 0
1.0 1.83629e-09 0
1.0 2.35621e-10 0
0.999801 0.000199312 0
1.0 4.80037e-10 0
0.146743 0.853257 0
0.0278945 0.972106 0
0.993708 0.00629172 0
0.974329 0.0256707 0
1.0 4.12944e-10 0
1.0 6.11375e-14 0
0.999977 2.339e-05 0
0.999936 6.36459e-05 0
0.553385 0.446615 0
1.0 3.32417e-09 0
1.0 2.76657e-07 0
0.987263 0.0127375 0
1.0 2.5425e-08 0
0.867141 0.132859 0
0.999379 0.000621021 0
0.758362 0.241638 0
1.0 1.58212e-12 0
4.52269e-05 0.999955 0
0.987608 0.0123925 0
0.999996 4.33314e-06 0
1.0 3.55968e-20 0
1.0 3.62238e-09 0
0.995898 0.00410249 0
1.0 3.94475e-08 0
1.0 9.95334e-08 0
0.362547 0.637453 0
0.349596 0.650404 0
0.999872 0.000127994 0
0.999467 0.000532958 0
0.999991 8.72885e-06 0
0.000413441 0.999587 0
0.993423 0.00657697 0
1.0 5.30185e-11 0
0.0852052 0.914795 0
1.0 2.71744e-16 0
0.999936 6.34863e-05 0
1.0 1.57789e-12 0
0.999997 3.39967e-06 0
0.997959 0.00204072 0
1.0 2.17313e-11 0
0.995996 0.00400383 0
0.553949 0.446051 0
0.999997 2.92322e-06 0
0.976609 0.0233914 0
0.0321232 0.967877 0
1.0 3.43193e-07 0
0.999738 0.000261925 0
0.987994 0.0120062 0
0.999982 1.76934e-05 0
1.0 3.26033e-11 0
0.911339 0.0886609 0
0.99815 0.00184979 0
2.60026e-06 0.999997 0
0.999996 4.22535e-06 0
0.999211 0.000789331 0
1.0 9.31373e-10 0
0.0598563 0.940144 0
1.0 2.88828e-16 0
0.999883 0.00011724 0
0.26662 0.73338 0
1.0 1.30392e-13 0
0.998927 0.00107289 0
0.994139 0.00586112 0
0.928342 0.0716582 0
1.0 1.5097e-09 0
0.999783 0.000217498 0
0.0266229 0.973377 0
1.0 3.40807e-11 0
0.999985 1.4652e-05 0
0.997777 0.00222258 0
0.902353 0.0976474 0
0.999998 2.40498e-06 0
1.0 5.29924e-08 0
1.0 9.16617e-09 0
0.999983 1.65735e-05 0
0.18199 0.81801 0
1.0 5.13627e-08 0
0.999996 3.90575e-06 0
1.0 8.13397e-09 0
0.924372 0.0756276 0
0.999998 1.86481e-06 0
1.0 1.52344e-07 0
0.997214 0.00278628 0
0.999988 1.24161e-05 0
0.418103 0.581897 0
1.0 1.77226e-10 0
0.999991 8.52684e-06 0
0.0574341 0.942566 0
0.999979 2.07766e-05 0
1.0 2.53034e-07 0
1.0 1.00712e-10 0
1.0 5.36876e-10 0
0.999595 0.000404887 0
0.586794 0.413206 0
0.000271654 0.999728 0
1.0 9.72329e-09 0
0.999983 1.65994e-05 0
1.0 1.28597e-11 0
0.998705 0.00129548 0
0.999999 6.16026e-07 0
0.888773 0.111227 0
0.604258 0.395742 0
0.999779 0.000221187 0
1.0 7.41406e-11 0
0.992225 0.00777539 0
1.0 5.21623e-12 0
0.999789 0.000211222 0
0.599643 0.400357 0
0.775642 0.224358 0
0.562791 0.437209 0
1.0 4.04097e-12 0
0.986788 0.0132118 0
1.0 2.18094e-07 0
0.99998 2.04404e-05 0
1.0 7.40624e-09 0
1.0 7.95239e-13 0
0.999847 0.00015278 0
0.743881 0.256119 0
0.998796 0.00120388 0
0.937586 0.0624139 0
1.0 4.51043e-09 0
1.0 1.33944e-07 0
0.999988 1.23193e-05 0
0.993426 0.00657358 0
0.999996 3.81229e-06 0
0.999767 0.000233437 0
0.999999 1.12749e-06 0
0.999999 9.88529e-07 0
0.00760276 0.992397 0
1.0 9.50284e-11 0
0.999888 0.000111596 0
1.0 2.48882e-08 0
0.999815 0.00018535 0
0.962154 0.0378464 0
0.999999 7.47434e-07 0
1.0 2.53573e-08 0
0.999998 1.69996e-06 0
0.999998 2.0904e-06 0
0.987157 0.0128435 0
1.0 1.31168e-10 0
0.993497 0.0065026 0
1.0 5.69262e-14 0
0.997345 0.00265469 0
0.999973 2.65715e-05 0
0.0335056 0.966494 0
0.9999 0.00010046 0
1.0 2.67013e-13 0
0.999998 2.43651e-06 0
0.959741 0.0402593 0
1.0 3.20934e-11 0
1.0 1.63202e-13 0
0.993412 0.00658776 0
0.465952 0.534048 0
1.0 5.6402e-08 0
1.0 3.26974e-10 0
0.282908 0.717092 0
1.0 2.66236e-11 0
0.000358306 0.999642 0
1.0 5.94226e-12 0
0.985136 0.0148644 0
1.0 3.12881e-11 0
1.0 7.51214e-13 0
1.0 7.16748e-12 0
0.993222 0.00677764 0
0.86952 0.13048 0
0.97595 0.0240504 0
1.0 2.33551e-10 0
0.999904 9.624e-05 0
0.999863 0.000136638 0
0.862738 0.137262 0
0.998929 0.00107071 0
0.99761 0.00238966 0
0.867765 0.132235 0
0.297805 0.702195 0
0.999153 0.000846808 0
0.9995 0.000500232 0
1.0 2.4629e-08 0
0.4918 0.5082 0
1.0 8.29269e-10 0
1.0 4.83426e-07 0
0.866648 0.133352 0
0.0187658 0.981234 0
1.0 2.49144e-09 0
0.999993 7.35906e-06 0
0.999605 0.000394803 0
1.0 6.49699e-13 0
0.997916 0.00208447 0
1.0 1.4147e-07 0
0.999082 0.000918292 0
0.99999 9.59582e-06 0
1.0 8.88753e-11 0
1.0 4.25333e-13 0
0.996321 0.0036794 0
0.342096 0.657904 0
1.0 5.09723e-09 0
1.0 4.14186e-07 0
0.988828 0.0111723 0
1.0 3.46162e-08 0
0.473661 0.526339 0
0.999972 2.84151e-05 0
0.998569 0.00143083 0
0.999995 4.73224e-06 0
0.99993 7.0157e-05 0
0.992941 0.00705889 0
0.99999 9.87672e-06 0
1.0 1.8141e-10 0
1.0 3.59895e-11 0
0.0226983 0.977302 0
0.999967 3.27049e-05 0
1.0 1.20526e-07 0
0.999726 0.000274124 0
0.999989 1.12114e-05 0
1.0 4.37509e-09 0
0.999642 0.000357959 0
0.968592 0.0314083 0
1.0 7.73026e-09 0
0.302323 0.697677 0
1.0 3.5264e-13 0
0.99013 0.00987011 0
0.99994 5.99944e-05 0
0.985691 0.0143087 0
1.0 4.77197e-14 0
0.999992 8.24196e-06 0
0.997465 0.00253499 0
1.0 3.03423e-09 0
0.974344 0.0256557 0
0.990226 0.00977429 0
1.0 1.64233e-08 0
0.999483 0.000516735 0
1.0 8.48018e-08 0
1.0 1.39989e-09 0
0.869783 0.130217 0
1.0 5.65957e-10 0
0.99965 0.000350316 0
0.999913 8.74607e-05 0
0.549719 0.450281 0
0.999998 2.23654e-06 0
1.0 2.24409e-12 0
1.0 2.29043e-11 0
0.999923 7.74972e-05 0
0.999999 8.67885e-07 0
0.999978 2.19686e-05 0
1.0 1.7029e-07 0
0.405638 0.594361 0
0.99998 1.95285e-05 0
0.993492 0.00650842 0
1.0 9.9895e-08 0
1.0 4.68899e-12 0
1.0 1.48408e-08 0
0.99999 1.03367e-05 0
0.611597 0.388403 0
0.000284832 0.999715 0
1.0 2.36512e-09 0
0.935977 0.0640229 0
0.330233 0.669767 0
0.999989 1.14097e-05 0
1.0 1.14767e-09 0
0.999984 1.61649e-05 0
1.0 4.02059e-07 0
0.999914 8.58699e-05 0
1.0 1.17951e-10 0
0.999939 6.05757e-05 0
1.0 2.7409e-07 0
1.0 3.82901e-08 0
1.0 3.08691e-13 0
1.0 6.62059e-11 0
0.999875 0.000125431 0
0.750971 0.249029 0
0.999999 8.65583e-07 0
1.0 2.02438e-07 0
1.0 2.16754e-10 0
0.999997 2.93025e-06 0
0.999924 7.56863e-05 0
1.0 1.85279e-13 0
0.811563 0.188437 0
0.99045 0.00954955 0
0.967062 0.0329379 0
0.999275 0.00072508 0
1.0 1.68812e-07 0
0.87401 0.12599 0
0.999997 2.71508e-06 0
0.999984 1.57262e-05 0
0.999999 1.29377e-06 0
1.0 4.39689e-10 0
1.0 7.8687e-11 0
0.999898 0.000101702 0
1.0 1.0981e-07 0
0.999999 7.77532e-07 0
1.0 8.72349e-08 0
1.0 6.3118e-10 0
1.0 1.44464e-10 0
0.999982 1.80062e-05 0
0.999998 1.68405e-06 0
0.999859 0.000141376 0
0.999126 0.00087354 0
1.0 1.31285e-17 0
0.15339 0.84661 0
0.999918 8.19222e-05 0
0.999984 1.58574e-05 0
1.0 4.32748e-07 0
0.999996 3.97629e-06 0
0.557974 0.442026 0
0.835221 0.164779 0
0.979699 0.0203006 0
0.913441 0.0865592 0
1.0 1.91022e-10 0
0.991307 0.0086926 0
0.999933 6.71802e-05 0
1.0 2.76694e-11 0
0.804486 0.195514 0
0.999729 0.000271115 0
0.95123 0.0487705 0
0.000505554 0.999494 0
1.0 8.04335e-08 0
1.0 2.83581e-07 0
0.999998 2.12743e-06 0
0.999931 6.92847e-05 0
0.389687 0.610313 0
1.0 1.33686e-08 0
1.0 7.17407e-09 0
0.999987 1.33713e-05 0
0.858122 0.141878 0
0.999981 1.92095e-05 0
0.997958 0.00204178 0
1.0 1.0201e-07 0
1.0 2.11072e-09 0
0.981718 0.0182824 0
0.513685 0.486315 0
1.0 3.84747e-08 0
0.695062 0.304938 0
0.996035 0.00396524 0
0.999983 1.67687e-05 0
1.0 1.84404e-10 0
1.0 2.83415e-07 0
0.999935 6.46369e-05 0
1.0 4.0685e-11 0
1.0 2.79503e-10 0
1.0 4.86965e-10 0
0.999999 1.29145e-06 0
0.999999 6.58168e-07 0
1.0 1.66154e-12 0
0.999661 0.000338823 0
1.0 7.83929e-09 0
1.0 2.59372e-16 0
1.0 3.18619e-10 0
0.999998 1.89279e-06 0
1.0 1.75325e-08 0
0.968655 0.0313449 0
1.0 3.22257e-08 0
1.0 2.97594e-09 0
0.976645 0.0233554 0
0.999989 1.12013e-05 0
1.0 8.23758e-10 0
0.993781 0.00621926 0
0.999943 5.73077e-05 0
0.999962 3.76142e-05 0
1.0 1.50585e-09 0
1.0 4.85615e-12 0
0.993056 0.00694401 0
0.999998 2.41211e-06 0
0.979881 0.020119 0
1.0 2.06583e-08 0
1.0 1.66116e-09 0
0.999999 6.25092e-07 0
1.0 1.69752e-08 0
0.98552 0.0144804 0
0.999883 0.000117375 0
0.948789 0.0512109 0
1.0 5.40334e-12 0
1.0 3.13062e-09 0
1.0 7.06324e-12 0
0.809146 0.190854 0
1.0 1.66555e-07 0
0.961383 0.038617 0
1.0 4.0711e-14 0
0.998923 0.00107718 0
1.0 3.45085e-13 0
0.999994 5.93717e-06 0
1.0 7.52283e-10 0
0.138544 0.861456 0
0.998212 0.00178754 0
1.0 1.12674e-12 0
0.969134 0.030866 0
1.0 3.32924e-09 0
0.999981 1.92744e-05 0
0.999995 4.62702e-06 0
1.0 4.73692e-14 0
0.998397 0.00160324 0
0.999986 1.37869e-05 0
1.0 1.69251e-12 0
1.0 4.99994e-10 0
0.766453 0.233547 0
0.999988 1.15533e-05 0
0.973417 0.0265829 0
0.996901 0.00309867 0
0.0623033 0.937697 0
0.999999 9.37929e-07 0
0.979795 0.020205 0
0.000192074 0.999808 0
0.97976 0.0202403 0
0.999991 8.90774e-06 0
0.983941 0.0160593 0
0.503596 0.496404 0
0.989495 0.0105051 0
0.999682 0.000317815 0
1.0 2.33788e-12 0
0.999965 3.51485e-05 0
1.0 1.73717e-10 0
1.0 4.29632e-10 0
0.000111239 0.999889 0
0.0234778 0.976522 0
0.632457 0.367543 0
0.999747 0.000252933 0
0.999998 1.7356e-06 0
0.999994 5.87558e-06 0
1.0 3.08146e-08 0
1.0 8.46494e-12 0
0.905728 0.0942724 0
0.999999 5.79775e-07 0
0.990513 0.00948738 0
0.0824566 0.917543 0
1.0 2.03695e-07 0
0.99989 0.000109765 0
0.990942 0.00905802 0
0.999997 2.75967e-06 0
0.555491 0.444509 0
1.0 2.51033e-08 0
0.99892 0.00108027 0
0.000165559 0.999834 1
0.888908 0.111092 1
0.949585 0.0504151 1
7.10574e-05 0.999929 1
0.0431965 0.956804 1
0.112772 0.887228 1
0.798751 0.201249 1
1.66428e-07 1.0 1
0.389249 0.610751 1
2.76833e-05 0.999972 1
0.227436 0.772564 1
0.843056 0.156944 1
0.0189181 0.981082 1
0.675197 0.324803 1
0.000698286 0.999302 1
0.000875873 0.999124 1
0.0297486 0.970251 1
1.19512e-06 0.999999 1
0.999637 0.000363081 1
0.85509 0.14491 1
0.0302208 0.969779 1
0.00276572 0.997234 1
6.4175e-06 0.999994 1
0.16767 0.83233 1
1.04225e-05 0.99999 1
0.379752 0.620248 1
0.0394968 0.960503 1
2.41251e-05 0.999976 1
0.0366438 0.963356 1
5.82271e-05 0.999942 1
0.000238594 0.999761 1
0.553867 0.446133 1
0.908899 0.0911008 1
5.47777e-06 0.999995 1
0.231991 0.768009 1
0.203195 0.796805 1
0.00184896 0.998151 1
0.000560678 0.999439 1
3.60433e-06 0.999996 1
1.61579e-05 0.999984 1
2.71979e-06 0.999997 1
0.00193155 0.998069 1
0.279595 0.720405 1
0.625874 0.374126 1
0.00364002 0.99636 1
0.128017 0.871983 1
7.86431e-05 0.999921 1
0.243704 0.756296 1
0.195523 0.804477 1
0.999992 7.94722e-06 1
1.3444e-06 0.999999 1
0.0124897 0.98751 1
0.470695 0.529305 1
1.02869e-07 1.0 1
0.0892285 0.910771 1
0.0509715 0.949028 1
5.01623e-05 0.99995 1
6.56986e-05 0.999934 1
0.535746 0.464254 1
0.000467858 0.999532 1
0.0881109 0.911889 1
0.991353 0.00864723 1
1.78339e-06 0.999998 1
0.00150675 0.998493 1
0.000796191 0.999204 1
0.362875 0.637125 1
0.000142726 0.999857 1
0.0496222 0.950378 1
0.902433 0.0975675 1
0.000316792 0.999683 1
7.50532e-06 0.999992 1
0.245748 0.754252 1
0.245227 0.754773 1
0.000643844 0.999356 1
0.898779 0.101221 1
0.0144335 0.985566 1
0.000139293 0.999861 1
0.155295 0.844705 1
2.39007e-07 1.0 1
0.0736003 0.9264 1
0.000589792 0.99941 1
0.000678099 0.999322 1
0.999017 0.000982976 1
1.17384e-07 1.0 1
0.740448 0.259552 1
0.0436983 0.956302 1
2.26029e-06 0.999998 1
0.00118636 0.998814 1
0.0587797 0.94122 1
0.00103859 0.998961 1
0.006037 0.993963 1
5.46835e-06 0.999995 1
0.992221 0.00777871 1
0.0013988 0.998601 1
7.0719e-05 0.999929 1
0.144085 0.855915 1
4.2641e-05 0.999957 1
0.998209 0.0017915 1
0.0220559 0.977944 1
0.0182849 0.981715 1
4.74096e-09 1.0 1
0.00127374 0.998726 1
0.722957 0.277043 1
0.000877567 0.999122 1
8.56219e-05 0.999914 1
0.961462 0.0385382 1
0.00204109 0.997959 1
0.00334454 0.996655 1
0.00327461 0.996725 1
0.000284861 0.999715 1
7.36172e-05 0.999926 1
0.255847 0.744153 1
0.298881 0.701119 1
0.000239158 0.999761 1
0.87749 0.12251 1
0.000107401 0.999893 1
0.00023616 0.999764 1
7.7792e-06 0.999992 1
0.000175151 0.999825 1
0.000480555 0.999519 1
0.998956 0.00104379 1
0.944043 0.0559575 1
0.00554757 0.994452 1
0.993318 0.00668181 1
5.09963e-06 0.999995 1
0.831827 0.168173 1
0.999272 0.000728121 1
9.29421e-05 0.999907 1
2.08546e-07 1.0 1
0.0741493 0.925851 1
0.000635764 0.999364 1
0.0011693 0.998831 1
0.00550928 0.994491 1
2.07781e-05 0.999979 1
0.296907 0.703093 1
0.000337152 0.999663 1
0.00021744 0.999783 1
2.27562e-06 0.999998 1
0.000134088 0.999866 1
1.6049e-05 0.999984 1
1.20657e-07 1.0 1
0.973094 0.0269064 1
0.483062 0.516938 1
0.969066 0.0309338 1
0.0811082 0.918892 1
0.0123465 0.987654 1
0.0265294 0.973471 1
1.03194e-08 1.0 1
1.55236e-05 0.999985 1
0.0497527 0.950247 1
8.16643e-05 0.999918 1
6.14868e-07 0.999999 1
0.0727122 0.927288 1
0.00109899 0.998901 1
0.999999 5.48705e-07 1
0.000853645 0.999146 1
0.00235634 0.997644 1
0.000566302 0.999434 1
0.8174 0.1826 1
0.000281402 0.999719 1
0.12046 0.87954 1
0.0127061 0.987294 1
2.37133e-07 1.0 1
4.32561e-06 0.999996 1
0.00615897 0.993841 1
0.0717843 0.928216 1
0.997516 0.0024843 1
0.999999 7.48613e-07 1
0.00418741 0.995813 1
0.0642095 0.93579 1
1.34993e-06 0.999999 1
0.000325647 0.999674 1
0.999541 0.000459454 1
0.00142528 0.998575 1
0.213403 0.786597 1
0.0154267 0.984573 1
0.223569 0.77643 1
0.998283 0.0017173 1
1.12619e-07 1.0 1
0.0398451 0.960155 1
0.000190445 0.99981 1
0.162106 0.837894 1
0.00706608 0.992934 1
4.62331e-07 1.0 1
0.953176 0.0468244 1
0.280013 0.719987 1
0.993147 0.00685339 1
0.974285 0.0257154 1
0.0516667 0.948333 1
0.873631 0.126369 1
5.3031e-06 0.999995 1
0.817999 0.182001 1
0.657295 0.342705 1
0.411864 0.588135 1
0.975222 0.0247782 1
0.99993 6.99205e-05 1
0.770946 0.229054 1
0.0246359 0.975364 1
4.08999e-05 0.999959 1
0.647555 0.352445 1
0.000737884 0.999262 1
0.0650747 0.934925 1
3.93308e-07 1.0 1
0.185886 0.814114 1
0.997021 0.0029787 1
0.0589845 0.941016 1
4.69449e-08 1.0 1
0.080941 0.919059 1
0.000359362 0.999641 1
3.07191e-05 0.999969 1
4.55533e-05 0.999954 1
5.27398e-06 0.999995 1
0.177501 0.822499 1
1.02327e-08 1.0 1
0.804581 0.195419 1
6.09146e-05 0.999939 1
0.997619 0.0023813 1
0.00029932 0.999701 1
0.000130125 0.99987 1
5.29501e-07 1.0 1
0.0505425 0.949458 1
0.000334332 0.999666 1
1.91203e-06 0.999998 1
0.00246126 0.997539 1
2.70076e-06 0.999997 1
0.00261074 0.997389 1
0.000145147 0.999855 1
0.982768 0.0172316 1
0.0590071 0.940993 1
0.96091 0.0390899 1
0.277197 0.722803 1
0.0508147 0.949185 1
0.00190847 0.998092 1
0.000624698 0.999375 1
0.00108415 0.998916 1
0.00230259 0.997697 1
0.796618 0.203382 1
0.371512 0.628488 1
0.052513 0.947487 1
6.64664e-06 0.999993 1
0.000516782 0.999483 1
0.999994 5.98472e-06 1
0.203955 0.796045 1
0.000543076 0.999457 1
0.798468 0.201532 1
1.87784e-12 1.0 1
0.905537 0.0944629 1
1.46042e-07 1.0 1
0.00334718 0.996653 1
2.75306e-07 1.0 1
7.75314e-05 0.999923 1
1.78162e-05 0.999982 1
0.827211 0.172789 1
0.00240919 0.997591 1
0.999742 0.000258356 1
0.0980578 0.901942 1
5.59918e-05 0.999944 1
0.000456324 0.999544 1
7.05001e-06 0.999993 1
1.0 4.89616e-08 1
0.000259139 0.999741 1
0.449063 0.550937 1
0.303246 0.696754 1
0.00592737 0.994073 1
0.00110791 0.998892 1
0.000354091 0.999646 1
5.74534e-06 0.999994 1
3.14157e-08 1.0 1
0.112378 0.887622 1
1.13032e-06 0.999999 1
0.0420757 0.957924 1
0.999559 0.000441338 1
0.999873 0.000126547 1
0.0662218 0.933778 1
0.000502058 0.999498 1
5.95889e-06 0.999994 1
8.75605e-07 0.999999 1
0.006073 0.993927 1
1.06507e-06 0.999999 1
3.87682e-08 1.0 1
0.000135287 0.999865 1
4.37025e-05 0.999956 1
1.0 2.63227e-10 1
0.0190708 0.980929 1
0.252503 0.747497 1
1.98784e-06 0.999998 1
2.87979e-05 0.999971 1
0.219276 0.780724 1
6.26054e-07 0.999999 1
0.242626 0.757374 1
0.0010983 0.998902 1
7.1728e-08 1.0 1
0.210982 0.789018 1
5.78585e-07 0.999999 1
0.0337668 0.966233 1
0.0033516 0.996648 1
8.30629e-09 1.0 1
0.069484 0.930516 1
0.0638239 0.936176 1
0.976108 0.023892 1
6.60894e-06 0.999993 1
0.626073 0.373927 1
0.000164269 0.999836 1
5.01691e-05 0.99995 1
0.42015 0.57985 1
3.50806e-05 0.999965 1
0.457339 0.542661 1
0.00348211 0.996518 1
0.0272513 0.972749 1
0.000430567 0.999569 1
1.17568e-05 0.999988 1
0.997555 0.00244537 1
0.012057 0.987943 1
1.50271e-05 0.999985 1
0.67221 0.32779 1
0.125695 0.874305 1
0.672537 0.327463 1
0.000288546 0.999711 1
0.999708 0.000292348 1
0.00212658 0.997873 1
0.986094 0.0139057 1
6.96552e-05 0.99993 1
0.00113293 0.998867 1
0.000101129 0.999899 1
0.0253518 0.974648 1
0.00561759 0.994382 1
0.0533104 0.94669 1
0.000127924 0.999872 1
1.18405e-07 1.0 1
4.96649e-06 0.999995 1
0.00127999 0.99872 1
6.36143e-07 0.999999 1
8.64854e-05 0.999913 1
0.947806 0.0521941 1
0.990954 0.00904622 1
0.440337 0.559663 1
0.0679568 0.932043 1
0.974045 0.0259548 1
1.35956e-05 0.999986 1
0.968864 0.0311357 1
0.180178 0.819822 1
2.75667e-06 0.999997 1
0.384863 0.615137 1
0.30333 0.69667 1
0.258146 0.741854 1
0.0365484 0.963452 1
0.000162649 0.999837 1
0.00766625 0.992334 1
4.3009e-05 0.999957 1
0.0130651 0.986935 1
0.00121498 0.998785 1
0.0715786 0.928421 1
0.71558 0.28442 1
0.972929 0.0270714 1
0.841016 0.158984 1
1.76086e-05 0.999982 1
0.000148132 0.999852 1
0.995231 0.00476918 1
2.95148e-07 1.0 1
9.24162e-05 0.999908 1
0.999986 1.39971e-05 1
0.00121814 0.998782 1
0.995884 0.00411594 1
0.000146556 0.999853 1
6.63117e-05 0.999934 1
0.595025 0.404975 1
0.275839 0.724161 1
0.999984 1.63207e-05 1
0.871801 0.128199 1
0.0127486 0.987251 1
0.985108 0.014892 1
4.54665e-07 1.0 1
0.971686 0.0283142 1
0.998523 0.00147713 1
0.000542719 0.999457 1
1.0 1.81303e-07 1
0.36211 0.63789 1
0.999481 0.000519452 1
0.674815 0.325185 1
1.73419e-05 0.999983 1
0.0863205 0.913679 1
1.49757e-05 0.999985 1
3.62534e-06 0.999996 1
0.021488 0.978512 1
7.84461e-05 0.999922 1
0.00113397 0.998866 1
0.0469274 0.953073 1
0.999962 3.77929e-05 1
0.977076 0.0229235 1
1.42776e-07 1.0 1
0.304835 0.695165 1
1.0 1.39413e-09 1
0.00830849 0.991691 1
7.76136e-08 1.0 1
0.0307665 0.969233 1
0.954862 0.0451381 1
1.95994e-08 1.0 1
0.00112861 0.998871 1
0.889537 0.110463 1
0.622892 0.377108 1
0.038309 0.961691 1
2.16807e-05 0.999978 1
0.00012047 0.999879 1
0.000596336 0.999404 1
0.0159574 0.984043 1
0.999577 0.000422822 1
4.8649e-05 0.999951 1
0.995684 0.00431588 1
0.000400403 0.9996 1
0.841526 0.158474 1
0.389277 0.610723 1
0.783097 0.216903 1
0.999527 0.000472535 1
0.00769786 0.992302 1
0.266404 0.733596 1
0.999596 0.0004044 1
0.000280551 0.999719 1
8.42167e-06 0.999992 1
0.000531279 0.999469 1
2.69605e-05 0.999973 1
0.00210169 0.997898 1
0.00380759 0.996192 1
0.999721 0.000278549 1
1.75016e-05 0.999982 1
0.0016836 0.998316 1
6.66913e-07 0.999999 1
0.000877243 0.999123 1
0.00155734 0.998443 1
0.0125857 0.987414 1
0.786661 0.213339 1
1.38736e-06 0.999999 1
3.75947e-07 1.0 1
0.797343 0.202657 1
3.94826e-05 0.999961 1
3.1114e-06 0.999997 1
0.948372 0.0516279 1
0.465036 0.534964 1
0.212957 0.787043 1
7.57386e-07 0.999999 1
5.00397e-06 0.999995 1
0.65544 0.34456 1
7.34115e-06 0.999993 1
0.00151712 0.998483 1
0.33544 0.66456 1
0.378045 0.621955 1
0.999919 8.13496e-05 1
0.00316159 0.996838 1
0.995717 0.00428289 1
9.62329e-09 1.0 1
1.22616e-06 0.999999 1
0.000518787 0.999481 1
0.977168 0.0228319 1
0.00238673 0.997613 1
2.3677e-06 0.999998 1
0.0204041 0.979596 1
0.00375716 0.996243 1
0.00123945 0.998761 1
0.997585 0.00241479 1
0.154402 0.845598 1
8.05809e-05 0.999919 1
0.0041657 0.995834 1
0.00194849 0.998052 1
3.04362e-05 0.99997 1
0.665313 0.334687 1
0.820545 0.179455 1
0.00035249 0.999647 1
0.00672384 0.993276 1
1.73901e-05 0.999983 1
0.793822 0.206178 1
6.21331e-08 1.0 1
0.00308494 0.996915 1
0.139826 0.860174 1
0.000893905 0.999106 1
0.00568088 0.994319 1
4.27228e-05 0.999957 1
0.204787 0.795213 1
3.88645e-06 0.999996 1
0.000606031 0.999394 1
0.000109027 0.999891 1
0.00866905 0.991331 1
2.875e-05 0.999971 1
0.535113 0.464887 1
0.0774199 0.92258 1
0.999899 0.000101382 1
0.78242 0.21758 1
6.43859e-07 0.999999 1
0.000426581 0.999573 1
0.000301646 0.999698 1
0.346228 0.653772 1
0.0494944 0.950506 1
3.34016e-09 1.0 1
1.35291e-09 1.0 1
0.533628 0.466372 1
0.860324 0.139676 1
0.000355713 0.999644 1
0.00441271 0.995587 1
0.999816 0.000183898 1
1.0 4.45978e-10 1
0.934979 0.0650215 1
0.0120796 0.98792 1
0.000409611 0.99959 1
0.000531429 0.999469 1
7.87732e-05 0.999921 1
1.6614e-05 0.999983 1
6.30998e-05 0.999937 1
0.87456 0.12544 1
0.00955197 0.990448 1
0.0593583 0.940642 1
5.28075e-06 0.999995 1
1.09281e-05 0.999989 1
0.952316 0.0476838 1
0.00654932 0.993451 1
0.00504224 0.994958 1
0.00132585 0.998674 1
0.0208246 0.979175 1
0.69842 0.30158 1
1.41173e-05 0.999986 1
1.08328e-06 0.999999 1
4.29179e-06 0.999996 1
0.638225 0.361775 1
0.14756 0.85244 1
0.989492 0.0105083 1
0.999575 0.000425331 1
0.00103068 0.998969 1
8.60054e-06 0.999991 1
0.00260334 0.997397 1
0.185818 0.814182 1
0.118384 0.881616 1
2.03309e-06 0.999998 1
0.938015 0.0619854 1
0.976941 0.0230595 1
2.29848e-05 0.999977 1
0.000452847 0.999547 1
0.197943 0.802057 1
6.77935e-05 0.999932 1
0.515293 0.484707 1
0.999771 0.00022941 1
3.46943e-06 0.999997 1
0.04091 0.95909 1
0.00249062 0.997509 1
0.00100143 0.998999 1
0.980901 0.0190994 1
0.96164 0.0383598 1
0.000280079 0.99972 1
0.0071918 0.992808 1
0.00103436 0.998966 1
0.631753 0.368247 1
0.287471 0.712529 1
4.22821e-05 0.999958 1
0.848692 0.151308 1
5.0865e-07 1.0 1
0.280688 0.719312 1
0.000129312 0.999871 1
0.00126091 0.998739 1
8.31236e-07 0.999999 1
0.0568503 0.94315 1
0.00152341 0.998477 1
0.000622244 0.999378 1
7.89219e-08 1.0 1
0.0348508 0.965149 1
5.80908e-07 0.999999 1
0.043389 0.956611 1
0.00238227 0.997618 1
2.4103e-06 0.999998 1
0.0195104 0.98049 1
0.00313785 0.996862 1
0.000161056 0.999839 1
2.13835e-06 0.999998 1
0.00200343 0.997997 1
0.0288586 0.971141 1
0.939213 0.0607872 1
0.999082 0.000917529 1
0.00194011 0.99806 1
0.000796252 0.999204 1
0.00305583 0.996944 1
0.0134742 0.986526 1
0.00754446 0.992455 1
2.29782e-06 0.999998 1
9.63924e-06 0.99999 1
0.169081 0.830919 1
2.1192e-05 0.999979 1
0.000163447 0.999837 1
0.487755 0.512245 1
0.0593284 0.940672 1
1.24176e-05 0.999988 1
0.0016094 0.998391 1
0.998515 0.00148467 1
0.0129366 0.987063 1
0.000136467 0.999864 1
9.18926e-06 0.999991 1
0.000310006 0.99969 1
0.0189171 0.981083 1
0.0162928 0.983707 1
0.996018 0.00398183 1
0.96699 0.0330099 1
0.00289153 0.997109 1
0.994427 0.00557314 1
0.000375769 0.999624 1
3.49896e-06 0.999997 1
0.0565712 0.943429 1
0.0052525 0.994747 1
0.103042 0.896958 1
0.00257706 0.997423 1
0.256276 0.743724 1
0.999907 9.28198e-05 1
0.0032714 0.996729 1
3.01835e-05 0.99997 1
0.0435287 0.956471 1
0.227186 0.772814 1
0.137684 0.862316 1
4.62972e-07 1.0 1
0.000742319 0.999258 1
1.38634e-05 0.999986 1
0.000224925 0.999775 1
0.155131 0.844869 1
3.75832e-06 0.999996 1
1.88461e-05 0.999981 1
0.387002 0.612998 1
0.00151108 0.998489 1
0.161875 0.838125 1
0.941455 0.0585452 1
0.992411 0.00758953 1
0.0196924 0.980308 1
0.998065 0.00193522 1
0.00493813 0.995062 1
0.000157619 0.999842 1
9.69882e-08 1.0 1
0.999308 0.000692489 1
0.209723 0.790277 1
0.0107794 0.989221 1
3.67839e-05 0.999963 1
0.74579 0.25421 1
0.628482 0.371518 1
0.0845984 0.915402 1
9.26029e-05 0.999907 1
0.000849726 0.99915 1
6.89989e-08 1.0 1
0.000495626 0.999504 1
0.329375 0.670625 1
0.000101058 0.999899 1
0.368222 0.631778 1
6.7471e-08 1.0 1
0.223212 0.776788 1
0.992003 0.00799662 1
0.000124446 0.999876 1
5.613e-08 1.0 1
0.0713441 0.928656 1
5.9253e-06 0.999994 1
2.83213e-06 0.999997 1
0.999046 0.000953728 1
0.00349045 0.996509 1
6.98096e-06 0.999993 1
0.0334832 0.966517 1
1.10252e-07 1.0 1
1.86535e-05 0.999981 1
0.0932416 0.906758 1
0.00147469 0.998525 1
0.00228298 0.997717 1
0.264474 0.735526 1
0.00833317 0.991667 1
0.000127006 0.999873 1
0.708731 0.291269 1
0.000206821 0.999793 1
0.993633 0.00636691 1
2.82798e-06 0.999997 1
8.27734e-05 0.999917 1
0.000802165 0.999198 1
0.000316621 0.999683 1
0.019786 0.980214 1
0.00845314 0.991547 1
0.00435846 0.995642 1
2.70771e-07 1.0 1
3.41074e-08 1.0 1
0.0232547 0.976745 1
0.168929 0.831071 1
0.000664875 0.999335 1
0.000761167 0.999239 1
0.000185441 0.999815 1
0.17215 0.82785 1
0.0439787 0.956021 1
2.98586e-06 0.999997 1
0.944566 0.0554336 1
0.580421 0.419579 1
0.0143757 0.985624 1
1.36765e-05 0.999986 1
0.285361 0.714638 1
0.00769631 0.992304 1
0.00737143 0.992629 1
0.999998 1.91643e-06 1
0.140227 0.859773 1
0.000205126 0.999795 1
8.91164e-08 1.0 1
0.058513 0.941487 1
0.00108064 0.998919 1
0.00426207 0.995738 1
0.00220517 0.997795 1
0.0553561 0.944644 1
5.49099e-06 0.999995 1
1.0 1.6933e-07 1
1.72191e-05 0.999983 1
0.000439226 0.999561 1
6.3673e-07 0.999999 1
0.385609 0.614391 1
0.00420714 0.995793 1
1.32324e-05 0.999987 1
1.642e-07 1.0 1
2.83112e-05 0.999972 1
0.524472 0.475528 1
0.972442 0.0275576 1
0.318532 0.681468 1
0.0850086 0.914991 1
0.0187838 0.981216 1
0.010195 0.989805 1
1.13008e-05 0.999989 1
0.00564233 0.994358 1
0.27771 0.72229 1
0.524773 0.475227 1
0.0747552 0.925245 1
0.00971292 0.990287 1
4.14624e-05 0.999959 1
1.57013e-05 0.999984 1
0.981893 0.0181066 1
0.831759 0.168241 1
5.48847e-06 0.999995 1
0.00831093 0.991689 1
0.011279 0.988721 1
7.80396e-14 1.0 1
5.10082e-05 0.999949 1
0.000188416 0.999812 1
0.0104575 0.989542 1
0.0253107 0.974689 1
6.9489e-06 0.999993 1
0.00318966 0.99681 1
0.0139501 0.98605 1
0.0175117 0.982488 1
0.464444 0.535556 1
0.0164755 0.983524 1
0.013955 0.986045 1
0.000142622 0.999857 1
2.30901e-06 0.999998 1
0.999819 0.000180543 1
2.21701e-07 1.0 1
0.000148803 0.999851 1
0.99949 0.000510437 1
7.0199e-05 0.99993 1
0.207967 0.792033 1
0.000161568 0.999838 1
0.871037 0.128963 1
0.000375452 0.999624 1
0.885783 0.114217 1
0.0871921 0.912808 1
0.0665353 0.933465 1
6.33962e-05 0.999937 1
0.000737048 0.999263 1
0.985806 0.0141939 1
3.71877e-05 0.999963 1
0.0897423 0.910258 1
1.0 2.895e-14 1
0.632297 0.367703 1
1.81298e-05 0.999982 1
0.964232 0.0357677 1
0.0311442 0.968856 1
0.817578 0.182422 1
0.48027 0.51973 1
0.995601 0.0043987 1
6.7744e-07 0.999999 1
0.000600018 0.9994 1
0.00248375 0.997516 1
0.00014535 0.999855 1
0.645537 0.354463 1
4.67971e-05 0.999953 1
6.62842e-05 0.999934 1
0.0109631 0.989037 1
0.0476534 0.952347 1
0.115727 0.884273 1
0.917997 0.0820029 1
0.00165157 0.998348 1
1.75117e-06 0.999998 1
8.81276e-08 1.0 1
0.00097864 0.999021 1
0.00797901 0.992021 1
0.961092 0.0389081 1
1.83616e-06 0.999998 1
0.000170821 0.999829 1
0.00086752 0.999132 1
0.00317815 0.996822 1
0.00322594 0.996774 1
0.522288 0.477712 1
0.437005 0.562995 1
0.000112133 0.999888 1
9.25072e-06 0.999991 1
0.831305 0.168695 1
0.0913544 0.908646 1
0.00243464 0.997565 1
0.154572 0.845428 1
0.759211 0.240789 1
0.0889399 0.91106 1
0.999863 0.000136894 1
0.0080675 0.991932 1
0.0360189 0.963981 1
0.999999 8.42518e-07 1
0.000573741 0.999426 1
0.130047 0.869953 1
0.731772 0.268228 1
4.35493e-07 1.0 1
0.306296 0.693704 1
1.8978e-05 0.999981 1
9.95441e-07 0.999999 1
0.932201 0.0677986 1
0.000700871 0.999299 1
5.95767e-07 0.999999 1
0.784039 0.215961 1
0.00706404 0.992936 1
0.00069317 0.999307 1
0.00162973 0.99837 1
0.965217 0.0347826 1
0.638396 0.361604 1
0.00126089 0.998739 1
0.68219 0.31781 1
4.32636e-06 0.999996 1
6.80702e-06 0.999993 1
0.00480539 0.995195 1
0.465063 0.534937 1
0.000106594 0.999893 1
0.545695 0.454305 1
1.0 7.31595e-11 1
0.610255 0.389745 1
0.923745 0.0762553 1
0.0360733 0.963927 1
0.000239018 0.999761 1
0.870713 0.129287 1
0.0313359 0.968664 1
0.00566155 0.994338 1
0.011513 0.988487 1
0.231928 0.768072 1
0.0169266 0.983073 1
1.69824e-08 1.0 1
0.000420323 0.99958 1
0.00105719 0.998943 1
0.00236618 0.997634 1
0.00122553 0.998774 1
4.09886e-06 0.999996 1
0.99167 0.0083303 1
7.31898e-05 0.999927 1
0.140716 0.859283 1
0.999286 0.000713906 1
1.0 4.37619e-09 1
0.00212573 0.997874 1
0.0046327 0.995367 1
0.00558729 0.994413 1
0.98507 0.0149301 1
0.0532212 0.946779 1
6.03963e-05 0.99994 1
0.972431 0.0275686 1
0.461358 0.538642 1
0.0519402 0.94806 1
5.75838e-08 1.0 1
7.30916e-08 1.0 1
2.40347e-06 0.999998 1
0.000123892 0.999876 1
0.0350511 0.964949 1
0.0783874 0.921613 1
0.746296 0.253704 1
0.000165956 0.999834 1
0.00100223 0.998998 1
0.890459 0.109541 1
0.0719807 0.928019 1
0.00164704 0.998353 1
0.00250493 0.997495 1
9.57371e-05 0.999904 1
5.48358e-08 1.0 1
0.0135375 0.986463 1
1.85715e-06 0.999998 1
0.0134349 0.986565 1
0.98579 0.0142098 1
4.49417e-06 0.999995 1
0.71905 0.28095 1
5.65367e-05 0.999943 1
0.0407508 0.959249 1
0.125267 0.874733 1
0.00066595 0.999334 1
0.0266511 0.973349 1
1.49835e-06 0.999998 1
4.53648e-06 0.999995 1
0.31479 0.68521 1
0.150505 0.849495 1
6.6072e-06 0.999993 1
0.190495 0.809506 1
0.744841 0.255159 1
7.34379e-05 0.999927 1
2.97973e-05 0.99997 1
0.984377 0.0156226 1
0.000825924 0.999174 1
0.00235637 0.997644 1
0.000597237 0.999403 1
0.754849 0.245151 1
0.974914 0.0250859 1
0.171282 0.828718 1
2.21619e-06 0.999998 1
0.187303 0.812697 1
3.19978e-05 0.999968 1
0.627181 0.372819 1
0.819864 0.180136 1
7.85352e-05 0.999921 1
0.999989 1.09497e-05 1
0.0110542 0.988946 1
0.336191 0.663809 1
0.352999 0.647001 1
4.30305e-06 0.999996 1
0.000137664 0.999862 1
1.81068e-05 0.999982 1
0.61013 0.38987 1
0.0426839 0.957316 1
1.84583e-09 1.0 1
7.94644e-06 0.999992 1
0.12457 0.87543 1
0.0186963 0.981304 1
0.00345863 0.996541 1
0.000124599 0.999875 1
0.00225104 0.997749 1
0.000228563 0.999771 1
0.0551685 0.944831 1
0.411073 0.588927 1
2.88773e-05 0.999971 1
1.0 3.89688e-07 1
0.21711 0.78289 1
0.00338239 0.996618 1
0.955143 0.0448568 1
7.0424e-05 0.99993 1
0.000139434 0.999861 1
0.00100538 0.998995 1
0.999964 3.62204e-05 1
0.444182 0.555818 1
2.47507e-05 0.999975 1
0.0438713 0.956129 1
0.000234417 0.999766 1
0.0106838 0.989316 1
9.03668e-06 0.999991 1
3.14014e-14 1.0 1
1.94817e-05 0.999981 1
0.0119588 0.988041 1
6.86781e-07 0.999999 1
0.00189775 0.998102 1
0.194961 0.805039 1
0.000391062 0.999609 1
0.00156513 0.998435 1
8.4735e-08 1.0 1
1.55983e-06 0.999998 1
1.29302e-06 0.999999 1
6.29745e-06 0.999994 1
0.834327 0.165673 1
0.00702989 0.99297 1
0.013901 0.986099 1
0.00053568 0.999464 1
0.999948 5.22562e-05 1
0.974039 0.0259613 1
4.27838e-06 0.999996 1
0.949191 0.0508093 1
0.00634676 0.993653 1
0.0900986 0.909901 1
0.996091 0.00390938 1
0.0186543 0.981346 1
0.0354144 0.964586 1
0.995218 0.00478182 1
2.21155e-06 0.999998 1
7.28035e-07 0.999999 1
0.0313587 0.968641 1
0.266335 0.733665 1
0.000235149 0.999765 1
8.7097e-06 0.999991 1
0.890837 0.109163 1
0.0269967 0.973003 1
0.960742 0.0392577 1
0.030656 0.969344 1
0.468145 0.531855 1
0.0286419 0.971358 1
0.0945232 0.905477 1
1.0 2.12902e-07 1
0.96383 0.0361699 1
1.14652e-07 1.0 1
0.000118676 0.999881 1
0.00437883 0.995621 1
0.00633098 0.993669 1
0.000579279 0.999421 1
2.07233e-05 0.999979 1
0.00842676 0.991573 1
0.0131185 0.986881 1
1.68717e-05 0.999983 1
0.642933 0.357067 1
1.75614e-06 0.999998 1
0.0150434 0.984957 1
0.995536 0.0044643 1
0.364864 0.635136 1
0.0717127 0.928287 1
1.0 4.06968e-09 1
0.0060607 0.993939 1
0.000680114 0.99932 1
0.914002 0.0859985 1
0.000591715 0.999408 1
0.994835 0.00516547 1
