0.940903 0.0590967 0
0.997329 0.00267134 0
0.800862 0.199138 0
0.979783 0.0202171 0
0.286447 0.713553 0
0.996125 0.00387462 0
0.95156 0.0484402 0
0.955085 0.0449146 0
0.876338 0.123662 0
0.970103 0.029897 0
0.898558 0.101442 0
0.976229 0.0237705 0
0.914791 0.0852095 0
0.0837288 0.916271 0
0.726097 0.273903 0
0.304099 0.695901 0
0.119898 0.880102 0
0.790301 0.209699 0
0.192675 0.807325 0
0.942051 0.0579487 0
0.607265 0.392735 0
0.643429 0.356571 0
0.943907 0.056093 0
0.0917914 0.908209 0
0.939239 0.060761 0
0.988172 0.0118284 0
0.996871 0.00312939 0
0.962393 0.0376074 0
0.911289 0.0887112 0
0.986982 0.0130185 0
0.992234 0.00776624 0
0.567221 0.432779 0
0.984109 0.015891 0
0.998882 0.00111766 0
0.147827 0.852173 0
0.969773 0.0302271 0
0.999001 0.000998724 0
0.550767 0.449233 0
0.99546 0.0045399 0
0.966004 0.033996 0
0.990025 0.00997492 0
0.573589 0.426411 0
0.828258 0.171742 0
0.855222 0.144778 0
0.874575 0.125425 0
0.999553 0.00044747 0
0.928562 0.0714385 0
0.857129 0.142871 0
0.999614 0.000386313 0
0.911732 0.0882677 0
0.469527 0.530473 0
0.995913 0.00408715 0
0.93153 0.0684698 0
0.989102 0.0108979 0
0.817281 0.182719 0
0.998274 0.0017259 0
0.993786 0.00621392 0
0.947343 0.0526574 0
0.950235 0.0497645 0
0.966385 0.0336155 0
0.0940841 0.905916 0
0.987304 0.0126964 0
0.307109 0.692891 0
0.974857 0.0251432 0
0.274145 0.725855 0
0.992231 0.00776879 0
0.75595 0.24405 0
0.962656 0.0373439 0
0.645452 0.354548 0
0.996831 0.00316893 0
0.955639 0.0443613 0
0.985973 0.0140272 0
0.991684 0.00831586 0
0.981997 0.018003 0
0.162718 0.837282 0
0.942509 0.0574909 0
0.999675 0.000325016 0
0.983729 0.0162714 0
0.997476 0.00252391 0
0.950277 0.0497225 0
0.968406 0.0315938 0
0.908849 0.0911509 0
0.995855 0.00414511 0
0.654255 0.345745 0
0.629918 0.370082 0
0.985726 0.0142737 0
0.562307 0.437693 0
0.995196 0.00480419 0
0.560443 0.439557 0
0.7032 0.2968 0
0.783992 0.216008 0
0.981019 0.0189807 0
0.963208 0.0367916 0
0.949894 0.0501059 0
0.997293 0.00270701 0
0.968947 0.0310531 0
0.997932 0.0020677 0
0.730845 0.269155 0
0.95334 0.0466605 0
0.989504 0.0104961 0
0.789669 0.210331 0
0.970032 0.0299676 0
0.995501 0.00449871 0
0.996414 0.00358627 0
0.999897 0.000102978 0
0.300294 0.699706 0
0.714486 0.285514 0
0.620572 0.379428 0
0.99937 0.000629768 0
0.994595 0.00540475 0
0.96049 0.0395104 0
0.998265 0.00173501 0
0.0586631 0.941337 0
0.995251 0.00474893 0
0.997901 0.00209864 0
0.993433 0.00656669 0
0.950577 0.0494232 0
0.183305 0.816695 0
0.689474 0.310526 0
0.27193 0.72807 0
0.563221 0.436779 0
0.811183 0.188817 0
0.840044 0.159956 0
0.997769 0.00223143 0
0.998865 0.00113547 0
0.971305 0.028695 0
0.901564 0.0984362 0
0.976351 0.0236493 0
0.121251 0.878749 0
0.998734 0.00126628 0
0.047449 0.952551 0
0.389312 0.610688 0
0.985203 0.014797 0
0.941739 0.058261 0
0.997959 0.00204111 0
0.99971 0.00028959 0
0.502862 0.497138 0
0.999569 0.000431483 0
0.989505 0.0104951 0
0.917754 0.0822459 0
0.971978 0.0280221 0
0.927346 0.072654 0
0.989102 0.0108982 0
0.999697 0.000302956 0
0.970946 0.029054 0
0.985264 0.0147357 0
0.991806 0.00819402 0
0.743788 0.256212 0
0.98743 0.0125696 0
0.349002 0.650998 0
0.820664 0.179336 0
0.590322 0.409678 0
0.992926 0.00707436 0
0.836352 0.163648 0
0.374865 0.625135 0
0.806674 0.193326 0
0.861748 0.138252 0
0.155351 0.844649 0
0.158457 0.841543 0
0.978878 0.021122 0
0.840852 0.159148 0
0.964068 0.0359319 0
0.999326 0.000674112 0
0.99931 0.000690432 0
0.984009 0.0159906 0
0.968344 0.0316564 0
0.422535 0.577465 0
0.998472 0.00152819 0
0.992924 0.00707638 0
0.993942 0.00605784 0
0.978093 0.021907 0
0.661031 0.338969 0
0.0804371 0.919563 0
0.918038 0.0819623 0
0.999221 0.000778623 0
0.978838 0.0211617 0
0.0460771 0.953923 0
0.710537 0.289463 0
0.989591 0.0104086 0
0.98635 0.0136502 0
0.998794 0.00120642 0
0.987353 0.0126473 0
0.989586 0.0104136 0
0.623657 0.376343 0
0.14688 0.85312 0
0.307741 0.692258 0
0.999536 0.000464271 0
0.0537542 0.946246 0
0.566606 0.433394 0
0.935151 0.0648495 0
0.997431 0.00256874 0
0.970601 0.0293985 0
0.546718 0.453282 0
0.954205 0.0457948 0
0.993767 0.00623349 0
0.999119 0.000880606 0
0.995684 0.00431599 0
0.959031 0.0409687 0
0.997644 0.00235611 0
0.987096 0.0129042 0
0.919309 0.0806908 0
0.993365 0.00663507 0
0.577201 0.422799 0
0.994863 0.00513687 0
0.381625 0.618375 0
0.998477 0.00152295 0
0.998479 0.00152057 0
0.999137 0.000862937 0
0.950725 0.0492753 0
0.833678 0.166322 0
0.4041 0.5959 0
0.153624 0.846376 0
0.992102 0.00789841 0
0.133179 0.866821 0
0.996538 0.00346239 0
0.875631 0.124369 0
0.332565 0.667435 0
0.980448 0.0195521 0
0.907864 0.0921356 0
0.62708 0.37292 0
0.99979 0.000209572 0
0.996622 0.0033782 0
0.999483 0.000517372 0
0.722744 0.277256 0
0.965912 0.0340878 0
0.969082 0.0309178 0
0.0128235 0.987177 0
0.998978 0.00102195 0
0.789592 0.210408 0
0.976695 0.0233055 0
0.295906 0.704094 0
0.908998 0.0910017 0
0.992165 0.00783481 0
0.999588 0.000411805 0
0.930376 0.0696237 0
0.975217 0.024783 0
0.999879 0.000121355 0
0.657322 0.342678 0
0.99956 0.000439869 0
0.976861 0.0231392 0
0.0876521 0.912348 0
0.94112 0.05888 0
0.399729 0.600271 0
0.991095 0.00890496 0
0.955305 0.0446949 0
0.811004 0.188996 0
0.974519 0.0254805 0
0.990678 0.00932242 0
0.153078 0.846922 0
0.119416 0.880584 0
0.732063 0.267937 0
0.999088 0.000912128 0
0.972424 0.0275763 0
0.858046 0.141954 0
0.413329 0.586671 0
0.880529 0.119471 0
0.996789 0.00321139 0
0.850582 0.149418 0
0.07456 0.92544 0
0.974922 0.0250777 0
0.742101 0.257899 0
0.181221 0.818779 0
0.990501 0.00949931 0
0.743721 0.256279 0
0.998718 0.00128237 0
0.983978 0.0160222 0
0.989502 0.0104984 0
0.996743 0.003257 0
0.922935 0.0770654 0
0.982262 0.0177383 0
0.823199 0.176801 0
0.227378 0.772622 0
0.971731 0.0282692 0
0.444683 0.555317 0
0.991052 0.00894755 0
0.987951 0.0120487 0
0.976591 0.0234088 0
0.987794 0.0122065 0
0.972187 0.0278127 0
0.574703 0.425297 0
0.764231 0.235769 0
0.752674 0.247326 0
0.998663 0.0013373 0
0.983152 0.0168477 0
0.750379 0.249621 0
0.737788 0.262212 0
0.998976 0.00102388 0
0.994771 0.00522927 0
0.998733 0.00126733 0
0.779445 0.220555 0
0.161078 0.838922 0
0.997431 0.0025688 0
0.216075 0.783925 0
0.869785 0.130215 0
0.847284 0.152716 0
0.999448 0.000551557 0
0.996795 0.00320492 0
0.898436 0.101564 0
0.999016 0.000984344 0
0.996607 0.00339324 0
0.398696 0.601304 0
0.964956 0.0350438 0
0.941543 0.0584574 0
0.998891 0.00110886 0
0.994476 0.00552391 0
0.992297 0.00770278 0
0.1392 0.8608 0
0.990804 0.00919613 0
0.999652 0.000348285 0
0.992564 0.0074364 0
0.996606 0.00339423 0
0.543986 0.456014 0
0.996286 0.00371444 0
0.998252 0.00174796 0
0.657466 0.342534 0
0.980644 0.0193555 0
0.791315 0.208685 0
0.857968 0.142032 0
0.873911 0.126089 0
0.593405 0.406595 0
0.932805 0.0671949 0
0.782573 0.217427 0
0.89146 0.10854 0
0.999914 8.59785e-05 0
0.138975 0.861025 0
0.984493 0.0155074 0
0.945214 0.0547857 0
0.956052 0.0439482 0
0.997761 0.00223881 0
0.840821 0.159179 0
0.960054 0.0399457 0
0.658081 0.341919 0
0.907435 0.0925651 0
0.99895 0.00104946 0
0.952789 0.0472114 0
0.995486 0.00451417 0
0.929931 0.070069 0
0.758938 0.241062 0
0.185847 0.814153 0
0.806111 0.193889 0
0.98377 0.0162303 0
0.861555 0.138445 0
0.999836 0.000164373 0
0.999931 6.88656e-05 0
0.952566 0.0474338 0
0.988945 0.0110546 0
0.996915 0.00308488 0
0.472374 0.527626 0
0.996028 0.00397243 0
0.992065 0.00793546 0
0.865462 0.134538 0
0.207367 0.792633 0
0.982908 0.0170919 0
0.987375 0.0126252 0
0.998432 0.00156839 0
0.969336 0.0306639 0
0.996879 0.00312078 0
0.836326 0.163674 0
0.958749 0.041251 0
0.656934 0.343066 0
0.957641 0.0423594 0
0.997559 0.00244105 0
0.962216 0.0377843 0
0.990451 0.00954875 0
0.994224 0.00577595 0
0.10729 0.89271 0
0.998573 0.00142652 0
0.999127 0.000872934 0
0.901431 0.0985686 0
0.948334 0.0516661 0
0.755943 0.244057 0
0.998803 0.00119722 0
0.983026 0.0169743 0
0.120899 0.879102 0
0.961383 0.038617 0
0.988823 0.0111765 0
0.997697 0.00230346 0
0.996054 0.00394554 0
0.404972 0.595028 0
0.749392 0.250608 0
0.990342 0.00965778 0
0.995305 0.00469545 0
0.987987 0.0120128 0
0.964805 0.0351951 0
0.939557 0.0604434 0
0.935971 0.0640292 0
0.938475 0.0615248 0
0.988211 0.0117891 0
0.0330804 0.96692 0
0.941902 0.0580976 0
0.0265259 0.973474 0
0.808266 0.191734 0
0.628932 0.371068 0
0.999913 8.73125e-05 0
0.994122 0.00587815 0
0.959148 0.0408522 0
0.99174 0.00826024 0
0.993991 0.00600935 0
0.921108 0.0788923 0
0.740058 0.259942 0
0.589393 0.410607 0
0.729488 0.270512 0
0.995652 0.00434764 0
0.995307 0.00469302 0
0.908048 0.0919517 0
0.572038 0.427962 0
0.982579 0.0174205 0
0.937153 0.0628475 0
0.779361 0.220639 0
0.995008 0.00499202 0
0.994716 0.00528374 0
0.333253 0.666747 0
0.94045 0.0595501 0
0.403838 0.596162 0
0.616593 0.383407 0
0.352244 0.647756 0
0.717278 0.282722 0
0.769075 0.230925 0
0.984884 0.015116 0
0.879389 0.120611 0
0.992883 0.00711686 0
0.836365 0.163635 0
0.217158 0.782842 0
0.962849 0.0371514 0
0.320895 0.679105 0
0.600065 0.399935 0
0.663956 0.336044 0
0.507338 0.492662 0
0.169474 0.830526 0
0.953167 0.046833 0
0.708728 0.291272 0
0.750306 0.249694 0
0.00596603 0.994034 0
0.894427 0.105573 0
0.981912 0.0180881 0
0.873137 0.126863 0
0.850279 0.149721 0
0.992006 0.0079941 0
0.943963 0.0560373 0
0.937123 0.0628774 0
0.997827 0.00217288 0
0.975499 0.0245014 0
0.372684 0.627316 0
0.85993 0.14007 0
0.716684 0.283316 0
0.681116 0.318884 0
0.988918 0.0110824 0
0.962094 0.0379062 0
0.995569 0.0044307 0
0.873111 0.126889 0
0.995063 0.00493704 0
0.997696 0.00230418 0
0.38451 0.61549 0
0.944982 0.0550182 0
0.808343 0.191657 0
0.998168 0.00183244 0
0.893653 0.106347 0
0.999101 0.000898703 0
0.539851 0.460149 0
0.720797 0.279203 0
0.950724 0.0492759 0
0.96002 0.0399803 0
0.918298 0.0817018 0
0.105338 0.894662 0
0.999655 0.000345291 0
0.999281 0.000718543 0
0.789574 0.210426 0
0.995814 0.00418645 0
0.31224 0.68776 0
0.996818 0.00318206 0
0.903328 0.0966716 0
0.83576 0.16424 0
0.64646 0.35354 0
0.980752 0.0192485 0
0.972533 0.0274674 0
0.995529 0.00447107 0
0.498496 0.501504 0
0.986178 0.0138216 0
0.55228 0.44772 0
0.92095 0.0790501 0
0.996046 0.00395408 0
0.23977 0.76023 0
0.998073 0.00192656 0
0.123319 0.876681 0
0.98174 0.0182596 0
0.172663 0.827337 0
0.895745 0.104255 0
0.488846 0.511154 0
0.700779 0.299221 0
0.97691 0.02309 0
0.91344 0.0865604 0
0.804747 0.195253 0
0.976431 0.0235691 0
0.99373 0.00626986 0
0.978549 0.0214506 0
0.616589 0.383411 0
0.989906 0.0100937 0
0.998365 0.00163515 0
0.95033 0.0496701 0
0.506293 0.493707 0
0.984217 0.0157826 0
0.870876 0.129124 0
0.680698 0.319302 0
0.999639 0.000360894 0
0.984948 0.0150519 0
0.927634 0.0723656 0
0.999118 0.000881844 0
0.999536 0.000463712 0
0.997719 0.00228112 0
0.978669 0.0213308 0
0.995355 0.00464484 0
0.960801 0.0391987 0
0.998522 0.0014784 0
0.829769 0.170231 0
0.982078 0.0179222 0
0.997668 0.00233219 0
0.405442 0.594558 0
0.729346 0.270654 0
0.995109 0.00489094 0
0.517419 0.482581 0
0.948437 0.0515628 0
0.386305 0.613695 0
0.951923 0.0480769 0
0.962667 0.0373331 0
0.518656 0.481344 0
0.982285 0.0177154 0
0.997519 0.00248104 0
0.98061 0.0193895 0
0.987271 0.0127289 0
0.931864 0.0681357 0
0.890097 0.109903 0
0.808301 0.191699 0
0.879619 0.120381 0
0.994907 0.00509322 0
0.998004 0.00199607 0
0.421851 0.578149 0
0.98216 0.0178401 0
0.996665 0.00333506 0
0.999795 0.000205419 0
0.120985 0.879015 0
0.374424 0.625576 0
0.236576 0.763424 0
0.870353 0.129647 0
0.881333 0.118667 0
0.854216 0.145784 0
0.935212 0.0647881 0
0.777364 0.222636 0
0.884663 0.115337 0
0.363743 0.636257 0
0.716806 0.283194 0
0.989511 0.0104895 0
0.95535 0.04465 0
0.0703766 0.929623 0
0.152158 0.847842 0
0.890934 0.109066 0
0.991301 0.00869859 0
0.991183 0.00881731 0
0.645198 0.354802 0
0.996766 0.00323395 0
0.998405 0.00159495 0
0.974513 0.0254868 0
0.740364 0.259636 0
0.760615 0.239385 0
0.988465 0.0115352 0
0.970115 0.0298854 0
0.994379 0.00562054 0
0.131237 0.868763 0
0.999231 0.000768588 0
0.986116 0.0138838 0
0.999007 0.000993178 0
0.937036 0.0629644 0
0.997406 0.00259436 0
0.527416 0.472584 0
0.355621 0.644379 0
0.80127 0.19873 0
0.960859 0.0391411 0
0.998536 0.00146449 0
0.999568 0.000432058 0
0.962603 0.037397 0
0.932612 0.0673884 0
0.426074 0.573926 0
0.992915 0.00708512 0
0.990433 0.00956701 0
0.917971 0.0820294 0
0.983181 0.0168189 0
0.968988 0.0310119 0
0.998678 0.00132219 0
0.93755 0.0624497 0
0.999647 0.000352856 0
0.0282563 0.971744 0
0.663094 0.336906 0
0.915077 0.084923 0
0.999983 1.71879e-05 0
0.99485 0.00515006 0
0.599455 0.400545 0
0.996153 0.00384664 0
0.999678 0.00032233 0
0.467573 0.532427 0
0.347922 0.652078 0
0.959543 0.0404572 0
0.967468 0.0325322 0
0.992938 0.00706174 0
0.0499586 0.950041 0
0.0411369 0.958863 0
0.997544 0.00245553 0
0.254017 0.745983 0
0.999796 0.000204425 0
0.978695 0.0213051 0
0.999655 0.000344583 0
0.992588 0.00741223 0
0.773225 0.226775 0
0.995943 0.00405724 0
0.811814 0.188185 0
0.166804 0.833196 0
0.986771 0.0132289 0
0.213561 0.786439 0
0.209024 0.790976 0
0.992716 0.00728434 0
0.654923 0.345077 0
0.449797 0.550203 0
0.980591 0.0194087 0
0.982206 0.0177938 0
0.420478 0.579522 0
0.821389 0.178611 0
0.0328104 0.96719 0
0.86909 0.13091 0
0.856225 0.143775 0
0.998838 0.00116232 0
0.0649926 0.935007 0
0.99978 0.000220307 0
0.928007 0.0719926 0
0.197961 0.802039 0
0.999319 0.000681193 0
0.48693 0.51307 0
0.716129 0.283871 0
0.146857 0.853143 0
0.985465 0.0145351 0
0.664488 0.335512 0
0.264052 0.735948 0
0.9967 0.00330037 0
0.972513 0.0274865 0
0.881885 0.118115 0
0.538923 0.461077 0
0.938111 0.0618885 0
0.984685 0.0153148 0
0.966713 0.0332867 0
0.958601 0.0413986 0
0.575862 0.424138 0
0.989681 0.0103189 0
0.995698 0.00430156 0
0.996878 0.003122 0
0.818052 0.181948 0
0.992412 0.00758813 0
0.98312 0.0168803 0
0.954599 0.0454012 0
0.940997 0.0590032 0
0.167277 0.832723 0
0.997873 0.00212737 0
0.986744 0.0132561 0
0.211198 0.788802 0
0.972416 0.0275837 0
0.991684 0.00831554 0
0.999539 0.000460987 0
0.998964 0.0010359 0
0.77512 0.22488 0
0.380018 0.619982 0
0.14108 0.85892 0
0.998913 0.00108681 0
0.982277 0.0177226 0
0.997845 0.00215475 0
0.88562 0.11438 0
0.997586 0.0024145 0
0.69906 0.30094 0
0.548983 0.451017 0
0.928516 0.0714836 0
0.989866 0.0101337 0
0.767819 0.232181 0
0.983408 0.0165919 0
0.759524 0.240476 0
0.279917 0.720083 0
0.293378 0.706622 0
0.704121 0.295879 0
0.995991 0.00400949 0
0.331708 0.668292 0
0.987634 0.0123655 0
0.94012 0.0598798 0
0.987803 0.0121968 0
0.990549 0.00945065 0
0.991169 0.00883095 0
0.36483 0.63517 0
0.952721 0.0472795 0
0.629663 0.370337 0
0.996169 0.00383134 0
0.990385 0.00961501 0
0.714888 0.285112 0
0.768931 0.231069 0
0.999604 0.000395655 0
0.952627 0.0473733 0
0.96706 0.0329398 0
0.933341 0.0666589 0
0.835412 0.164588 0
0.99975 0.000249775 0
0.807827 0.192173 0
0.993007 0.00699276 0
0.994985 0.00501475 0
0.76073 0.23927 0
0.987701 0.0122986 0
0.978184 0.0218158 0
0.908193 0.0918067 0
0.967088 0.0329119 0
0.868417 0.131583 0
0.99821 0.0017901 0
0.849155 0.150845 0
0.990619 0.00938128 0
0.882656 0.117344 0
0.854084 0.145916 0
0.862173 0.137827 0
0.769874 0.230126 0
0.99962 0.000379617 0
0.93886 0.0611399 0
0.709984 0.290016 0
0.999232 0.000767608 0
0.998629 0.00137139 0
0.624316 0.375684 0
0.143871 0.856129 0
0.994386 0.00561409 0
0.995588 0.00441214 0
0.210603 0.789397 0
0.998396 0.00160425 0
0.674276 0.325724 0
0.998277 0.00172336 0
0.840707 0.159293 0
0.995848 0.00415161 0
0.999579 0.000420606 0
0.999259 0.000741324 0
0.723452 0.276548 0
0.540895 0.459105 0
0.897913 0.102087 0
0.996015 0.00398499 0
0.960029 0.0399713 0
0.975051 0.0249489 0
0.428781 0.571219 0
0.939957 0.060043 0
0.649044 0.350956 0
0.666179 0.333821 0
0.518968 0.481032 0
0.82826 0.17174 0
0.979119 0.0208813 0
0.990507 0.00949277 0
0.513971 0.486029 0
0.987964 0.0120356 0
0.618422 0.381578 0
0.279366 0.720634 0
0.570415 0.429585 0
0.991275 0.00872483 0
0.966743 0.0332574 0
0.942909 0.0570912 0
0.999362 0.000638383 0
0.678766 0.321234 0
0.995467 0.00453343 0
0.559751 0.440249 0
0.822106 0.177894 0
0.999447 0.0005534 0
0.99924 0.000760284 0
0.450898 0.549102 0
0.626395 0.373605 0
0.99917 0.000830384 0
0.984583 0.0154168 0
0.920641 0.0793589 0
0.99099 0.0090096 0
0.14457 0.85543 0
0.934123 0.0658771 0
0.858909 0.141091 0
0.94747 0.0525297 0
0.570456 0.429544 0
0.975769 0.0242311 0
0.988056 0.0119439 0
0.998472 0.00152832 0
0.997676 0.00232391 0
0.084439 0.915561 0
0.879898 0.120102 0
0.965834 0.0341661 0
0.993505 0.00649449 0
0.962916 0.037084 0
0.993872 0.006128 0
0.94162 0.0583799 0
0.448074 0.551926 0
0.997225 0.00277513 0
0.586279 0.413721 0
0.999691 0.000308546 0
0.584647 0.415353 0
0.958521 0.0414786 0
0.514573 0.485427 0
0.999781 0.000219391 0
0.943911 0.0560892 0
0.902711 0.097289 0
0.993298 0.00670193 0
0.478265 0.521735 0
0.465579 0.534421 0
0.997109 0.00289147 0
0.599888 0.400112 0
0.926371 0.0736289 0
0.99281 0.00719012 0
0.392859 0.607141 0
0.998898 0.00110181 0
0.972737 0.0272626 0
0.931348 0.0686522 0
0.778318 0.221682 0
0.980934 0.0190659 0
0.999802 0.000198428 0
0.998879 0.00112078 0
0.990485 0.0095146 0
0.981597 0.0184031 0
0.930609 0.0693914 0
0.836098 0.163902 0
0.350301 0.649699 0
0.940222 0.0597783 0
0.862616 0.137385 0
0.996473 0.00352658 0
0.99849 0.00150975 0
0.995605 0.00439545 0
0.931191 0.068809 0
0.694243 0.305757 0
0.560886 0.439114 0
0.994162 0.00583774 0
0.74908 0.25092 0
0.34327 0.65673 0
0.945015 0.0549854 0
0.908807 0.0911935 0
0.962178 0.0378222 0
0.993086 0.00691439 0
0.984908 0.015092 0
0.998079 0.00192119 0
0.841644 0.158356 0
0.93411 0.0658902 0
0.733047 0.266953 0
0.998237 0.00176244 0
0.998404 0.00159592 0
0.933781 0.0662191 0
0.948991 0.0510092 0
0.995982 0.00401825 0
0.939586 0.0604138 0
0.997949 0.0020506 0
0.940906 0.0590937 0
0.990089 0.00991083 0
0.999256 0.000743646 0
0.903432 0.0965682 0
0.674258 0.325742 0
0.798156 0.201844 0
0.798231 0.201769 0
0.883735 0.116265 0
0.2573 0.7427 0
0.983994 0.0160058 0
0.722544 0.277456 0
0.978381 0.0216189 0
0.998926 0.0010742 0
0.999344 0.000656013 0
0.649445 0.350555 0
0.985429 0.0145708 0
0.820108 0.179892 0
0.99581 0.00419049 0
0.995507 0.00449298 0
0.998049 0.00195105 0
0.756222 0.243778 0
0.906799 0.0932009 0
0.921869 0.0781312 0
0.762945 0.237055 0
0.999871 0.000129101 0
0.166378 0.833622 0
0.901011 0.0989888 0
0.934589 0.0654111 0
0.960519 0.0394806 0
0.99028 0.00972041 0
0.738933 0.261067 0
0.863269 0.136731 0
0.913175 0.0868247 0
0.288904 0.711096 0
0.999897 0.000102966 0
0.404265 0.595735 0
0.912944 0.0870555 0
0.989732 0.0102676 0
0.788413 0.211587 0
0.728833 0.271167 0
0.58435 0.41565 0
0.437039 0.562961 0
0.996402 0.00359839 0
0.98705 0.0129504 0
0.993231 0.0067689 0
0.910421 0.0895792 0
0.601948 0.398052 0
0.99825 0.0017504 0
0.998094 0.00190639 0
0.932793 0.067207 0
0.307622 0.692378 0
0.95773 0.0422697 0
0.730338 0.269663 0
0.993713 0.00628652 0
0.992119 0.00788067 0
0.803988 0.196012 0
0.153531 0.846469 0
0.994836 0.00516378 0
0.499912 0.500088 0
0.558821 0.441179 0
0.792225 0.207775 0
0.99819 0.00181022 0
0.986132 0.0138677 0
0.841619 0.158381 0
0.998338 0.00166209 0
0.998251 0.00174878 0
0.913818 0.0861819 0
0.992277 0.00772259 0
0.949736 0.0502637 0
0.999667 0.000333442 0
0.951942 0.0480579 0
0.994314 0.0056858 0
0.999943 5.70698e-05 0
0.980525 0.0194753 0
0.983157 0.0168431 0
0.990987 0.0090127 0
0.832843 0.167157 0
0.998174 0.00182607 0
0.99567 0.0043301 0
0.585513 0.414487 0
0.956842 0.0431576 0
0.518117 0.481883 0
0.934877 0.0651226 0
0.982777 0.0172231 0
0.962039 0.0379606 0
0.998249 0.00175057 0
0.997 0.00300055 0
0.69204 0.30796 0
0.773821 0.226179 0
0.536415 0.463585 0
0.994623 0.00537663 0
0.9983 0.00169965 0
0.996807 0.00319283 0
0.990456 0.00954389 0
0.925538 0.0744616 0
0.542429 0.457571 0
0.559416 0.440584 0
0.999672 0.0003278 0
0.998686 0.00131367 0
0.995666 0.00433389 0
0.369899 0.630101 0
0.986478 0.0135224 0
0.675131 0.324869 0
0.999822 0.000178455 0
0.747913 0.252087 0
0.999651 0.000349 0
0.990276 0.00972411 0
0.991122 0.00887746 0
0.624184 0.375815 0
0.954474 0.0455257 0
0.999624 0.000376244 0
0.966209 0.033791 0
0.998403 0.00159747 0
0.95723 0.0427699 0
0.973154 0.0268459 0
0.998498 0.00150181 0
0.934467 0.0655327 0
0.9205 0.0795005 0
0.9994 0.000599804 0
0.989866 0.0101344 0
0.329864 0.670136 0
0.946912 0.053088 0
0.385318 0.614682 0
0.410873 0.589127 0
0.875984 0.124016 0
0.9887 0.0113002 0
0.380585 0.619415 0
0.0316556 0.968344 0
0.189576 0.810424 0
0.979215 0.0207847 0
0.476285 0.523715 0
0.381396 0.618604 0
0.729639 0.270361 0
0.160355 0.839645 0
0.999318 0.000681581 0
0.9376 0.0623997 0
0.984485 0.015515 0
0.999437 0.000562641 0
0.00563104 0.994369 0
0.852899 0.147101 0
0.600396 0.399604 0
0.646027 0.353973 0
0.993287 0.00671335 0
0.981994 0.0180062 0
0.987035 0.012965 0
0.999355 0.000644673 0
0.484233 0.515767 0
0.985809 0.0141914 0
0.321332 0.678668 0
0.0780228 0.921977 0
0.919995 0.0800048 0
0.821351 0.178649 0
0.795702 0.204298 0
0.993089 0.00691055 0
0.209949 0.790052 0
0.99134 0.00866046 0
0.558751 0.441249 0
0.0170486 0.982951 1
0.06758 0.93242 1
0.47903 0.52097 1
0.0526918 0.947308 1
0.187993 0.812007 1
0.0948646 0.905135 1
0.304285 0.695715 1
0.00609593 0.993904 1
0.291497 0.708503 1
0.100078 0.899922 1
0.0834113 0.916589 1
0.140634 0.859366 1
0.00356832 0.996432 1
0.132656 0.867344 1
0.00788473 0.992115 1
0.112887 0.887113 1
0.236416 0.763584 1
0.094242 0.905758 1
0.717568 0.282432 1
0.401814 0.598186 1
0.267086 0.732914 1
0.0192539 0.980746 1
0.29937 0.70063 1
0.309071 0.690929 1
0.010974 0.989026 1
0.240245 0.759755 1
0.0217148 0.978285 1
0.0125791 0.987421 1
0.249428 0.750572 1
0.0244912 0.975509 1
0.0854451 0.914555 1
0.310555 0.689445 1
0.319568 0.680432 1
0.0206519 0.979348 1
0.226358 0.773642 1
0.188803 0.811197 1
0.0236976 0.976302 1
0.0232588 0.976741 1
0.0098795 0.990121 1
0.00883761 0.991162 1
0.0401345 0.959866 1
0.341155 0.658845 1
0.105005 0.894995 1
0.534705 0.465295 1
0.0236265 0.976373 1
0.0881712 0.911829 1
0.0300561 0.969944 1
0.502037 0.497963 1
0.25552 0.74448 1
0.976403 0.0235966 1
0.00713784 0.992862 1
0.0229984 0.977002 1
0.196021 0.803979 1
0.00334857 0.996651 1
0.427816 0.572184 1
0.427673 0.572327 1
0.0400679 0.959932 1
0.0371268 0.962873 1
0.10269 0.89731 1
0.309201 0.690799 1
0.198955 0.801045 1
0.470575 0.529425 1
0.00398988 0.99601 1
0.171526 0.828474 1
0.0339676 0.966032 1
0.561117 0.438883 1
0.0308875 0.969113 1
0.0308669 0.969133 1
0.0353362 0.964664 1
0.081149 0.918851 1
0.0170142 0.982986 1
0.0713138 0.928686 1
0.0706281 0.929372 1
0.180517 0.819483 1
0.777126 0.222874 1
0.101794 0.898206 1
0.0719103 0.92809 1
0.526389 0.473611 1
0.00706132 0.992939 1
0.0290781 0.970922 1
0.0273827 0.972617 1
0.1168 0.8832 1
0.545937 0.454063 1
0.00264935 0.997351 1
0.624619 0.375381 1
0.23362 0.76638 1
0.031152 0.968848 1
0.0526443 0.947356 1
0.267404 0.732596 1
0.230502 0.769498 1
0.0872092 0.912791 1
0.00915171 0.990848 1
0.679123 0.320877 1
0.0439168 0.956083 1
0.00530975 0.99469 1
0.191207 0.808793 1
0.00455974 0.99544 1
0.660606 0.339394 1
0.0829 0.9171 1
0.0955363 0.904464 1
0.00979466 0.990205 1
0.0377854 0.962215 1
0.698979 0.301021 1
0.0216523 0.978348 1
0.206097 0.793903 1
0.591676 0.408324 1
0.053874 0.946126 1
0.023042 0.976958 1
0.0217905 0.978209 1
0.0378574 0.962143 1
0.0234224 0.976578 1
0.16242 0.83758 1
0.148541 0.851459 1
0.0408737 0.959126 1
0.440761 0.559239 1
0.0144507 0.985549 1
0.0218935 0.978106 1
0.0326769 0.967323 1
0.0151411 0.984859 1
0.0330776 0.966922 1
0.497692 0.502308 1
0.489191 0.510809 1
0.141387 0.858613 1
0.516596 0.483404 1
0.0296826 0.970317 1
0.27819 0.72181 1
0.814808 0.185192 1
0.00784125 0.992159 1
0.00167643 0.998324 1
0.0362667 0.963733 1
0.00626075 0.993739 1
0.0856577 0.914342 1
0.0372852 0.962715 1
0.0267819 0.973218 1
0.190075 0.809925 1
0.0379588 0.962041 1
0.0336555 0.966344 1
0.00846173 0.991538 1
0.0129474 0.987053 1
0.0389685 0.961031 1
0.00607084 0.993929 1
0.781357 0.218643 1
0.52526 0.47474 1
0.465732 0.534268 1
0.0953244 0.904676 1
0.0809381 0.919062 1
0.068356 0.931644 1
0.0115203 0.98848 1
0.0211711 0.978829 1
0.795849 0.204151 1
0.00712001 0.99288 1
0.00712993 0.99287 1
0.0211838 0.978816 1
0.0214688 0.978531 1
0.97297 0.02703 1
0.0513043 0.948696 1
0.0659961 0.934004 1
0.028676 0.971324 1
0.411668 0.588332 1
0.0280446 0.971955 1
0.168958 0.831042 1
0.12314 0.87686 1
0.0137538 0.986246 1
0.0162827 0.983717 1
0.172353 0.827647 1
0.155909 0.844091 1
0.808493 0.191507 1
0.9618 0.0382001 1
0.0415943 0.958406 1
0.0464515 0.953548 1
0.00572218 0.994278 1
0.0358078 0.964192 1
0.896111 0.103889 1
0.106737 0.893263 1
0.147026 0.852974 1
0.17817 0.82183 1
0.228146 0.771854 1
0.862913 0.137087 1
0.00871329 0.991287 1
0.108491 0.891509 1
0.0520409 0.947959 1
0.325172 0.674828 1
0.0459993 0.954001 1
0.00769495 0.992305 1
0.27946 0.72054 1
0.0869318 0.913068 1
0.49366 0.50634 1
0.381385 0.618615 1
0.0663567 0.933643 1
0.286934 0.713066 1
0.0336485 0.966352 1
0.18987 0.81013 1
0.823736 0.176264 1
0.0548298 0.94517 1
0.525298 0.474702 1
0.904871 0.0951291 1
0.135477 0.864523 1
0.0266017 0.973398 1
0.0241169 0.975883 1
0.364228 0.635772 1
0.0457702 0.95423 1
0.0538558 0.946144 1
0.0248539 0.975146 1
0.186198 0.813802 1
0.229572 0.770428 1
0.0171369 0.982863 1
0.00587647 0.994124 1
0.51267 0.48733 1
0.0571151 0.942885 1
0.0117424 0.988258 1
0.0239115 0.976089 1
0.00492303 0.995077 1
0.618505 0.381495 1
0.0681819 0.931818 1
0.598933 0.401067 1
0.0439964 0.956004 1
0.868024 0.131976 1
0.0724841 0.927516 1
0.0178769 0.982123 1
0.00252902 0.997471 1
0.0630172 0.936983 1
0.0201721 0.979828 1
0.0170414 0.982959 1
0.312778 0.687222 1
0.00802775 0.991972 1
0.124479 0.875521 1
0.0171601 0.98284 1
0.691285 0.308715 1
0.213969 0.786031 1
0.813327 0.186673 1
0.0453334 0.954667 1
0.0222305 0.977769 1
0.0956524 0.904348 1
0.0803429 0.919657 1
0.0402222 0.959778 1
0.0591139 0.940886 1
0.527115 0.472885 1
0.564999 0.435001 1
0.194868 0.805132 1
0.0284134 0.971587 1
0.156309 0.843691 1
0.964076 0.0359243 1
0.0632967 0.936703 1
0.061517 0.938483 1
0.357489 0.642511 1
0.00449788 0.995502 1
0.318159 0.681841 1
0.00447316 0.995527 1
0.0347176 0.965282 1
0.0034903 0.99651 1
0.00552132 0.994479 1
0.148347 0.851653 1
0.393428 0.606572 1
0.0342942 0.965706 1
0.757147 0.242853 1
0.0998477 0.900152 1
0.0190842 0.980916 1
0.089911 0.910089 1
0.007545 0.992455 1
0.98922 0.0107799 1
0.0117906 0.988209 1
0.201459 0.798541 1
0.208748 0.791252 1
0.0471862 0.952814 1
0.0813428 0.918657 1
0.0345357 0.965464 1
0.00386288 0.996137 1
0.00420699 0.995793 1
0.799237 0.200763 1
0.0224127 0.977587 1
0.153535 0.846465 1
0.963961 0.0360385 1
0.76419 0.23581 1
0.66806 0.33194 1
0.0138402 0.98616 1
0.0555479 0.944452 1
0.01356 0.98644 1
0.053235 0.946765 1
0.0396382 0.960362 1
0.0127737 0.987226 1
0.0050792 0.994921 1
0.0142009 0.985799 1
0.592769 0.407231 1
0.047485 0.952515 1
0.363565 0.636435 1
0.00257368 0.997426 1
0.021699 0.978301 1
0.297062 0.702938 1
0.0326991 0.967301 1
0.153798 0.846202 1
0.0479037 0.952096 1
0.00740925 0.992591 1
0.176671 0.823329 1
0.00197094 0.998029 1
0.0685246 0.931475 1
0.0786982 0.921302 1
0.00717065 0.992829 1
0.339961 0.660039 1
0.0486152 0.951385 1
0.530389 0.469611 1
0.0367853 0.963215 1
0.587186 0.412814 1
0.0247965 0.975204 1
0.1033 0.8967 1
0.0734293 0.926571 1
0.0408485 0.959152 1
0.31807 0.68193 1
0.0389408 0.961059 1
0.267215 0.732785 1
0.233955 0.766045 1
0.0101353 0.989865 1
0.714762 0.285238 1
0.188799 0.811201 1
0.00565869 0.994341 1
0.371564 0.628436 1
0.260677 0.739323 1
0.70837 0.29163 1
0.0310931 0.968907 1
0.920845 0.0791551 1
0.100008 0.899992 1
0.640296 0.359704 1
0.0206133 0.979387 1
0.0948514 0.905149 1
0.010324 0.989676 1
0.287823 0.712177 1
0.108076 0.891924 1
0.265491 0.734509 1
0.0178802 0.98212 1
0.050382 0.949618 1
0.00814254 0.991857 1
0.0642474 0.935753 1
0.0430924 0.956908 1
0.0305612 0.969439 1
0.870451 0.129549 1
0.439122 0.560878 1
0.176065 0.823935 1
0.0347174 0.965283 1
0.169172 0.830828 1
0.0173197 0.98268 1
0.101339 0.898661 1
0.264004 0.735996 1
0.0252592 0.974741 1
0.173742 0.826258 1
0.0292716 0.970728 1
0.126346 0.873655 1
0.100066 0.899934 1
0.00767421 0.992326 1
0.144167 0.855833 1
0.208678 0.791322 1
0.0175119 0.982488 1
0.0675038 0.932496 1
0.136891 0.86311 1
0.166783 0.833218 1
0.552591 0.447409 1
0.470901 0.529099 1
0.0689059 0.931094 1
0.0150198 0.98498 1
0.636828 0.363173 1
0.00490493 0.995095 1
0.0123367 0.987663 1
0.864775 0.135225 1
0.0436881 0.956312 1
0.975716 0.0242843 1
0.0371636 0.962836 1
0.0152264 0.984774 1
0.21066 0.78934 1
0.0895102 0.91049 1
0.830684 0.169316 1
0.276946 0.723054 1
0.0889606 0.911039 1
0.416442 0.583558 1
0.0305169 0.969483 1
0.201208 0.798792 1
0.941911 0.0580885 1
0.0599807 0.940019 1
0.984602 0.0153978 1
0.492396 0.507604 1
0.77267 0.22733 1
0.762981 0.237019 1
0.0345479 0.965452 1
0.293749 0.706251 1
0.00245438 0.997546 1
0.0116626 0.988337 1
0.13143 0.86857 1
0.0404507 0.959549 1
0.0227647 0.977235 1
0.0513534 0.948647 1
0.466826 0.533174 1
0.865413 0.134587 1
0.00221792 0.997782 1
0.0733508 0.926649 1
0.99377 0.00623021 1
0.0106986 0.989302 1
0.00778927 0.992211 1
0.027493 0.972507 1
0.753655 0.246345 1
0.00329666 0.996703 1
0.0317497 0.96825 1
0.4673 0.5327 1
0.308866 0.691134 1
0.316052 0.683948 1
0.0708141 0.929186 1
0.00739394 0.992606 1
0.0218009 0.978199 1
0.104546 0.895454 1
0.871672 0.128328 1
0.00454984 0.99545 1
0.255185 0.744815 1
0.0227436 0.977256 1
0.346179 0.653821 1
0.171316 0.828684 1
0.442542 0.557458 1
0.865418 0.134582 1
0.244272 0.755728 1
0.594398 0.405602 1
0.43748 0.562521 1
0.0425103 0.95749 1
0.0121487 0.987851 1
0.117835 0.882165 1
0.0155223 0.984478 1
0.231692 0.768308 1
0.0706505 0.92935 1
0.859542 0.140458 1
0.0199981 0.980002 1
0.0563708 0.943629 1
0.00364552 0.996354 1
0.443645 0.556355 1
0.0628297 0.93717 1
0.204493 0.795507 1
0.671701 0.328299 1
0.0724795 0.92752 1
0.00518421 0.994816 1
0.23029 0.76971 1
0.00960127 0.990399 1
0.0122816 0.987718 1
0.577061 0.422939 1
0.240157 0.759843 1
0.408529 0.591471 1
0.010978 0.989022 1
0.00622678 0.993773 1
0.907801 0.0921992 1
0.037662 0.962338 1
0.0221696 0.97783 1
0.257234 0.742766 1
0.176278 0.823722 1
0.85303 0.14697 1
0.0558899 0.94411 1
0.270083 0.729917 1
0.00331329 0.996687 1
0.00870844 0.991292 1
0.0168812 0.983119 1
0.613998 0.386002 1
0.02816 0.97184 1
0.0114671 0.988533 1
0.163983 0.836017 1
0.155118 0.844882 1
0.0680374 0.931963 1
0.476612 0.523388 1
0.164358 0.835642 1
0.0108602 0.98914 1
0.0860031 0.913997 1
0.0271448 0.972855 1
0.0217601 0.97824 1
0.231043 0.768957 1
0.736236 0.263764 1
0.0192855 0.980714 1
0.0443443 0.955656 1
0.0332631 0.966737 1
0.577936 0.422064 1
0.00482219 0.995178 1
0.525802 0.474198 1
0.049138 0.950862 1
0.0381425 0.961857 1
0.211411 0.788589 1
0.0416775 0.958323 1
0.301908 0.698092 1
0.0164013 0.983599 1
0.0149563 0.985044 1
0.0222577 0.977742 1
0.51437 0.48563 1
0.0301441 0.969856 1
0.137464 0.862536 1
0.0647826 0.935217 1
0.793931 0.206069 1
0.109186 0.890813 1
0.0355176 0.964482 1
0.0233723 0.976628 1
0.030129 0.969871 1
0.305992 0.694008 1
0.0308681 0.969132 1
0.00354261 0.996457 1
0.00727425 0.992726 1
0.296935 0.703065 1
0.579152 0.420848 1
0.081318 0.918682 1
0.217528 0.782472 1
0.906519 0.0934807 1
0.998473 0.00152659 1
0.391258 0.608742 1
0.118901 0.881099 1
0.00865533 0.991345 1
0.102722 0.897278 1
0.0412185 0.958781 1
0.0331756 0.966824 1
0.0135923 0.986408 1
0.72746 0.27254 1
0.0775823 0.922418 1
0.163578 0.836422 1
0.0340194 0.965981 1
0.013214 0.986786 1
0.540461 0.459539 1
0.104474 0.895526 1
0.0793348 0.920665 1
0.295776 0.704224 1
0.0946379 0.905362 1
0.100279 0.899721 1
0.00753226 0.992468 1
0.0109669 0.989033 1
0.00624613 0.993754 1
0.338861 0.661139 1
0.133912 0.866088 1
0.263117 0.736883 1
0.760323 0.239677 1
0.0270588 0.972941 1
0.010125 0.989875 1
0.169173 0.830827 1
0.0893199 0.91068 1
0.255254 0.744746 1
0.00986777 0.990132 1
0.245476 0.754524 1
0.451307 0.548693 1
0.0345964 0.965404 1
0.139806 0.860194 1
0.122255 0.877745 1
0.0270579 0.972942 1
0.480932 0.519068 1
0.538849 0.461151 1
0.0105883 0.989412 1
0.06416 0.93584 1
0.119089 0.880911 1
0.0462259 0.953774 1
0.519236 0.480764 1
0.153413 0.846587 1
0.0346207 0.965379 1
0.0283131 0.971687 1
0.0764907 0.923509 1
0.482957 0.517043 1
0.0397758 0.960224 1
0.0181369 0.981863 1
0.113552 0.886447 1
0.00271037 0.99729 1
0.489808 0.510192 1
0.0228996 0.9771 1
0.0282753 0.971725 1
0.0030545 0.996946 1
0.158401 0.841599 1
0.0539841 0.946016 1
0.495707 0.504293 1
0.00356759 0.996432 1
0.243772 0.756228 1
0.0077226 0.992277 1
0.131188 0.868812 1
0.0166747 0.983325 1
0.0125332 0.987467 1
0.118981 0.881019 1
0.0252188 0.974781 1
0.112 0.888 1
0.00686494 0.993135 1
0.0905057 0.909494 1
0.0966436 0.903356 1
0.911832 0.0881683 1
0.102088 0.897912 1
0.0871231 0.912877 1
0.110026 0.889974 1
0.0763927 0.923607 1
0.105037 0.894963 1
0.0341386 0.965861 1
0.0424368 0.957563 1
0.0138385 0.986161 1
0.159583 0.840417 1
0.0128473 0.987153 1
0.290807 0.709193 1
0.205861 0.794139 1
0.0805776 0.919422 1
0.00634697 0.993653 1
0.067592 0.932408 1
0.911504 0.0884962 1
0.0777966 0.922203 1
0.198762 0.801238 1
0.00980411 0.990196 1
0.0122286 0.987771 1
0.131203 0.868797 1
0.487857 0.512143 1
0.634716 0.365284 1
0.310649 0.689351 1
0.0585556 0.941444 1
0.898427 0.101573 1
0.0250982 0.974902 1
0.00982659 0.990173 1
0.0889496 0.91105 1
0.0245759 0.975424 1
0.152585 0.847415 1
0.273132 0.726868 1
0.668368 0.331632 1
0.479006 0.520994 1
0.0173291 0.982671 1
0.0613878 0.938612 1
0.487974 0.512026 1
0.0910754 0.908925 1
0.465549 0.534451 1
0.0368508 0.963149 1
0.0267468 0.973253 1
0.0159953 0.984005 1
0.058251 0.941749 1
0.00900342 0.990997 1
0.00808302 0.991917 1
0.0121527 0.987847 1
0.569343 0.430657 1
0.021972 0.978028 1
0.0583878 0.941612 1
0.501626 0.498374 1
0.232895 0.767105 1
0.0727772 0.927223 1
0.645157 0.354843 1
0.10829 0.89171 1
0.00502205 0.994978 1
0.00489481 0.995105 1
0.676266 0.323734 1
0.04748 0.95252 1
0.00310601 0.996894 1
0.029574 0.970426 1
0.118822 0.881178 1
0.142056 0.857944 1
0.768516 0.231484 1
0.0120019 0.987998 1
0.13758 0.86242 1
0.0195635 0.980437 1
0.021118 0.978882 1
0.333597 0.666403 1
0.17858 0.82142 1
0.544172 0.455828 1
0.00667951 0.99332 1
0.239342 0.760658 1
0.351453 0.648547 1
0.0219625 0.978037 1
0.00534827 0.994652 1
0.063496 0.936504 1
0.005957 0.994043 1
0.00580572 0.994194 1
0.823677 0.176323 1
0.0479693 0.952031 1
0.00665309 0.993347 1
0.269792 0.730208 1
0.00996949 0.990031 1
0.0180707 0.981929 1
0.285181 0.714819 1
0.0576538 0.942346 1
0.0495549 0.950445 1
0.0939799 0.90602 1
0.0822824 0.917718 1
0.00752743 0.992473 1
0.156104 0.843896 1
0.017486 0.982514 1
0.612062 0.387938 1
0.0073344 0.992666 1
0.0266875 0.973313 1
0.0127582 0.987242 1
0.0678465 0.932154 1
0.0849925 0.915007 1
0.261395 0.738605 1
0.077821 0.922179 1
0.00857698 0.991423 1
0.00464105 0.995359 1
0.0566872 0.943313 1
0.0251097 0.97489 1
0.0241278 0.975872 1
0.135265 0.864735 1
0.0960296 0.90397 1
0.312892 0.687108 1
0.0674373 0.932563 1
0.0129376 0.987062 1
0.836626 0.163374 1
0.387329 0.612671 1
0.216318 0.783682 1
0.010012 0.989988 1
0.226845 0.773155 1
0.0735156 0.926484 1
0.0239814 0.976019 1
0.898623 0.101377 1
0.0519294 0.948071 1
0.0223209 0.977679 1
0.0240361 0.975964 1
0.0648599 0.93514 1
0.0262988 0.973701 1
0.0376585 0.962342 1
0.014352 0.985648 1
0.239001 0.760999 1
0.0184297 0.98157 1
0.919268 0.0807324 1
0.0250619 0.974938 1
0.0246977 0.975302 1
0.0475748 0.952425 1
0.23773 0.76227 1
0.0812681 0.918732 1
0.0199547 0.980045 1
0.00648651 0.993514 1
0.0186464 0.981354 1
0.202213 0.797787 1
0.537059 0.462941 1
0.0649212 0.935079 1
0.247815 0.752185 1
0.0258883 0.974112 1
0.126443 0.873557 1
0.00617142 0.993829 1
0.042207 0.957793 1
0.108278 0.891721 1
0.769544 0.230456 1
0.183678 0.816322 1
0.0756824 0.924318 1
0.020963 0.979037 1
0.0276116 0.972388 1
0.647356 0.352644 1
0.560235 0.439765 1
0.0218614 0.978139 1
0.0297251 0.970275 1
0.0786783 0.921322 1
0.00250245 0.997497 1
0.0192748 0.980725 1
0.00109874 0.998901 1
0.0730195 0.92698 1
0.068724 0.931276 1
0.0137487 0.986251 1
0.0235852 0.976415 1
0.325207 0.674793 1
0.135333 0.864667 1
0.0710762 0.928924 1
0.0992996 0.9007 1
0.0673205 0.93268 1
0.00847743 0.991523 1
0.0180599 0.98194 1
0.902827 0.0971731 1
0.00337917 0.996621 1
0.0182094 0.981791 1
0.799539 0.200461 1
0.115429 0.884571 1
0.1588 0.8412 1
0.0137606 0.986239 1
0.0402027 0.959797 1
0.0281672 0.971833 1
0.329285 0.670715 1
0.0786088 0.921391 1
0.134321 0.865679 1
0.095443 0.904557 1
0.0640353 0.935965 1
0.903554 0.0964457 1
0.015175 0.984825 1
0.237109 0.762891 1
0.997182 0.00281796 1
0.225493 0.774507 1
0.0188683 0.981132 1
0.458208 0.541792 1
0.0803856 0.919614 1
0.808484 0.191516 1
0.147357 0.852643 1
0.201792 0.798209 1
0.00853382 0.991466 1
0.0873538 0.912646 1
0.0323308 0.967669 1
0.0196247 0.980375 1
0.792648 0.207352 1
0.113807 0.886193 1
0.00669195 0.993308 1
0.0490997 0.9509 1
0.181598 0.818402 1
0.0745113 0.925489 1
0.598889 0.401111 1
0.103209 0.896791 1
0.00899302 0.991007 1
0.00364019 0.99636 1
0.00752987 0.99247 1
0.0329229 0.967077 1
0.501167 0.498833 1
0.0356977 0.964302 1
0.0619897 0.93801 1
0.0715633 0.928437 1
0.0656834 0.934317 1
0.0161354 0.983865 1
0.0762406 0.923759 1
0.196933 0.803067 1
0.0405241 0.959476 1
0.00539337 0.994607 1
0.793783 0.206217 1
0.108663 0.891337 1
0.0526068 0.947393 1
0.0202368 0.979763 1
0.264146 0.735855 1
0.24135 0.75865 1
0.776212 0.223788 1
0.0838017 0.916198 1
0.120414 0.879586 1
0.980794 0.0192055 1
0.158361 0.841639 1
0.590991 0.409009 1
0.81608 0.18392 1
0.00256783 0.997432 1
0.246872 0.753127 1
0.203417 0.796583 1
0.0114796 0.98852 1
0.337553 0.662447 1
0.0405155 0.959485 1
0.00363795 0.996362 1
0.420992 0.579008 1
0.108993 0.891007 1
0.0323689 0.967631 1
0.0126377 0.987362 1
0.351675 0.648325 1
0.139005 0.860995 1
0.218463 0.781537 1
0.143477 0.856524 1
0.0282824 0.971718 1
0.016523 0.983477 1
0.0531875 0.946812 1
0.312598 0.687402 1
0.0388382 0.961162 1
0.193695 0.806305 1
0.99885 0.00114999 1
0.351962 0.648038 1
0.375631 0.624369 1
0.295719 0.704281 1
0.0179663 0.982034 1
0.245242 0.754758 1
0.0414739 0.958526 1
0.0507375 0.949262 1
0.0849408 0.915059 1
0.111418 0.888581 1
0.0363456 0.963654 1
0.00979484 0.990205 1
0.0284779 0.971522 1
0.217327 0.782673 1
0.0170602 0.98294 1
0.0396393 0.960361 1
0.0527243 0.947276 1
0.086897 0.913103 1
0.0116844 0.988316 1
0.0287706 0.971229 1
0.901491 0.098509 1
0.997783 0.00221666 1
0.039881 0.960119 1
0.0205517 0.979448 1
0.106965 0.893035 1
0.412818 0.587182 1
0.0717257 0.928274 1
0.00680868 0.993191 1
0.759375 0.240625 1
0.233314 0.766686 1
0.222521 0.777479 1
0.00553401 0.994466 1
0.030536 0.969464 1
0.0195151 0.980485 1
0.0094626 0.990537 1
0.00249148 0.997509 1
0.130782 0.869218 1
0.597235 0.402765 1
0.0345311 0.965469 1
0.073276 0.926724 1
0.305498 0.694502 1
0.102613 0.897387 1
0.0574119 0.942588 1
0.0870384 0.912962 1
0.057364 0.942636 1
0.00393384 0.996066 1
0.0685933 0.931407 1
0.00963977 0.99036 1
0.0318223 0.968178 1
0.288987 0.711013 1
0.0266465 0.973354 1
0.295281 0.704719 1
0.0130324 0.986968 1
0.0370131 0.962987 1
0.18607 0.81393 1
0.0501744 0.949826 1
0.0433482 0.956652 1
0.016352 0.983648 1
0.00884881 0.991151 1
0.56257 0.43743 1
0.0679853 0.932015 1
0.019882 0.980118 1
0.240516 0.759484 1
0.0771061 0.922894 1
0.00879281 0.991207 1
0.0169623 0.983038 1
0.788997 0.211003 1
0.279152 0.720848 1
0.11071 0.88929 1
0.0173806 0.982619 1
0.33847 0.66153 1
0.6767 0.3233 1
0.0885576 0.911442 1
0.00925583 0.990744 1
0.132739 0.867261 1
0.0512387 0.948761 1
0.231432 0.768568 1
0.519803 0.480197 1
0.01466 0.98534 1
0.91874 0.0812597 1
0.304406 0.695594 1
0.130115 0.869885 1
0.27227 0.72773 1
0.309071 0.690929 1
0.0264903 0.97351 1
0.00593067 0.994069 1
0.371829 0.628171 1
0.160462 0.839538 1
0.00139898 0.998601 1
0.0101398 0.98986 1
0.157417 0.842583 1
0.30972 0.69028 1
0.022633 0.977367 1
0.00830804 0.991692 1
0.0498254 0.950175 1
0.0334259 0.966574 1
0.0511001 0.9489 1
0.621945 0.378055 1
0.0651291 0.934871 1
0.93235 0.0676505 1
0.142325 0.857675 1
0.0436844 0.956316 1
0.288303 0.711697 1
0.144213 0.855787 1
0.110516 0.889484 1
0.0277586 0.972241 1
0.952279 0.0477206 1
0.0932105 0.906789 1
0.0879723 0.912028 1
0.0699188 0.930081 1
0.00607902 0.993921 1
0.0525974 0.947403 1
0.00857967 0.99142 1
0.00047587 0.999524 1
0.0113292 0.988671 1
0.0357319 0.964268 1
0.00312835 0.996872 1
0.0496347 0.950365 1
0.402668 0.597332 1
0.0241126 0.975887 1
0.105478 0.894522 1
0.00735605 0.992644 1
0.0486254 0.951375 1
0.0147241 0.985276 1
0.0563399 0.94366 1
0.468894 0.531106 1
0.0256056 0.974394 1
0.0310403 0.96896 1
0.0888941 0.911106 1
0.542294 0.457706 1
0.305702 0.694298 1
0.0103666 0.989633 1
0.842817 0.157183 1
0.0362735 0.963727 1
0.0475655 0.952435 1
0.198103 0.801897 1
0.0800286 0.919971 1
0.326317 0.673683 1
0.283735 0.716265 1
0.0466435 0.953357 1
0.00511463 0.994885 1
0.0636316 0.936368 1
0.18002 0.819981 1
0.0174001 0.9826 1
0.063363 0.936637 1
0.803908 0.196092 1
0.0619924 0.938008 1
0.133805 0.866195 1
0.0675619 0.932438 1
0.0365894 0.963411 1
0.188876 0.811124 1
0.203113 0.796887 1
0.958945 0.0410553 1
0.310349 0.689651 1
0.0332562 0.966744 1
0.034022 0.965978 1
0.0083942 0.991606 1
0.0405976 0.959402 1
0.0434144 0.956586 1
0.00148428 0.998516 1
0.0441373 0.955863 1
0.0209632 0.979037 1
0.0171891 0.982811 1
0.595824 0.404176 1
0.00674178 0.993258 1
0.0436786 0.956321 1
0.346175 0.653825 1
0.560574 0.439426 1
0.0519067 0.948093 1
0.9496 0.0503998 1
0.027709 0.972291 1
0.145292 0.854708 1
0.660484 0.339516 1
0.0114321 0.988568 1
0.404558 0.595442 1
