0.982511 0.0174892 0
1.0 2.35497e-10 0
0.863906 0.136094 0
0.999906 9.39216e-05 0
0.786983 0.213017 0
1.0 4.3651e-09 0
0.999992 8.21647e-06 0
0.999775 0.000224542 0
0.999997 2.4483e-06 0
0.999998 2.16729e-06 0
0.999823 0.000177385 0
0.997752 0.00224824 0
0.999784 0.000216434 0
0.417326 0.582674 0
0.976151 0.0238495 0
0.968398 0.0316017 0
0.0436352 0.956365 0
0.999191 0.00080889 0
0.469661 0.530339 0
0.995056 0.00494367 0
0.633906 0.366094 0
0.270841 0.729159 0
1.0 4.80535e-07 0
0.302176 0.697824 0
0.980714 0.0192855 0
1.0 7.15863e-09 0
1.0 1.69616e-08 0
0.999834 0.000165917 0
0.998776 0.00122378 0
1.0 4.89536e-08 0
1.0 5.83034e-10 0
0.992728 0.00727205 0
1.0 6.76603e-09 0
1.0 1.36652e-08 0
0.00117235 0.998828 0
0.999995 4.98129e-06 0
1.0 2.22272e-08 0
0.977633 0.0223671 0
1.0 1.35365e-08 0
0.999993 6.62133e-06 0
1.0 1.0834e-10 0
0.927165 0.0728353 0
0.99553 0.00446963 0
0.999785 0.000214819 0
0.997555 0.0024453 0
1.0 4.02565e-13 0
0.99945 0.000549797 0
0.999943 5.74255e-05 0
1.0 1.15406e-10 0
0.996478 0.0035224 0
0.978132 0.0218676 0
1.0 9.27675e-09 0
0.999906 9.37573e-05 0
1.0 1.337e-09 0
0.998223 0.00177674 0
1.0 2.50168e-09 0
1.0 1.12893e-11 0
0.919593 0.0804066 0
1.0 1.73497e-07 0
0.999897 0.000102905 0
0.0146258 0.985374 0
0.998768 0.001232 0
0.502929 0.497071 0
1.0 1.02252e-07 0
0.0482574 0.951743 0
1.0 1.1437e-07 0
0.994601 0.0053994 0
0.894582 0.105418 0
0.91136 0.0886403 0
1.0 1.36536e-08 0
0.999995 5.05922e-06 0
0.999998 2.11871e-06 0
1.0 2.81192e-07 0
1.0 6.10078e-10 0
0.782734 0.217266 0
0.993631 0.00636906 0
1.0 1.94319e-11 0
0.999999 1.00277e-06 0
1.0 1.80647e-12 0
0.999989 1.05695e-05 0
0.999998 2.19356e-06 0
0.999999 1.36341e-06 0
1.0 1.34526e-11 0
0.95532 0.0446802 0
0.993262 0.0067379 0
1.0 3.59574e-08 0
0.982919 0.0170812 0
1.0 4.96326e-12 0
0.662249 0.337751 0
0.999166 0.000834459 0
0.999864 0.00013593 0
1.0 3.56511e-07 0
0.999965 3.47014e-05 0
0.999989 1.08373e-05 0
1.0 4.62339e-07 0
1.0 2.85369e-09 0
1.0 4.32774e-10 0
0.999998 1.54602e-06 0
0.999999 6.10135e-07 0
1.0 9.30074e-08 0
0.99706 0.00293988 0
0.99999 9.77308e-06 0
1.0 1.74687e-08 0
0.999953 4.71297e-05 0
1.0 1.69617e-13 0
0.889669 0.110331 0
0.950331 0.049669 0
0.0104355 0.989565 0
1.0 4.07035e-13 0
0.999993 6.91316e-06 0
1.0 1.30049e-07 0
1.0 5.29861e-11 0
0.493895 0.506105 0
1.0 2.22066e-11 0
1.0 3.72115e-11 0
1.0 4.6062e-10 0
1.0 1.2397e-07 0
0.00643629 0.993564 0
0.867988 0.132012 0
0.414299 0.585701 0
0.992397 0.00760271 0
0.999865 0.000134939 0
0.999989 1.09213e-05 0
1.0 1.36935e-07 0
1.0 4.86235e-10 0
0.999995 4.66268e-06 0
0.999906 9.44448e-05 0
0.999983 1.73583e-05 0
0.237803 0.762197 0
1.0 5.94151e-08 0
0.528775 0.471225 0
0.75653 0.24347 0
0.999663 0.000337191 0
0.999546 0.000454215 0
0.999971 2.85929e-05 0
1.0 1.42879e-12 0
0.0704735 0.929527 0
1.0 1.95751e-15 0
1.0 3.86177e-09 0
0.999536 0.0004644 0
0.998881 0.00111923 0
0.999981 1.93067e-05 0
1.0 3.80685e-08 0
1.0 1.62447e-09 0
0.99913 0.000870481 0
0.99999 1.01174e-05 0
0.999999 6.81043e-07 0
0.991921 0.00807889 0
0.999999 1.09328e-06 0
0.897877 0.102123 0
0.675784 0.324216 0
0.831672 0.168327 0
0.999959 4.09726e-05 0
0.99483 0.00516999 0
0.783738 0.216262 0
0.69889 0.30111 0
0.99968 0.000320372 0
8.3137e-05 0.999917 0
1.29334e-06 0.999999 0
0.999934 6.61953e-05 0
0.999969 3.14035e-05 0
0.99999 9.9568e-06 0
1.0 3.19219e-12 0
1.0 2.36806e-10 0
1.0 1.02566e-08 0
0.99956 0.000439916 0
0.987078 0.0129221 0
1.0 4.63664e-11 0
1.0 4.12307e-07 0
1.0 1.17725e-07 0
0.999408 0.000592303 0
0.984205 0.0157953 0
0.0517124 0.948288 0
0.999995 4.79049e-06 0
1.0 4.18597e-12 0
1.0 1.58734e-07 0
0.0054547 0.994545 0
0.999056 0.000943867 0
1.0 5.86209e-09 0
0.999997 3.19398e-06 0
1.0 1.05825e-09 0
0.99996 4.0016e-05 0
1.0 1.06072e-07 0
0.0024549 0.997545 0
0.112434 0.887566 0
0.538074 0.461926 0
1.0 1.71905e-08 0
0.00472175 0.995278 0
0.847433 0.152567 0
0.999319 0.000680731 0
1.0 2.95945e-10 0
0.999994 6.18026e-06 0
0.987503 0.0124969 0
0.999903 9.66107e-05 0
1.0 1.49712e-07 0
1.0 1.09045e-09 0
1.0 1.70224e-09 0
1.0 2.05765e-12 0
1.0 1.26106e-10 0
0.999995 4.51117e-06 0
0.999885 0.000114577 0
1.0 1.7052e-07 0
0.973097 0.0269026 0
1.0 9.87385e-09 0
0.971753 0.0282465 0
1.0 1.06606e-11 0
1.0 4.01016e-10 0
1.0 2.34453e-11 0
0.996735 0.00326547 0
0.999991 9.11056e-06 0
0.735495 0.264505 0
0.112574 0.887426 0
1.0 1.63035e-08 0
1.14468e-05 0.999989 0
0.999982 1.78678e-05 0
0.997366 0.00263387 0
0.995299 0.00470068 0
0.999999 1.31602e-06 0
0.441184 0.558816 0
0.988488 0.0115122 0
1.0 1.56227e-13 0
1.0 5.91592e-10 0
1.0 2.3332e-13 0
0.920494 0.0795062 0
0.994403 0.0055966 0
0.99999 1.02486e-05 0
3.929e-06 0.999996 0
1.0 3.4936e-09 0
0.786626 0.213374 0
1.0 4.50702e-07 0
0.305057 0.694943 0
0.99996 3.9781e-05 0
1.0 5.72543e-11 0
1.0 3.53856e-12 0
0.999974 2.55181e-05 0
0.999972 2.82632e-05 0
1.0 1.06242e-18 0
0.994606 0.00539419 0
1.0 1.56543e-09 0
0.999999 1.20193e-06 0
0.126702 0.873298 0
1.0 2.38025e-10 0
0.0512412 0.948759 0
0.999999 1.11149e-06 0
0.999992 8.18513e-06 0
0.99982 0.000179988 0
0.999998 2.26992e-06 0
1.0 7.05457e-09 0
0.84284 0.15716 0
0.0505446 0.949455 0
0.998693 0.00130745 0
1.0 6.72596e-12 0
0.999826 0.000174172 0
0.999944 5.63904e-05 0
0.939671 0.0603295 0
0.999796 0.000204417 0
1.0 2.2456e-09 0
0.999949 5.07663e-05 0
0.000244001 0.999756 0
0.999998 1.96891e-06 0
0.999196 0.000804279 0
0.512217 0.487783 0
1.0 4.49187e-07 0
0.929935 0.070065 0
1.0 4.45209e-10 0
1.0 2.06145e-09 0
1.0 3.4893e-09 0
1.0 2.91398e-11 0
0.998873 0.00112673 0
1.0 8.5421e-10 0
0.999957 4.25853e-05 0
0.0192666 0.980733 0
0.999992 8.15078e-06 0
0.344964 0.655036 0
0.999995 4.57282e-06 0
1.0 1.08759e-09 0
0.999987 1.31672e-05 0
1.0 1.32342e-08 0
1.0 3.23479e-08 0
0.505229 0.494771 0
0.998476 0.00152439 0
0.999902 9.78242e-05 0
1.0 2.93406e-10 0
1.0 4.44533e-10 0
0.990992 0.00900844 0
0.95292 0.0470795 0
1.0 3.53129e-11 0
1.0 3.75013e-08 0
1.0 2.02843e-09 0
0.999903 9.67307e-05 0
0.274517 0.725483 0
1.0 5.91985e-09 0
0.000188688 0.999811 0
0.844447 0.155553 0
0.810255 0.189745 0
1.0 1.03494e-11 0
1.0 4.18473e-09 0
0.999997 2.99e-06 0
1.0 3.26269e-13 0
1.0 1.58289e-08 0
0.0757422 0.924258 0
0.999998 2.09125e-06 0
0.999625 0.000375388 0
1.0 2.90959e-12 0
1.0 1.91765e-10 0
1.0 9.9651e-09 0
0.0483805 0.95162 0
0.999999 1.19788e-06 0
1.0 3.6436e-14 0
1.0 3.77371e-10 0
1.0 2.60342e-07 0
0.582634 0.417366 0
1.0 5.0507e-08 0
1.0 4.42405e-09 0
0.982351 0.0176489 0
0.999996 4.42948e-06 0
0.988863 0.0111374 0
0.999186 0.000813787 0
0.999986 1.3762e-05 0
0.980748 0.0192518 0
0.999939 6.05357e-05 0
0.999977 2.33067e-05 0
0.99576 0.00424037 0
1.0 6.76248e-13 0
0.0182324 0.981768 0
1.0 2.9944e-07 0
0.990592 0.00940804 0
0.999905 9.45491e-05 0
1.0 3.83335e-09 0
0.994848 0.00515242 0
0.999942 5.75206e-05 0
0.995932 0.0040679 0
0.998586 0.00141436 0
1.0 1.9989e-11 0
0.999994 5.92473e-06 0
0.999997 3.18255e-06 0
0.0173112 0.982689 0
0.992349 0.00765132 0
0.152633 0.847367 0
0.998752 0.00124826 0
1.0 2.6542e-08 0
0.99996 4.04418e-05 0
1.0 1.37914e-10 0
1.0 2.77819e-15 0
0.999932 6.77982e-05 0
1.0 8.88842e-08 0
1.0 4.68464e-08 0
0.705261 0.294739 0
0.999976 2.39295e-05 0
1.0 1.44587e-08 0
0.995689 0.00431115 0
0.332467 0.667533 0
0.998325 0.00167511 0
1.0 1.42573e-07 0
1.0 3.53208e-09 0
0.999868 0.000131966 0
1.0 2.81586e-09 0
0.991293 0.00870741 0
0.999997 3.30331e-06 0
0.867877 0.132124 0
0.998264 0.00173642 0
1.0 3.90447e-09 0
0.999646 0.000353675 0
1.0 3.91614e-09 0
0.999995 5.08043e-06 0
0.000763399 0.999237 0
1.0 3.68926e-10 0
1.0 2.2017e-11 0
0.99991 8.95987e-05 0
0.999998 2.32335e-06 0
0.99768 0.00231997 0
1.0 4.22034e-11 0
1.0 3.01236e-13 0
0.000256192 0.999744 0
0.999276 0.000724414 0
0.999999 1.07302e-06 0
1.0 4.6645e-08 0
1.0 2.95599e-08 0
0.999514 0.00048598 0
0.991664 0.0083356 0
0.999795 0.000205082 0
1.0 3.12469e-11 0
1.0 1.51683e-09 0
0.999986 1.41676e-05 0
1.0 4.37454e-08 0
0.999975 2.45955e-05 0
0.997792 0.00220747 0
1.0 9.0358e-08 0
8.17676e-06 0.999992 0
0.999862 0.00013809 0
3.53529e-06 0.999996 0
1.0 4.01872e-08 0
0.738146 0.261854 0
1.0 9.12239e-14 0
1.0 8.42563e-10 0
0.999788 0.000211638 0
0.999997 2.46366e-06 0
1.0 1.20691e-08 0
1.0 1.42463e-08 0
0.999141 0.000859141 0
0.946936 0.053064 0
0.860368 0.139632 0
0.999995 4.61532e-06 0
1.0 2.0103e-09 0
0.999999 8.51043e-07 0
0.999771 0.000229296 0
0.999999 5.6877e-07 0
0.996058 0.00394208 0
0.935632 0.0643683 0
1.0 4.88515e-10 0
1.0 1.65169e-10 0
0.915292 0.0847084 0
0.999998 1.72384e-06 0
0.170752 0.829248 0
0.999941 5.9028e-05 0
0.393423 0.606577 0
0.748076 0.251924 0
0.91234 0.08766 0
0.999985 1.46416e-05 0
0.995577 0.00442324 0
0.999999 1.07908e-06 0
0.999741 0.000259168 0
0.255756 0.744244 0
0.996381 0.00361949 0
0.940267 0.0597333 0
0.999437 0.00056314 0
0.987416 0.0125844 0
0.651486 0.348514 0
0.000569253 0.999431 0
1.0 1.82241e-07 0
0.87972 0.12028 0
0.998099 0.00190102 0
2.66117e-08 1.0 0
1.0 9.89438e-08 0
0.999998 2.15711e-06 0
0.990089 0.00991052 0
0.999939 6.07063e-05 0
0.987794 0.0122064 0
0.99917 0.000830455 0
0.973274 0.0267261 0
1.0 1.10117e-09 0
0.999797 0.000202778 0
0.470617 0.529383 0
0.994454 0.00554641 0
0.940371 0.0596287 0
0.541684 0.458316 0
0.99999 1.0261e-05 0
0.999963 3.70054e-05 0
1.0 1.07363e-08 0
0.999476 0.000523611 0
1.0 1.9628e-07 0
1.0 3.09203e-10 0
0.995794 0.00420619 0
0.999705 0.000294873 0
0.999966 3.37746e-05 0
1.0 2.25861e-09 0
0.999113 0.000887394 0
1.0 6.26094e-11 0
0.306785 0.693215 0
0.153122 0.846878 0
0.995702 0.00429762 0
0.999988 1.20391e-05 0
0.999891 0.000109217 0
0.473721 0.526279 0
1.0 1.08948e-13 0
1.0 3.36186e-13 0
0.0269671 0.973033 0
1.0 5.55694e-11 0
0.0317614 0.968239 0
1.0 1.22353e-09 0
0.999271 0.000728767 0
0.769432 0.230568 0
0.999463 0.000537379 0
0.999999 1.35183e-06 0
0.99986 0.00014042 0
0.999998 1.6763e-06 0
0.325599 0.674401 0
0.999999 5.49386e-07 0
0.948189 0.0518108 0
0.232527 0.767473 0
1.0 4.96521e-07 0
0.040453 0.959547 0
1.0 4.41106e-12 0
0.548051 0.451949 0
0.999999 5.4255e-07 0
0.236999 0.763001 0
0.99998 2.00971e-05 0
0.838468 0.161532 0
0.999149 0.000851239 0
0.970758 0.0292424 0
0.979231 0.0207692 0
0.573048 0.426952 0
0.999806 0.000194114 0
0.999991 8.81131e-06 0
0.999999 7.44615e-07 0
0.106532 0.893468 0
1.0 9.00619e-08 0
1.0 3.39044e-08 0
0.999801 0.00019899 0
0.0150453 0.984955 0
1.0 1.62523e-08 0
0.999987 1.35033e-05 0
0.196628 0.803372 0
1.0 1.31194e-11 0
1.0 2.61868e-07 0
0.99984 0.000160373 0
1.0 4.07143e-11 0
1.0 2.17929e-13 0
1.0 2.50991e-15 0
0.999999 1.15843e-06 0
1.0 3.2658e-07 0
0.999973 2.72375e-05 0
1.0 7.71303e-09 0
0.99995 4.95579e-05 0
0.999999 6.2202e-07 0
1.0 3.83129e-07 0
0.360044 0.639956 0
0.422808 0.577192 0
1.0 8.9016e-13 0
0.0780715 0.921928 0
0.999968 3.18172e-05 0
0.868183 0.131817 0
0.999888 0.000111603 0
0.999999 1.127e-06 0
0.86692 0.13308 0
1.0 5.76402e-09 0
1.0 1.68878e-08 0
0.99992 8.0269e-05 0
1.0 3.67854e-07 0
0.999952 4.79567e-05 0
0.999999 8.40632e-07 0
0.955516 0.0444836 0
0.421253 0.578747 0
1.0 1.32597e-08 0
1.0 1.82144e-11 0
0.00366173 0.996338 0
1.0 1.16989e-08 0
1.0 3.99609e-11 0
1.0 1.21483e-12 0
0.335902 0.664098 0
0.965854 0.034146 0
0.831728 0.168272 0
0.999009 0.000990621 0
0.999992 8.24057e-06 0
0.969903 0.0300969 0
0.998934 0.00106563 0
0.99996 3.96173e-05 0
0.999998 2.25203e-06 0
0.0891858 0.910814 0
0.9908 0.0092002 0
1.0 7.30561e-09 0
0.999946 5.38247e-05 0
0.00189228 0.998108 0
0.305202 0.694798 0
0.544254 0.455746 0
1.0 1.15438e-09 0
1.0 4.99949e-11 0
0.999777 0.000222455 0
1.0 1.1135e-10 0
1.0 5.22628e-08 0
0.999949 5.09957e-05 0
0.606971 0.393029 0
0.942504 0.0574957 0
1.0 2.21931e-08 0
0.999981 1.87873e-05 0
1.0 6.46318e-10 0
0.000284059 0.999716 0
1.0 8.65394e-10 0
1.0 4.54506e-09 0
1.0 4.97106e-10 0
0.999676 0.000324508 0
1.0 7.17032e-10 0
0.133401 0.866599 0
0.0282446 0.971755 0
0.992543 0.00745711 0
0.967542 0.0324584 0
1.0 8.35379e-10 0
1.0 1.18126e-13 0
0.999964 3.62152e-05 0
0.999899 0.000100842 0
0.560151 0.439849 0
1.0 5.40639e-09 0
1.0 4.64575e-07 0
0.988683 0.0113169 0
1.0 4.20414e-08 0
0.830626 0.169374 0
0.999253 0.000746963 0
0.689152 0.310848 0
1.0 2.50305e-12 0
4.46435e-05 0.999955 0
0.985633 0.0143665 0
0.999992 7.82593e-06 0
1.0 9.32065e-20 0
1.0 6.43593e-09 0
0.992716 0.00728372 0
1.0 7.96659e-08 0
1.0 1.49857e-07 0
0.312776 0.687224 0
0.306469 0.693531 0
0.999831 0.000169329 0
0.99934 0.000659861 0
0.999988 1.2365e-05 0
0.000430889 0.999569 0
0.992797 0.00720262 0
1.0 9.50311e-11 0
0.0820993 0.917901 0
1.0 6.79357e-16 0
0.999913 8.70329e-05 0
1.0 2.65849e-12 0
0.999994 5.75608e-06 0
0.996856 0.00314436 0
1.0 3.11121e-11 0
0.994927 0.00507337 0
0.485217 0.514783 0
0.999995 4.52352e-06 0
0.969516 0.0304841 0
0.0269415 0.973059 0
1.0 4.93505e-07 0
0.999628 0.000372255 0
0.983731 0.0162691 0
0.999972 2.78987e-05 0
1.0 7.65516e-11 0
0.861821 0.138179 0
0.997491 0.00250897 0
2.76992e-06 0.999997 0
0.999994 5.60452e-06 0
0.998901 0.0010993 0
1.0 1.41059e-09 0
0.0556407 0.944359 0
1.0 5.20222e-16 0
0.999812 0.000188334 0
0.192765 0.807235 0
1.0 2.36235e-13 0
0.99879 0.00121016 0
0.992231 0.00776846 0
0.895604 0.104396 0
1.0 2.87237e-09 0
0.999757 0.000242476 0
0.0207244 0.979276 0
1.0 5.39803e-11 0
0.999982 1.76298e-05 0
0.997167 0.00283276 0
0.888396 0.111604 0
0.999997 2.92984e-06 0
1.0 9.58036e-08 0
1.0 1.40198e-08 0
0.999979 2.09096e-05 0
0.194919 0.805081 0
1.0 7.5058e-08 0
0.999994 6.34754e-06 0
1.0 1.17057e-08 0
0.909413 0.0905867 0
0.999998 2.35449e-06 0
1.0 2.35524e-07 0
0.996595 0.00340527 0
0.999978 2.24611e-05 0
0.407441 0.592559 0
1.0 2.9248e-10 0
0.999986 1.38086e-05 0
0.0483043 0.951696 0
0.999967 3.33913e-05 0
1.0 5.19139e-07 0
1.0 1.77504e-10 0
1.0 1.00917e-09 0
0.999311 0.000689076 0
0.489932 0.510068 0
0.000296423 0.999704 0
1.0 1.75078e-08 0
0.999981 1.92767e-05 0
1.0 2.78185e-11 0
0.998473 0.00152685 0
0.999999 8.05852e-07 0
0.847654 0.152346 0
0.545876 0.454124 0
0.999709 0.000290764 0
1.0 1.34481e-10 0
0.989584 0.010416 0
1.0 1.08358e-11 0
0.999747 0.000252977 0
0.464794 0.535206 0
0.668655 0.331345 0
0.497887 0.502113 0
1.0 8.89841e-12 0
0.977449 0.0225512 0
1.0 3.28367e-07 0
0.999974 2.64391e-05 0
1.0 1.40507e-08 0
1.0 1.95395e-12 0
0.999783 0.000216565 0
0.729621 0.270379 0
0.998581 0.0014188 0
0.927011 0.0729889 0
1.0 5.41234e-09 0
1.0 1.8063e-07 0
0.999987 1.24661e-05 0
0.990849 0.00915151 0
0.999995 5.22148e-06 0
0.999741 0.000259331 0
0.999999 1.47748e-06 0
0.999999 1.42003e-06 0
0.00645082 0.993549 0
1.0 1.64683e-10 0
0.999813 0.000186816 0
1.0 4.47184e-08 0
0.999714 0.000286317 0
0.951164 0.0488361 0
0.999999 1.37646e-06 0
1.0 5.49695e-08 0
0.999998 2.41883e-06 0
0.999998 2.40407e-06 0
0.983157 0.0168432 0
1.0 2.49528e-10 0
0.991992 0.00800837 0
1.0 1.22962e-13 0
0.996516 0.00348353 0
0.999967 3.3013e-05 0
0.0321537 0.967846 0
0.999864 0.000136 0
1.0 5.31698e-13 0
0.999996 3.7924e-06 0
0.956521 0.0434788 0
1.0 5.89061e-11 0
1.0 2.38844e-13 0
0.993914 0.00608559 0
0.396955 0.603045 0
1.0 8.35079e-08 0
1.0 6.25218e-10 0
0.242406 0.757594 0
1.0 4.21247e-11 0
0.000351477 0.999649 0
1.0 1.08127e-11 0
0.985005 0.0149947 0
1.0 4.68408e-11 0
1.0 1.39853e-12 0
1.0 1.1765e-11 0
0.989728 0.0102721 0
0.845696 0.154304 0
0.966271 0.0337286 0
1.0 3.71767e-10 0
0.999846 0.000154158 0
0.999802 0.000197707 0
0.838007 0.161993 0
0.998557 0.00144281 0
0.996603 0.003397 0
0.823188 0.176812 0
0.3045 0.6955 0
0.998724 0.0012763 0
0.999506 0.000493866 0
1.0 2.79e-08 0
0.468124 0.531876 0
1.0 1.30637e-09 0
0.999999 6.10299e-07 0
0.818263 0.181737 0
0.0177453 0.982255 0
1.0 4.0436e-09 0
0.999989 1.06613e-05 0
0.999429 0.000570651 0
1.0 1.15895e-12 0
0.997738 0.00226238 0
1.0 2.04834e-07 0
0.998663 0.00133653 0
0.999987 1.33322e-05 0
1.0 1.42953e-10 0
1.0 9.80005e-13 0
0.995109 0.00489071 0
0.334832 0.665168 0
1.0 8.84872e-09 0
0.999999 6.10229e-07 0
0.983095 0.0169051 0
1.0 5.39229e-08 0
0.454422 0.545578 0
0.999962 3.8178e-05 0
0.998226 0.00177374 0
0.999992 7.79793e-06 0
0.999897 0.000102833 0
0.992426 0.00757377 0
0.999984 1.6124e-05 0
1.0 3.01421e-10 0
1.0 7.61717e-11 0
0.01709 0.98291 0
0.999953 4.69195e-05 0
1.0 1.9664e-07 0
0.99969 0.000310346 0
0.999983 1.73374e-05 0
1.0 8.29954e-09 0
0.999495 0.000505283 0
0.966977 0.0330232 0
1.0 9.97158e-09 0
0.259657 0.740343 0
1.0 7.00651e-13 0
0.987106 0.0128936 0
0.999921 7.88721e-05 0
0.980196 0.019804 0
1.0 1.26053e-13 0
0.999989 1.09432e-05 0
0.99678 0.00322024 0
1.0 4.88119e-09 0
0.973418 0.0265818 0
0.987525 0.0124749 0
1.0 3.2383e-08 0
0.999311 0.000688623 0
1.0 1.39309e-07 0
1.0 1.68353e-09 0
0.863306 0.136694 0
1.0 8.66461e-10 0
0.99954 0.000460078 0
0.999882 0.000118521 0
0.551172 0.448828 0
0.999996 4.01477e-06 0
1.0 3.3143e-12 0
1.0 3.87414e-11 0
0.999883 0.000116607 0
0.999999 1.08413e-06 0
0.999968 3.23157e-05 0
1.0 3.34881e-07 0
0.400367 0.599633 0
0.99997 2.97085e-05 0
0.992417 0.00758257 0
1.0 1.70198e-07 0
1.0 9.26965e-12 0
1.0 2.39787e-08 0
0.999986 1.42007e-05 0
0.656116 0.343884 0
0.000267893 0.999732 0
1.0 3.51548e-09 0
0.911609 0.0883908 0
0.300789 0.699211 0
0.999979 2.07601e-05 0
1.0 2.37094e-09 0
0.999974 2.65122e-05 0
1.0 5.05874e-07 0
0.999881 0.000119479 0
1.0 2.34431e-10 0
0.999913 8.72174e-05 0
1.0 3.92932e-07 0
1.0 5.63237e-08 0
1.0 4.78858e-13 0
1.0 1.1931e-10 0
0.999801 0.000199045 0
0.753377 0.246623 0
0.999999 1.42827e-06 0
1.0 3.20869e-07 0
1.0 3.41618e-10 0
0.999996 3.99032e-06 0
0.999883 0.000116863 0
1.0 3.46728e-13 0
0.790915 0.209085 0
0.983226 0.0167741 0
0.962925 0.0370746 0
0.999135 0.000865218 0
1.0 2.88181e-07 0
0.838803 0.161197 0
0.999997 3.10504e-06 0
0.999974 2.56005e-05 0
0.999998 1.56233e-06 0
1.0 6.74417e-10 0
1.0 1.45506e-10 0
0.999848 0.000151529 0
1.0 2.02186e-07 0
0.999999 1.01972e-06 0
1.0 1.31493e-07 0
1.0 1.11598e-09 0
1.0 1.90494e-10 0
0.999981 1.91641e-05 0
0.999997 2.4836e-06 0
0.999829 0.000170905 0
0.998562 0.00143768 0
1.0 2.49882e-17 0
0.139017 0.860983 0
0.999885 0.000114824 0
0.999979 2.06774e-05 0
0.999999 5.75258e-07 0
0.999995 5.38994e-06 0
0.541979 0.458021 0
0.825886 0.174114 0
0.977388 0.0226118 0
0.885327 0.114673 0
1.0 2.75278e-10 0
0.989402 0.0105979 0
0.999912 8.7855e-05 0
1.0 3.84343e-11 0
0.762119 0.237881 0
0.999677 0.000323432 0
0.93947 0.0605302 0
0.000618859 0.999381 0
1.0 1.29815e-07 0
1.0 4.15787e-07 0
0.999997 2.66777e-06 0
0.999907 9.28369e-05 0
0.356135 0.643865 0
1.0 1.94248e-08 0
1.0 1.55477e-08 0
0.999975 2.54119e-05 0
0.778916 0.221084 0
0.99997 2.98005e-05 0
0.996628 0.00337238 0
1.0 1.77791e-07 0
1.0 3.7142e-09 0
0.978218 0.0217818 0
0.475495 0.524505 0
1.0 5.66161e-08 0
0.68583 0.31417 0
0.995793 0.00420652 0
0.999979 2.11788e-05 0
1.0 2.95152e-10 0
1.0 4.26616e-07 0
0.999899 0.000100639 0
1.0 8.97471e-11 0
1.0 5.76535e-10 0
1.0 6.8485e-10 0
0.999998 2.42833e-06 0
0.999999 9.80423e-07 0
1.0 2.91072e-12 0
0.999574 0.00042561 0
1.0 1.24814e-08 0
1.0 6.36675e-16 0
1.0 5.04112e-10 0
0.999997 2.45821e-06 0
1.0 2.84523e-08 0
0.967856 0.0321436 0
1.0 4.89564e-08 0
1.0 4.20733e-09 0
0.974036 0.0259642 0
0.999981 1.92717e-05 0
1.0 1.23754e-09 0
0.993165 0.0068348 0
0.99992 8.02912e-05 0
0.999941 5.9239e-05 0
1.0 1.98186e-09 0
1.0 8.31695e-12 0
0.991415 0.0085846 0
0.999996 3.94361e-06 0
0.970785 0.029215 0
1.0 3.63163e-08 0
1.0 3.47435e-09 0
0.999999 1.03627e-06 0
1.0 2.68868e-08 0
0.986929 0.0130711 0
0.9998 0.000200262 0
0.924405 0.075595 0
1.0 1.19354e-11 0
1.0 4.82522e-09 0
1.0 1.00928e-11 0
0.767289 0.232711 0
1.0 2.63401e-07 0
0.951249 0.0487511 0
1.0 7.73132e-14 0
0.998376 0.00162354 0
1.0 6.87018e-13 0
0.999992 8.02278e-06 0
1.0 1.08069e-09 0
0.118273 0.881727 0
0.998048 0.00195172 0
1.0 1.70739e-12 0
0.965994 0.0340056 0
1.0 5.42994e-09 0
0.999968 3.19154e-05 0
0.999992 8.49821e-06 0
1.0 9.09949e-14 0
0.998093 0.00190678 0
0.999974 2.55603e-05 0
1.0 2.5068e-12 0
1.0 8.98688e-10 0
0.708865 0.291135 0
0.999984 1.58534e-05 0
0.968759 0.0312411 0
0.996136 0.00386442 0
0.0533694 0.946631 0
0.999998 1.84978e-06 0
0.971601 0.0283994 0
0.000189282 0.999811 0
0.971333 0.0286671 0
0.999989 1.12829e-05 0
0.977813 0.0221871 0
0.531693 0.468308 0
0.988366 0.011634 0
0.999579 0.000420668 0
1.0 4.40451e-12 0
0.999951 4.85395e-05 0
1.0 3.98387e-10 0
1.0 8.41846e-10 0
9.81464e-05 0.999902 0
0.0207687 0.979231 0
0.634547 0.365453 0
0.999677 0.000322745 0
0.999997 2.75191e-06 0
0.999993 6.99229e-06 0
1.0 4.95697e-08 0
1.0 1.30118e-11 0
0.900056 0.0999437 0
0.999999 1.11971e-06 0
0.989318 0.010682 0
0.0805339 0.919466 0
1.0 2.87189e-07 0
0.999791 0.000209154 0
0.985965 0.0140353 0
0.999997 3.33826e-06 0
0.596513 0.403487 0
1.0 4.30611e-08 0
0.998396 0.00160407 0
0.000178254 0.999822 1
0.887062 0.112938 1
0.936411 0.0635889 1
7.76002e-05 0.999922 1
0.043192 0.956808 1
0.0908991 0.909101 1
0.685257 0.314743 1
1.48741e-07 1.0 1
0.358865 0.641135 1
3.12734e-05 0.999969 1
0.204763 0.795237 1
0.830748 0.169252 1
0.0153768 0.984623 1
0.68162 0.31838 1
0.000710585 0.999289 1
0.000563812 0.999436 1
0.0219397 0.97806 1
1.33276e-06 0.999999 1
0.99969 0.000309551 1
0.810786 0.189214 1
0.0237573 0.976243 1
0.00237412 0.997626 1
7.37219e-06 0.999993 1
0.174067 0.825933 1
1.04334e-05 0.99999 1
0.35562 0.64438 1
0.0311587 0.968841 1
2.20467e-05 0.999978 1
0.0323448 0.967655 1
6.00501e-05 0.99994 1
0.000215261 0.999785 1
0.522875 0.477125 1
0.884024 0.115976 1
5.76154e-06 0.999994 1
0.175552 0.824448 1
0.163331 0.836669 1
0.0020049 0.997995 1
0.000418562 0.999581 1
3.14317e-06 0.999997 1
1.7819e-05 0.999982 1
2.9126e-06 0.999997 1
0.00219769 0.997802 1
0.277227 0.722773 1
0.564072 0.435928 1
0.00263633 0.997364 1
0.101219 0.898781 1
8.08011e-05 0.999919 1
0.224503 0.775497 1
0.138782 0.861218 1
0.99999 9.75642e-06 1
1.36719e-06 0.999999 1
0.0134338 0.986566 1
0.460863 0.539137 1
1.142e-07 1.0 1
0.0860515 0.913949 1
0.0520624 0.947938 1
5.45756e-05 0.999945 1
5.61284e-05 0.999944 1
0.472379 0.527621 1
0.000502416 0.999498 1
0.0723196 0.92768 1
0.989435 0.0105646 1
1.65092e-06 0.999998 1
0.00129877 0.998701 1
0.000652364 0.999348 1
0.307473 0.692527 1
0.000146065 0.999854 1
0.0526424 0.947358 1
0.86635 0.13365 1
0.000270464 0.99973 1
8.89664e-06 0.999991 1
0.172264 0.827736 1
0.212354 0.787646 1
0.000633481 0.999367 1
0.882907 0.117093 1
0.0131411 0.986859 1
0.000131178 0.999869 1
0.148312 0.851688 1
1.95291e-07 1.0 1
0.0671858 0.932814 1
0.000395137 0.999605 1
0.000712182 0.999288 1
0.998295 0.00170533 1
1.20754e-07 1.0 1
0.645706 0.354294 1
0.0384593 0.961541 1
2.30624e-06 0.999998 1
0.000948666 0.999051 1
0.0482182 0.951782 1
0.00088527 0.999115 1
0.00594238 0.994058 1
5.10935e-06 0.999995 1
0.988128 0.0118721 1
0.00136926 0.998631 1
4.87915e-05 0.999951 1
0.131241 0.868759 1
4.83951e-05 0.999952 1
0.997107 0.00289267 1
0.0175232 0.982477 1
0.0182487 0.981751 1
5.99215e-09 1.0 1
0.00120421 0.998796 1
0.676225 0.323775 1
0.000814145 0.999186 1
7.60868e-05 0.999924 1
0.961618 0.0383823 1
0.00167853 0.998321 1
0.0031968 0.996803 1
0.00385033 0.99615 1
0.000236861 0.999763 1
6.57569e-05 0.999934 1
0.206411 0.793589 1
0.246791 0.753209 1
0.000191396 0.999809 1
0.854527 0.145473 1
9.88769e-05 0.999901 1
0.000231559 0.999768 1
6.54396e-06 0.999993 1
0.000137574 0.999862 1
0.000368982 0.999631 1
0.998328 0.00167197 1
0.95096 0.0490396 1
0.00605922 0.993941 1
0.991073 0.00892689 1
5.72376e-06 0.999994 1
0.780575 0.219425 1
0.999114 0.000885907 1
8.07329e-05 0.999919 1
1.724e-07 1.0 1
0.06658 0.93342 1
0.000511867 0.999488 1
0.000941273 0.999059 1
0.00437716 0.995623 1
1.78574e-05 0.999982 1
0.267553 0.732447 1
0.000313699 0.999686 1
0.000205421 0.999795 1
2.16972e-06 0.999998 1
0.00010492 0.999895 1
1.55806e-05 0.999984 1
1.4038e-07 1.0 1
0.966045 0.0339555 1
0.419526 0.580474 1
0.964106 0.0358941 1
0.0777074 0.922293 1
0.0146587 0.985341 1
0.0216276 0.978372 1
1.03e-08 1.0 1
1.62816e-05 0.999984 1
0.0599755 0.940025 1
5.23055e-05 0.999948 1
5.83738e-07 0.999999 1
0.0599059 0.940094 1
0.00089288 0.999107 1
0.999999 9.8072e-07 1
0.000884418 0.999116 1
0.00203554 0.997965 1
0.000467808 0.999532 1
0.770996 0.229004 1
0.000304417 0.999696 1
0.0900993 0.909901 1
0.0109686 0.989031 1
2.67052e-07 1.0 1
3.4613e-06 0.999997 1
0.00593316 0.994067 1
0.0650975 0.934903 1
0.997251 0.00274919 1
0.999999 9.72244e-07 1
0.00354498 0.996455 1
0.046237 0.953763 1
1.1019e-06 0.999999 1
0.000321916 0.999678 1
0.999236 0.000763554 1
0.00128348 0.998717 1
0.217767 0.782233 1
0.0140038 0.985996 1
0.180716 0.819284 1
0.997432 0.00256806 1
1.27161e-07 1.0 1
0.0354309 0.964569 1
0.00018412 0.999816 1
0.151652 0.848348 1
0.00610601 0.993894 1
4.2151e-07 1.0 1
0.941931 0.0580695 1
0.223433 0.776567 1
0.991979 0.0080212 1
0.963488 0.0365123 1
0.0364847 0.963515 1
0.867091 0.132909 1
6.52632e-06 0.999993 1
0.778487 0.221513 1
0.620569 0.379431 1
0.404274 0.595726 1
0.966889 0.0331107 1
0.999904 9.58714e-05 1
0.777893 0.222107 1
0.0168453 0.983155 1
3.70283e-05 0.999963 1
0.61627 0.38373 1
0.000678269 0.999322 1
0.0576358 0.942364 1
4.96249e-07 1.0 1
0.145975 0.854025 1
0.996845 0.00315497 1
0.0516908 0.948309 1
8.51616e-08 1.0 1
0.0721016 0.927898 1
0.0004087 0.999591 1
2.55771e-05 0.999974 1
5.47781e-05 0.999945 1
5.715e-06 0.999994 1
0.165983 0.834017 1
1.30565e-08 1.0 1
0.822785 0.177215 1
6.15688e-05 0.999938 1
0.996214 0.00378579 1
0.000245034 0.999755 1
9.83958e-05 0.999902 1
5.79466e-07 0.999999 1
0.0490874 0.950913 1
0.000318428 0.999682 1
1.8398e-06 0.999998 1
0.00258883 0.997411 1
2.52766e-06 0.999997 1
0.00197737 0.998023 1
0.000111029 0.999889 1
0.977174 0.0228258 1
0.0436076 0.956392 1
0.954501 0.0454987 1
0.190125 0.809875 1
0.0418623 0.958138 1
0.00157585 0.998424 1
0.000653031 0.999347 1
0.000997312 0.999003 1
0.00212828 0.997872 1
0.781544 0.218456 1
0.348818 0.651182 1
0.0434637 0.956536 1
7.91345e-06 0.999992 1
0.000477573 0.999522 1
0.999992 8.02313e-06 1
0.182907 0.817093 1
0.000402252 0.999598 1
0.789862 0.210138 1
3.74052e-12 1.0 1
0.895766 0.104234 1
1.55838e-07 1.0 1
0.00259605 0.997404 1
3.17293e-07 1.0 1
6.30353e-05 0.999937 1
1.93059e-05 0.999981 1
0.806628 0.193372 1
0.00192708 0.998073 1
0.999658 0.000341737 1
0.0824402 0.91756 1
4.95748e-05 0.99995 1
0.000352348 0.999648 1
7.87587e-06 0.999992 1
1.0 7.65885e-08 1
0.000195509 0.999805 1
0.442195 0.557805 1
0.293331 0.706669 1
0.00490092 0.995099 1
0.00107979 0.99892 1
0.000232822 0.999767 1
6.24964e-06 0.999994 1
2.96944e-08 1.0 1
0.0991285 0.900871 1
1.28951e-06 0.999999 1
0.0399651 0.960035 1
0.999437 0.000563384 1
0.999807 0.000193454 1
0.0523377 0.947662 1
0.000575752 0.999424 1
4.89284e-06 0.999995 1
7.97286e-07 0.999999 1
0.00497459 0.995025 1
1.34376e-06 0.999999 1
3.62583e-08 1.0 1
0.00011558 0.999884 1
3.27276e-05 0.999967 1
1.0 3.71889e-10 1
0.0168336 0.983166 1
0.237629 0.762371 1
1.69453e-06 0.999998 1
2.67869e-05 0.999973 1
0.192304 0.807696 1
7.58727e-07 0.999999 1
0.157197 0.842803 1
0.0011346 0.998865 1
8.24178e-08 1.0 1
0.174001 0.825999 1
5.70904e-07 0.999999 1
0.0328442 0.967156 1
0.00290764 0.997092 1
9.34621e-09 1.0 1
0.0607467 0.939253 1
0.0483563 0.951644 1
0.966324 0.0336763 1
5.71706e-06 0.999994 1
0.564979 0.435021 1
0.000159136 0.999841 1
4.42821e-05 0.999956 1
0.361297 0.638703 1
3.10001e-05 0.999969 1
0.419646 0.580354 1
0.00283548 0.997165 1
0.0280601 0.97194 1
0.000501307 0.999499 1
1.17574e-05 0.999988 1
0.995708 0.00429215 1
0.0118983 0.988102 1
1.97499e-05 0.99998 1
0.65083 0.34917 1
0.110551 0.889449 1
0.640857 0.359143 1
0.000248404 0.999752 1
0.999634 0.000365747 1
0.00169555 0.998304 1
0.981821 0.0181787 1
6.80985e-05 0.999932 1
0.00102562 0.998974 1
0.000110672 0.999889 1
0.0294048 0.970595 1
0.00569622 0.994304 1
0.0503825 0.949618 1
0.000127106 0.999873 1
1.43471e-07 1.0 1
5.4204e-06 0.999995 1
0.000956263 0.999044 1
7.79511e-07 0.999999 1
9.64654e-05 0.999904 1
0.916517 0.083483 1
0.983954 0.0160457 1
0.418793 0.581207 1
0.0692134 0.930787 1
0.956782 0.0432183 1
9.82173e-06 0.99999 1
0.965466 0.0345343 1
0.122321 0.877679 1
2.60888e-06 0.999997 1
0.351509 0.648491 1
0.22692 0.77308 1
0.216452 0.783548 1
0.0321783 0.967822 1
0.000149643 0.99985 1
0.00608963 0.99391 1
4.09067e-05 0.999959 1
0.0128157 0.987184 1
0.00115929 0.998841 1
0.0722729 0.927727 1
0.669712 0.330288 1
0.959619 0.0403812 1
0.804195 0.195805 1
1.82e-05 0.999982 1
0.000111656 0.999888 1
0.992906 0.00709401 1
2.25372e-07 1.0 1
6.9735e-05 0.99993 1
0.999985 1.47301e-05 1
0.00109995 0.9989 1
0.995706 0.00429432 1
0.000145097 0.999855 1
5.14047e-05 0.999949 1
0.616925 0.383075 1
0.259101 0.740899 1
0.999967 3.28173e-05 1
0.852175 0.147825 1
0.0122112 0.987789 1
0.981511 0.0184892 1
8.29031e-07 0.999999 1
0.958809 0.0411909 1
0.997947 0.00205329 1
0.000604758 0.999395 1
1.0 2.30243e-07 1
0.344485 0.655515 1
0.999495 0.000505109 1
0.63854 0.36146 1
2.01783e-05 0.99998 1
0.0766335 0.923366 1
1.29409e-05 0.999987 1
4.56771e-06 0.999995 1
0.0223331 0.977667 1
9.63728e-05 0.999904 1
0.000886262 0.999114 1
0.0370782 0.962922 1
0.999936 6.34999e-05 1
0.977997 0.0220035 1
1.54881e-07 1.0 1
0.279911 0.720089 1
1.0 2.37657e-09 1
0.00820418 0.991796 1
9.27046e-08 1.0 1
0.0262685 0.973732 1
0.959936 0.0400645 1
2.13977e-08 1.0 1
0.00132973 0.99867 1
0.862091 0.137909 1
0.583141 0.416859 1
0.031071 0.968929 1
1.90803e-05 0.999981 1
8.11112e-05 0.999919 1
0.000499498 0.999501 1
0.0139539 0.986046 1
0.999444 0.00055635 1
4.35139e-05 0.999956 1
0.992885 0.00711463 1
0.000369811 0.99963 1
0.81632 0.18368 1
0.340548 0.659452 1
0.729334 0.270666 1
0.999196 0.000804448 1
0.00686536 0.993135 1
0.222293 0.777707 1
0.999434 0.000566429 1
0.000194834 0.999805 1
6.59158e-06 0.999993 1
0.000440615 0.999559 1
2.19383e-05 0.999978 1
0.00191438 0.998086 1
0.00392065 0.996079 1
0.999665 0.000335417 1
1.66502e-05 0.999983 1
0.00190274 0.998097 1
6.34947e-07 0.999999 1
0.00102228 0.998978 1
0.00126509 0.998735 1
0.0114153 0.988585 1
0.760719 0.239281 1
1.43589e-06 0.999999 1
3.5971e-07 1.0 1
0.749435 0.250565 1
3.92921e-05 0.999961 1
3.16953e-06 0.999997 1
0.945044 0.0549555 1
0.398504 0.601496 1
0.196437 0.803563 1
8.8011e-07 0.999999 1
4.37962e-06 0.999996 1
0.671834 0.328166 1
7.5715e-06 0.999992 1
0.00120835 0.998792 1
0.272567 0.727433 1
0.332247 0.667753 1
0.999887 0.000113336 1
0.00277832 0.997222 1
0.993598 0.00640208 1
1.15902e-08 1.0 1
1.31096e-06 0.999999 1
0.000450402 0.99955 1
0.970196 0.0298042 1
0.00193758 0.998062 1
1.90599e-06 0.999998 1
0.0218898 0.97811 1
0.00423749 0.995763 1
0.000939464 0.999061 1
0.995613 0.0043869 1
0.111632 0.888368 1
7.70831e-05 0.999923 1
0.0035555 0.996445 1
0.00174587 0.998254 1
3.15293e-05 0.999969 1
0.587329 0.412671 1
0.801441 0.198559 1
0.000249907 0.99975 1
0.00411734 0.995883 1
2.0466e-05 0.999979 1
0.755465 0.244535 1
6.62955e-08 1.0 1
0.00252441 0.997476 1
0.118477 0.881523 1
0.000902405 0.999098 1
0.00514959 0.99485 1
4.56879e-05 0.999954 1
0.175869 0.824131 1
3.2886e-06 0.999997 1
0.000658979 0.999341 1
0.000154977 0.999845 1
0.00713023 0.99287 1
2.82359e-05 0.999972 1
0.48886 0.51114 1
0.0780175 0.921983 1
0.999862 0.000138304 1
0.768985 0.231015 1
6.29184e-07 0.999999 1
0.000398024 0.999602 1
0.000253953 0.999746 1
0.293265 0.706735 1
0.0492771 0.950723 1
2.59466e-09 1.0 1
1.24596e-09 1.0 1
0.435911 0.564089 1
0.848611 0.151389 1
0.000456211 0.999544 1
0.00514385 0.994856 1
0.999737 0.00026314 1
1.0 7.14223e-10 1
0.911644 0.0883562 1
0.00869909 0.991301 1
0.000404536 0.999595 1
0.000602771 0.999397 1
7.16053e-05 0.999928 1
1.5248e-05 0.999985 1
6.41795e-05 0.999936 1
0.867066 0.132934 1
0.00715591 0.992844 1
0.0473966 0.952603 1
4.9047e-06 0.999995 1
1.075e-05 0.999989 1
0.935971 0.0640285 1
0.00717211 0.992828 1
0.00380367 0.996196 1
0.00155622 0.998444 1
0.0180669 0.981933 1
0.650552 0.349448 1
1.44836e-05 0.999986 1
1.14052e-06 0.999999 1
3.25525e-06 0.999997 1
0.605089 0.394911 1
0.107106 0.892894 1
0.983057 0.0169434 1
0.999318 0.000682301 1
0.00103139 0.998969 1
1.06822e-05 0.999989 1
0.00240688 0.997593 1
0.175908 0.824092 1
0.144254 0.855746 1
1.56908e-06 0.999998 1
0.91455 0.0854499 1
0.969758 0.0302421 1
2.66367e-05 0.999973 1
0.000362784 0.999637 1
0.16562 0.83438 1
5.37715e-05 0.999946 1
0.450012 0.549988 1
0.999707 0.000292857 1
3.05741e-06 0.999997 1
0.0267749 0.973225 1
0.00224763 0.997752 1
0.000741916 0.999258 1
0.982996 0.0170044 1
0.959368 0.0406321 1
0.000238064 0.999762 1
0.00552416 0.994476 1
0.00073982 0.99926 1
0.659882 0.340118 1
0.249685 0.750315 1
5.31328e-05 0.999947 1
0.806411 0.193589 1
5.6483e-07 0.999999 1
0.251784 0.748216 1
8.20373e-05 0.999918 1
0.00129423 0.998706 1
7.25941e-07 0.999999 1
0.0469631 0.953037 1
0.00182175 0.998178 1
0.000682516 0.999318 1
8.69143e-08 1.0 1
0.0315426 0.968457 1
5.38958e-07 0.999999 1
0.0304551 0.969545 1
0.00222422 0.997776 1
2.40697e-06 0.999998 1
0.0174419 0.982558 1
0.00264882 0.997351 1
0.000227333 0.999773 1
2.00245e-06 0.999998 1
0.00180439 0.998196 1
0.0313442 0.968656 1
0.937926 0.062074 1
0.998845 0.00115488 1
0.00152738 0.998473 1
0.00083409 0.999166 1
0.00253088 0.997469 1
0.0136257 0.986374 1
0.00782888 0.992171 1
2.62968e-06 0.999997 1
7.62946e-06 0.999992 1
0.142862 0.857138 1
1.77037e-05 0.999982 1
0.000162728 0.999837 1
0.374989 0.625011 1
0.056806 0.943194 1
1.00814e-05 0.99999 1
0.00117903 0.998821 1
0.998261 0.00173941 1
0.00920128 0.990799 1
0.000133523 0.999866 1
7.94116e-06 0.999992 1
0.000220397 0.99978 1
0.0181686 0.981831 1
0.0150908 0.984909 1
0.993707 0.0062925 1
0.958371 0.0416288 1
0.00332954 0.99667 1
0.990806 0.00919372 1
0.000388271 0.999612 1
5.14887e-06 0.999995 1
0.0493082 0.950692 1
0.00480514 0.995195 1
0.0842602 0.91574 1
0.00239473 0.997605 1
0.203459 0.796541 1
0.999893 0.000107185 1
0.00250813 0.997492 1
2.86915e-05 0.999971 1
0.0469609 0.953039 1
0.218824 0.781176 1
0.162495 0.837505 1
4.60979e-07 1.0 1
0.000666142 0.999334 1
1.08887e-05 0.999989 1
0.000182024 0.999818 1
0.141972 0.858028 1
3.8151e-06 0.999996 1
2.53234e-05 0.999975 1
0.334247 0.665753 1
0.00155585 0.998444 1
0.129996 0.870004 1
0.929668 0.0703322 1
0.987321 0.0126792 1
0.0178981 0.982102 1
0.997791 0.00220889 1
0.00392013 0.99608 1
0.000158517 0.999841 1
1.03061e-07 1.0 1
0.999181 0.000819369 1
0.203188 0.796812 1
0.00934005 0.99066 1
3.01263e-05 0.99997 1
0.737253 0.262747 1
0.590253 0.409747 1
0.0639056 0.936094 1
0.000146788 0.999853 1
0.000783825 0.999216 1
7.46923e-08 1.0 1
0.000380144 0.99962 1
0.262219 0.737781 1
0.000105944 0.999894 1
0.353294 0.646706 1
6.9287e-08 1.0 1
0.181478 0.818522 1
0.989514 0.0104864 1
0.000116764 0.999883 1
7.75597e-08 1.0 1
0.0595555 0.940445 1
6.05534e-06 0.999994 1
2.57758e-06 0.999997 1
0.998824 0.00117615 1
0.00389529 0.996105 1
6.40422e-06 0.999994 1
0.0325213 0.967479 1
1.43547e-07 1.0 1
1.4395e-05 0.999986 1
0.097252 0.902748 1
0.00104351 0.998956 1
0.0022501 0.99775 1
0.201194 0.798806 1
0.00962452 0.990375 1
0.000131063 0.999869 1
0.64255 0.35745 1
0.000208937 0.999791 1
0.992957 0.00704317 1
2.41938e-06 0.999998 1
8.66101e-05 0.999913 1
0.000782006 0.999218 1
0.000276761 0.999723 1
0.0149636 0.985036 1
0.00862861 0.991371 1
0.00422886 0.995771 1
3.47591e-07 1.0 1
3.0382e-08 1.0 1
0.0246691 0.975331 1
0.14525 0.85475 1
0.000492543 0.999507 1
0.000634368 0.999366 1
0.000168946 0.999831 1
0.172279 0.827721 1
0.0332727 0.966727 1
3.06251e-06 0.999997 1
0.914936 0.0850642 1
0.526595 0.473405 1
0.017424 0.982576 1
1.39396e-05 0.999986 1
0.252108 0.747892 1
0.00741419 0.992586 1
0.00647564 0.993524 1
0.999997 2.79696e-06 1
0.0985158 0.901484 1
0.000234101 0.999766 1
1.14452e-07 1.0 1
0.0521079 0.947892 1
0.00102585 0.998974 1
0.00409226 0.995908 1
0.00181362 0.998186 1
0.0536815 0.946319 1
5.98306e-06 0.999994 1
1.0 1.90471e-07 1
1.6988e-05 0.999983 1
0.000431788 0.999568 1
6.25994e-07 0.999999 1
0.318571 0.681429 1
0.00448355 0.995516 1
1.13857e-05 0.999989 1
1.56708e-07 1.0 1
2.45432e-05 0.999975 1
0.43797 0.56203 1
0.969541 0.0304595 1
0.273328 0.726672 1
0.0754396 0.92456 1
0.0168672 0.983133 1
0.00767254 0.992327 1
9.16397e-06 0.999991 1
0.0061596 0.99384 1
0.213759 0.786241 1
0.517729 0.482271 1
0.0694611 0.930539 1
0.00761841 0.992382 1
3.47806e-05 0.999965 1
1.28275e-05 0.999987 1
0.976132 0.0238676 1
0.808162 0.191838 1
6.10748e-06 0.999994 1
0.00796635 0.992034 1
0.011296 0.988704 1
1.15045e-13 1.0 1
5.09318e-05 0.999949 1
0.00016249 0.999838 1
0.00876338 0.991237 1
0.0237453 0.976255 1
5.51983e-06 0.999995 1
0.0022433 0.997757 1
0.0120034 0.987997 1
0.0132806 0.986719 1
0.358052 0.641948 1
0.0117709 0.988229 1
0.0102903 0.98971 1
0.000123272 0.999877 1
2.43349e-06 0.999998 1
0.99975 0.000250377 1
2.19754e-07 1.0 1
0.00011289 0.999887 1
0.999471 0.000529429 1
7.22935e-05 0.999928 1
0.207305 0.792695 1
0.000147976 0.999852 1
0.864092 0.135908 1
0.000333015 0.999667 1
0.844663 0.155337 1
0.0717684 0.928232 1
0.0533219 0.946678 1
6.60314e-05 0.999934 1
0.000688681 0.999311 1
0.982345 0.0176554 1
3.12318e-05 0.999969 1
0.0682736 0.931726 1
1.0 6.41449e-14 1
0.60781 0.39219 1
1.64309e-05 0.999984 1
0.951719 0.0482812 1
0.0282167 0.971783 1
0.749481 0.250519 1
0.460736 0.539264 1
0.993199 0.0068012 1
6.65198e-07 0.999999 1
0.000442849 0.999557 1
0.00195638 0.998044 1
0.000127121 0.999873 1
0.610294 0.389706 1
4.55089e-05 0.999954 1
8.91006e-05 0.999911 1
0.00983127 0.990169 1
0.0438698 0.95613 1
0.0949218 0.905078 1
0.880029 0.119971 1
0.00128693 0.998713 1
1.42771e-06 0.999999 1
9.74228e-08 1.0 1
0.000737396 0.999263 1
0.00504751 0.994953 1
0.952998 0.047002 1
2.31454e-06 0.999998 1
0.000139354 0.999861 1
0.000566866 0.999433 1
0.00292719 0.997073 1
0.00299453 0.997006 1
0.395494 0.604506 1
0.328467 0.671533 1
8.47684e-05 0.999915 1
1.03901e-05 0.99999 1
0.737956 0.262044 1
0.0758445 0.924155 1
0.00240614 0.997594 1
0.140999 0.859001 1
0.70869 0.29131 1
0.115879 0.884121 1
0.9998 0.000199933 1
0.00582464 0.994175 1
0.0254089 0.974591 1
0.999999 1.43658e-06 1
0.000570882 0.999429 1
0.132141 0.867859 1
0.673542 0.326458 1
4.4653e-07 1.0 1
0.268485 0.731515 1
2.44979e-05 0.999975 1
9.85985e-07 0.999999 1
0.905421 0.0945794 1
0.000766472 0.999233 1
4.25349e-07 1.0 1
0.780061 0.219939 1
0.00547953 0.99452 1
0.000706074 0.999294 1
0.00160727 0.998393 1
0.950916 0.0490836 1
0.547914 0.452086 1
0.00105947 0.998941 1
0.615271 0.384729 1
4.03427e-06 0.999996 1
5.48411e-06 0.999995 1
0.00411443 0.995886 1
0.472038 0.527962 1
8.89936e-05 0.999911 1
0.496903 0.503097 1
1.0 1.02369e-10 1
0.598987 0.401013 1
0.880894 0.119106 1
0.0355572 0.964443 1
0.000198524 0.999801 1
0.852968 0.147032 1
0.0256705 0.974329 1
0.00491014 0.99509 1
0.00807109 0.991929 1
0.194124 0.805876 1
0.0138372 0.986163 1
2.30869e-08 1.0 1
0.000480701 0.999519 1
0.000996368 0.999004 1
0.00187094 0.998129 1
0.0010422 0.998958 1
3.88453e-06 0.999996 1
0.988938 0.0110615 1
6.86478e-05 0.999931 1
0.113976 0.886024 1
0.999042 0.000958199 1
1.0 6.8068e-09 1
0.00196935 0.998031 1
0.00438944 0.995611 1
0.00520512 0.994795 1
0.981125 0.018875 1
0.0471367 0.952863 1
8.27079e-05 0.999917 1
0.959781 0.040219 1
0.431233 0.568767 1
0.046325 0.953675 1
5.0749e-08 1.0 1
7.09158e-08 1.0 1
2.36172e-06 0.999998 1
0.000113704 0.999886 1
0.032955 0.967045 1
0.0670893 0.932911 1
0.743084 0.256916 1
0.000196192 0.999804 1
0.000812807 0.999187 1
0.864121 0.135879 1
0.0664693 0.933531 1
0.00144393 0.998556 1
0.00228256 0.997717 1
8.09873e-05 0.999919 1
7.70869e-08 1.0 1
0.00966156 0.990338 1
1.95058e-06 0.999998 1
0.0139004 0.9861 1
0.982417 0.0175831 1
4.33347e-06 0.999996 1
0.677904 0.322096 1
5.59289e-05 0.999944 1
0.0358132 0.964187 1
0.115117 0.884883 1
0.000525481 0.999475 1
0.0244003 0.9756 1
1.34267e-06 0.999999 1
3.56169e-06 0.999996 1
0.258216 0.741784 1
0.147972 0.852028 1
8.63733e-06 0.999991 1
0.122298 0.877702 1
0.748358 0.251642 1
6.23685e-05 0.999938 1
3.37606e-05 0.999966 1
0.981907 0.0180935 1
0.000695307 0.999305 1
0.00230719 0.997693 1
0.000563418 0.999437 1
0.671734 0.328266 1
0.967339 0.0326607 1
0.120548 0.879452 1
2.32559e-06 0.999998 1
0.175963 0.824037 1
4.40307e-05 0.999956 1
0.543817 0.456183 1
0.802006 0.197994 1
7.5513e-05 0.999925 1
0.999987 1.25674e-05 1
0.00842432 0.991576 1
0.278755 0.721245 1
0.310319 0.689681 1
5.52069e-06 0.999995 1
0.000100593 0.999899 1
2.32012e-05 0.999977 1
0.631554 0.368446 1
0.0333921 0.966608 1
1.93096e-09 1.0 1
5.97423e-06 0.999994 1
0.083196 0.916804 1
0.0146996 0.9853 1
0.00345973 0.99654 1
0.000130482 0.999869 1
0.00245551 0.997544 1
0.000213608 0.999786 1
0.050775 0.949225 1
0.342814 0.657186 1
2.22493e-05 0.999978 1
0.999999 8.29393e-07 1
0.180454 0.819546 1
0.00226242 0.997738 1
0.934271 0.0657287 1
6.92428e-05 0.999931 1
0.000166207 0.999834 1
0.000874118 0.999126 1
0.999939 6.06306e-05 1
0.374762 0.625238 1
2.42638e-05 0.999976 1
0.0349397 0.96506 1
0.000203459 0.999797 1
0.00925987 0.99074 1
8.81895e-06 0.999991 1
3.35658e-14 1.0 1
1.48505e-05 0.999985 1
0.0108541 0.989146 1
7.38353e-07 0.999999 1
0.00177005 0.99823 1
0.224224 0.775776 1
0.000421701 0.999578 1
0.00143991 0.99856 1
8.80594e-08 1.0 1
1.6959e-06 0.999998 1
1.53747e-06 0.999998 1
5.58816e-06 0.999994 1
0.79853 0.20147 1
0.00661776 0.993382 1
0.0143748 0.985625 1
0.000539602 0.99946 1
0.999932 6.84689e-05 1
0.968929 0.0310711 1
4.03598e-06 0.999996 1
0.932443 0.0675568 1
0.00706844 0.992932 1
0.0781811 0.921819 1
0.995779 0.00422125 1
0.0173259 0.982674 1
0.0332911 0.966709 1
0.993901 0.00609868 1
1.99649e-06 0.999998 1
8.38749e-07 0.999999 1
0.0252708 0.974729 1
0.2153 0.7847 1
0.000156823 0.999843 1
9.48192e-06 0.99999 1
0.890921 0.109079 1
0.0223458 0.977654 1
0.945832 0.0541676 1
0.0245954 0.975405 1
0.358378 0.641622 1
0.0281852 0.971815 1
0.0844344 0.915566 1
1.0 2.85916e-07 1
0.952096 0.0479038 1
1.64917e-07 1.0 1
0.000152969 0.999847 1
0.00379676 0.996203 1
0.00454821 0.995452 1
0.00055814 0.999442 1
1.75617e-05 0.999982 1
0.00766263 0.992337 1
0.0106694 0.989331 1
1.61874e-05 0.999984 1
0.623894 0.376106 1
1.56833e-06 0.999998 1
0.0115082 0.988492 1
0.993716 0.00628363 1
0.296112 0.703888 1
0.068383 0.931617 1
1.0 3.78945e-09 1
0.00434414 0.995656 1
0.000628392 0.999372 1
0.922903 0.0770965 1
0.000397858 0.999602 1
0.994094 0.00590637 1
