0.988458 0.0115425 0
1.0 8.12283e-11 0
0.891717 0.108283 0
0.999957 4.32398e-05 0
0.832919 0.167081 0
1.0 1.87178e-09 0
0.999997 2.66011e-06 0
0.999839 0.000161187 0
0.999998 1.90188e-06 0
0.999999 1.13833e-06 0
0.999882 0.000118118 0
0.998618 0.00138174 0
0.999875 0.000125262 0
0.503694 0.496306 0
0.982442 0.0175576 0
0.978161 0.0218387 0
0.0507313 0.949269 0
0.999652 0.000347799 0
0.5388 0.4612 0
0.996092 0.00390787 0
0.664736 0.335264 0
0.278694 0.721306 0
1.0 2.95178e-07 0
0.362181 0.637819 0
0.978694 0.0213064 0
1.0 3.52017e-09 0
1.0 7.03346e-09 0
0.99991 8.98977e-05 0
0.998978 0.00102212 0
1.0 2.76278e-08 0
1.0 3.0596e-10 0
0.995637 0.00436305 0
1.0 3.0379e-09 0
1.0 6.64702e-09 0
0.00179801 0.998202 0
0.999997 2.77452e-06 0
1.0 1.14718e-08 0
0.981879 0.0181207 0
1.0 6.50465e-09 0
0.999997 3.38127e-06 0
1.0 4.21116e-11 0
0.932773 0.0672274 0
0.995765 0.00423495 0
0.999846 0.000153884 0
0.998437 0.00156319 0
1.0 1.32039e-13 0
0.999659 0.000341127 0
0.999969 3.11029e-05 0
1.0 4.9465e-11 0
0.997215 0.00278531 0
0.98992 0.0100799 0
1.0 3.48974e-09 0
0.999944 5.61167e-05 0
1.0 6.00457e-10 0
0.998644 0.00135566 0
1.0 1.065e-09 0
1.0 3.72474e-12 0
0.93003 0.0699704 0
1.0 6.51084e-08 0
0.999939 6.07863e-05 0
0.0161124 0.983888 0
0.999048 0.000952299 0
0.550354 0.449646 0
1.0 4.98737e-08 0
0.0509307 0.949069 0
1.0 5.54871e-08 0
0.994677 0.00532279 0
0.915522 0.0844776 0
0.936361 0.063639 0
1.0 5.87441e-09 0
0.999997 2.5827e-06 0
0.999999 1.14096e-06 0
1.0 1.16689e-07 0
1.0 2.42243e-10 0
0.797611 0.202389 0
0.996056 0.00394386 0
1.0 8.37349e-12 0
1.0 5.27789e-07 0
1.0 6.64024e-13 0
0.999995 5.24898e-06 0
0.999999 1.04495e-06 0
0.999999 6.66755e-07 0
1.0 4.10359e-12 0
0.968854 0.0311463 0
0.994935 0.00506488 0
1.0 2.10414e-08 0
0.986013 0.0139868 0
1.0 2.18425e-12 0
0.661943 0.338057 0
0.999478 0.000522489 0
0.999915 8.52368e-05 0
1.0 1.87147e-07 0
0.999979 2.12329e-05 0
0.999994 5.63573e-06 0
1.0 3.49789e-07 0
1.0 9.38327e-10 0
1.0 1.82761e-10 0
1.0 4.66992e-07 0
1.0 3.61772e-07 0
1.0 5.41356e-08 0
0.998343 0.00165743 0
0.999995 4.60881e-06 0
1.0 8.59147e-09 0
0.999966 3.42958e-05 0
1.0 6.21219e-14 0
0.923778 0.0762219 0
0.963579 0.0364211 0
0.00841608 0.991584 0
1.0 1.49368e-13 0
0.999996 3.83307e-06 0
1.0 4.6654e-08 0
1.0 2.67163e-11 0
0.571043 0.428957 0
1.0 6.56974e-12 0
1.0 1.44798e-11 0
1.0 1.67791e-10 0
1.0 4.20523e-08 0
0.00622426 0.993776 0
0.882109 0.117891 0
0.436342 0.563658 0
0.993886 0.00611355 0
0.999938 6.23185e-05 0
0.999994 6.25608e-06 0
1.0 7.30401e-08 0
1.0 1.58768e-10 0
0.999997 2.61849e-06 0
0.999934 6.56005e-05 0
0.99999 9.68159e-06 0
0.244652 0.755348 0
1.0 3.40304e-08 0
0.605831 0.394169 0
0.818941 0.181059 0
0.999816 0.000183721 0
0.999732 0.000268215 0
0.999979 2.05772e-05 0
1.0 4.12763e-13 0
0.0710978 0.928902 0
1.0 5.45812e-16 0
1.0 1.94285e-09 0
0.999754 0.000245524 0
0.99935 0.000650375 0
0.999991 9.33356e-06 0
1.0 2.12314e-08 0
1.0 8.55087e-10 0
0.999329 0.000671051 0
0.999994 5.65141e-06 0
1.0 3.68649e-07 0
0.99366 0.00634028 0
0.999999 6.29264e-07 0
0.906003 0.0939971 0
0.704394 0.295606 0
0.878788 0.121212 0
0.999977 2.27718e-05 0
0.996404 0.00359589 0
0.84759 0.15241 0
0.706735 0.293265 0
0.999833 0.000166771 0
7.796e-05 0.999922 0
1.21271e-06 0.999999 0
0.999968 3.17309e-05 0
0.999983 1.66008e-05 0
0.999994 5.72247e-06 0
1.0 1.28044e-12 0
1.0 8.68135e-11 0
1.0 4.38537e-09 0
0.999715 0.000284877 0
0.991042 0.00895772 0
1.0 1.59293e-11 0
1.0 2.36794e-07 0
1.0 4.64815e-08 0
0.999584 0.000416006 0
0.989618 0.0103817 0
0.0578431 0.942157 0
0.999998 2.05034e-06 0
1.0 1.93819e-12 0
1.0 8.47968e-08 0
0.00668259 0.993317 0
0.999456 0.000543576 0
1.0 2.58794e-09 0
0.999998 1.75383e-06 0
1.0 4.34875e-10 0
0.999975 2.45585e-05 0
1.0 4.58956e-08 0
0.00326278 0.996737 0
0.144939 0.855061 0
0.626862 0.373138 0
1.0 9.24032e-09 0
0.00373388 0.996266 0
0.884705 0.115295 0
0.999602 0.000397846 0
1.0 1.48349e-10 0
0.999996 3.96141e-06 0
0.990846 0.00915434 0
0.999948 5.18203e-05 0
1.0 7.59157e-08 0
1.0 5.50916e-10 0
1.0 6.6189e-10 0
1.0 6.65091e-13 0
1.0 5.01128e-11 0
0.999998 2.25711e-06 0
0.999932 6.76749e-05 0
1.0 8.77639e-08 0
0.987852 0.0121477 0
1.0 5.02335e-09 0
0.976531 0.0234687 0
1.0 3.19815e-12 0
1.0 1.80183e-10 0
1.0 9.21171e-12 0
0.997189 0.00281083 0
0.999995 5.21158e-06 0
0.820056 0.179944 0
0.142427 0.857573 0
1.0 5.03549e-09 0
1.02072e-05 0.99999 0
0.999986 1.40754e-05 0
0.997831 0.00216863 0
0.99789 0.00211044 0
0.999999 5.87089e-07 0
0.501541 0.498459 0
0.993103 0.00689732 0
1.0 5.299e-14 0
1.0 2.28995e-10 0
1.0 7.55457e-14 0
0.934739 0.0652606 0
0.994878 0.00512155 0
0.999996 4.36997e-06 0
4.09553e-06 0.999996 0
1.0 1.65541e-09 0
0.857682 0.142318 0
1.0 2.22952e-07 0
0.367409 0.632591 0
0.999973 2.67479e-05 0
1.0 2.21952e-11 0
1.0 1.55106e-12 0
0.999983 1.65397e-05 0
0.999988 1.23841e-05 0
1.0 2.74926e-19 0
0.996079 0.00392116 0
1.0 8.24883e-10 0
0.999999 6.89863e-07 0
0.178957 0.821043 0
1.0 8.17796e-11 0
0.0760613 0.923939 0
0.999999 5.55165e-07 0
0.999995 4.77566e-06 0
0.999863 0.000137349 0
0.999998 1.54285e-06 0
1.0 2.69095e-09 0
0.901612 0.0983878 0
0.0507789 0.949221 0
0.998855 0.0011445 0
1.0 2.47331e-12 0
0.999881 0.00011868 0
0.999977 2.30606e-05 0
0.946554 0.0534457 0
0.999867 0.000132843 0
1.0 8.7392e-10 0
0.999965 3.47244e-05 0
0.000255686 0.999744 0
0.999999 1.19757e-06 0
0.999534 0.000466319 0
0.594502 0.405498 0
1.0 2.21008e-07 0
0.937989 0.0620114 0
1.0 2.12682e-10 0
1.0 9.52717e-10 0
1.0 1.54909e-09 0
1.0 1.05657e-11 0
0.999214 0.000785509 0
1.0 3.97576e-10 0
0.999976 2.41843e-05 0
0.0193364 0.980664 0
0.999996 3.6982e-06 0
0.358822 0.641178 0
0.999998 2.35025e-06 0
1.0 3.62143e-10 0
0.999992 7.82173e-06 0
1.0 5.94009e-09 0
1.0 1.51284e-08 0
0.648585 0.351415 0
0.99906 0.000939949 0
0.999942 5.78797e-05 0
1.0 1.08455e-10 0
1.0 2.03045e-10 0
0.993946 0.00605431 0
0.968632 0.0313682 0
1.0 1.12517e-11 0
1.0 1.85215e-08 0
1.0 1.07229e-09 0
0.999945 5.46229e-05 0
0.314887 0.685113 0
1.0 2.74779e-09 0
0.000169793 0.99983 0
0.901125 0.0988754 0
0.844607 0.155393 0
1.0 3.98139e-12 0
1.0 1.90072e-09 0
0.999998 1.79309e-06 0
1.0 8.23602e-14 0
1.0 6.35629e-09 0
0.0764109 0.923589 0
0.999999 1.28665e-06 0
0.999813 0.000187114 0
1.0 9.04471e-13 0
1.0 5.65376e-11 0
1.0 4.62751e-09 0
0.0624335 0.937566 0
1.0 5.13139e-07 0
1.0 1.44306e-14 0
1.0 1.16421e-10 0
1.0 8.36509e-08 0
0.645806 0.354194 0
1.0 3.18713e-08 0
1.0 2.43602e-09 0
0.990386 0.00961443 0
0.999998 2.08514e-06 0
0.992303 0.00769697 0
0.999548 0.000451936 0
0.999991 8.8076e-06 0
0.984442 0.0155579 0
0.999964 3.60526e-05 0
0.999989 1.12194e-05 0
0.996307 0.00369282 0
1.0 2.90274e-13 0
0.0168534 0.983147 0
1.0 1.53552e-07 0
0.994281 0.00571882 0
0.999944 5.58482e-05 0
1.0 1.25787e-09 0
0.995875 0.00412533 0
0.999969 3.14097e-05 0
0.997221 0.00277855 0
0.99899 0.00101034 0
1.0 7.82194e-12 0
0.999998 2.39279e-06 0
0.999998 2.0694e-06 0
0.0194268 0.980573 0
0.992524 0.0074762 0
0.200618 0.799382 0
0.998925 0.00107458 0
1.0 1.22597e-08 0
0.999983 1.72321e-05 0
1.0 6.20181e-11 0
1.0 9.88301e-16 0
0.999959 4.11323e-05 0
1.0 3.15276e-08 0
1.0 2.44384e-08 0
0.770692 0.229308 0
0.999984 1.57928e-05 0
1.0 4.91181e-09 0
0.997258 0.0027415 0
0.422158 0.577842 0
0.998446 0.00155398 0
1.0 7.47342e-08 0
1.0 1.48009e-09 0
0.999904 9.58646e-05 0
1.0 1.36092e-09 0
0.993125 0.00687504 0
0.999998 1.72834e-06 0
0.890966 0.109034 0
0.998898 0.00110245 0
1.0 1.72157e-09 0
0.999816 0.000184487 0
1.0 1.44814e-09 0
0.999998 2.26107e-06 0
0.000753555 0.999246 0
1.0 1.14105e-10 0
1.0 8.71373e-12 0
0.999935 6.48713e-05 0
0.999999 1.19298e-06 0
0.998682 0.00131834 0
1.0 1.35671e-11 0
1.0 8.6528e-14 0
0.000388499 0.999612 0
0.9993 0.000699533 0
1.0 5.14402e-07 0
1.0 1.72919e-08 0
1.0 1.29136e-08 0
0.999726 0.000274333 0
0.993042 0.00695775 0
0.999885 0.000115111 0
1.0 1.39124e-11 0
1.0 6.99722e-10 0
0.999993 7.05905e-06 0
1.0 2.26875e-08 0
0.999984 1.6039e-05 0
0.998641 0.00135857 0
1.0 5.68941e-08 0
7.40149e-06 0.999993 0
0.9999 0.000100306 0
3.95249e-06 0.999996 0
1.0 1.81148e-08 0
0.79376 0.20624 0
1.0 3.02573e-14 0
1.0 3.63697e-10 0
0.999883 0.000116804 0
0.999999 1.27851e-06 0
1.0 5.70088e-09 0
1.0 7.34633e-09 0
0.999443 0.000556909 0
0.948199 0.051801 0
0.885533 0.114467 0
0.999997 3.21698e-06 0
1.0 7.55902e-10 0
1.0 4.71858e-07 0
0.99984 0.000159897 0
1.0 3.23359e-07 0
0.996308 0.00369216 0
0.939636 0.0603638 0
1.0 2.80391e-10 0
1.0 6.50515e-11 0
0.954222 0.0457776 0
0.999999 9.3074e-07 0
0.166335 0.833665 0
0.999962 3.76093e-05 0
0.430204 0.569796 0
0.787072 0.212928 0
0.927857 0.072143 0
0.999993 7.24683e-06 0
0.996607 0.00339306 0
0.999999 7.35923e-07 0
0.999832 0.000168183 0
0.287835 0.712165 0
0.996886 0.0031138 0
0.958736 0.0412645 0
0.999681 0.000318752 0
0.990864 0.00913616 0
0.698184 0.301816 0
0.000616429 0.999384 0
1.0 7.1221e-08 0
0.912664 0.0873359 0
0.998933 0.00106663 0
2.25401e-08 1.0 0
1.0 4.7005e-08 0
0.999999 1.12859e-06 0
0.992483 0.00751689 0
0.999967 3.29762e-05 0
0.9925 0.0075001 0
0.999586 0.000414497 0
0.985644 0.0143559 0
1.0 3.38205e-10 0
0.999891 0.000108654 0
0.495362 0.504638 0
0.996433 0.00356688 0
0.960117 0.0398834 0
0.645074 0.354926 0
0.999995 5.29353e-06 0
0.999972 2.79881e-05 0
1.0 3.94677e-09 0
0.999674 0.000325628 0
1.0 9.07764e-08 0
1.0 9.52236e-11 0
0.997054 0.00294577 0
0.999819 0.000181366 0
0.999973 2.65984e-05 0
1.0 1.05302e-09 0
0.999457 0.000543222 0
1.0 2.52334e-11 0
0.360395 0.639605 0
0.13337 0.86663 0
0.997174 0.00282622 0
0.999994 6.29581e-06 0
0.999925 7.49491e-05 0
0.52084 0.47916 0
1.0 4.15169e-14 0
1.0 1.07174e-13 0
0.0263978 0.973602 0
1.0 2.11761e-11 0
0.0317289 0.968271 0
1.0 4.36592e-10 0
0.99944 0.000560206 0
0.805793 0.194207 0
0.999644 0.000356268 0
0.999999 6.60413e-07 0
0.999909 9.10611e-05 0
0.999999 6.70141e-07 0
0.384419 0.615581 0
1.0 2.59858e-07 0
0.960616 0.039384 0
0.239585 0.760415 0
1.0 3.17667e-07 0
0.0611738 0.938826 0
1.0 1.71509e-12 0
0.61119 0.38881 0
1.0 3.03406e-07 0
0.282645 0.717355 0
0.999987 1.26057e-05 0
0.904644 0.0953564 0
0.999441 0.000559182 0
0.979261 0.0207394 0
0.982103 0.0178966 0
0.5168 0.4832 0
0.999909 9.05681e-05 0
0.999994 5.8624e-06 0
1.0 3.1273e-07 0
0.117841 0.882159 0
1.0 4.3145e-08 0
1.0 1.34834e-08 0
0.999858 0.000141938 0
0.0140404 0.98596 0
1.0 8.30105e-09 0
0.999993 6.74525e-06 0
0.22421 0.77579 0
1.0 3.92396e-12 0
1.0 1.33764e-07 0
0.99991 9.00446e-05 0
1.0 1.33717e-11 0
1.0 6.65108e-14 0
1.0 7.21772e-16 0
1.0 4.97232e-07 0
1.0 2.0154e-07 0
0.999983 1.7439e-05 0
1.0 3.37151e-09 0
0.999973 2.7371e-05 0
1.0 3.43275e-07 0
1.0 1.82957e-07 0
0.447581 0.552419 0
0.495599 0.504401 0
1.0 2.74349e-13 0
0.0713723 0.928628 0
0.999984 1.62517e-05 0
0.910448 0.0895519 0
0.99994 5.99087e-05 0
0.999999 5.77375e-07 0
0.903175 0.096825 0
1.0 2.22508e-09 0
1.0 5.72902e-09 0
0.999952 4.82467e-05 0
1.0 2.0976e-07 0
0.999976 2.3842e-05 0
1.0 4.22127e-07 0
0.970868 0.0291317 0
0.44969 0.55031 0
1.0 6.41914e-09 0
1.0 5.81144e-12 0
0.00302396 0.996976 0
1.0 3.83106e-09 0
1.0 1.77233e-11 0
1.0 4.41696e-13 0
0.438791 0.561209 0
0.976172 0.0238279 0
0.834278 0.165722 0
0.999329 0.000671361 0
0.999994 6.4078e-06 0
0.974413 0.0255869 0
0.99925 0.000749454 0
0.999975 2.49125e-05 0
0.999999 1.0892e-06 0
0.071897 0.928103 0
0.99312 0.00687989 0
1.0 4.29201e-09 0
0.999966 3.42549e-05 0
0.00225898 0.997741 0
0.362505 0.637495 0
0.645855 0.354145 0
1.0 4.28614e-10 0
1.0 2.10594e-11 0
0.999875 0.000124657 0
1.0 3.2837e-11 0
1.0 2.43182e-08 0
0.999975 2.47061e-05 0
0.666561 0.333439 0
0.9395 0.0605001 0
1.0 1.14186e-08 0
0.999988 1.20007e-05 0
1.0 3.23996e-10 0
0.000313767 0.999686 0
1.0 3.73057e-10 0
1.0 1.38006e-09 0
1.0 1.55933e-10 0
0.999811 0.000188503 0
1.0 3.63886e-10 0
0.147514 0.852486 0
0.0275524 0.972448 0
0.994059 0.00594067 0
0.975826 0.0241742 0
1.0 2.87329e-10 0
1.0 3.45374e-14 0
0.999979 2.13064e-05 0
0.999953 4.7187e-05 0
0.564259 0.435741 0
1.0 2.19471e-09 0
1.0 2.16942e-07 0
0.987917 0.012083 0
1.0 1.69786e-08 0
0.872358 0.127642 0
0.99942 0.000580414 0
0.759071 0.240929 0
1.0 1.05065e-12 0
4.3042e-05 0.999957 0
0.988627 0.0113733 0
0.999997 3.18606e-06 0
1.0 1.82037e-20 0
1.0 2.93325e-09 0
0.996169 0.0038314 0
1.0 2.99976e-08 0
1.0 8.96261e-08 0
0.378995 0.621005 0
0.378372 0.621628 0
0.999899 0.000100946 0
0.999534 0.000465486 0
0.999993 7.34276e-06 0
0.000370139 0.99963 0
0.994998 0.00500189 0
1.0 3.76482e-11 0
0.0958689 0.904131 0
1.0 1.56595e-16 0
0.999947 5.34322e-05 0
1.0 1.03569e-12 0
0.999997 2.80798e-06 0
0.998075 0.00192537 0
1.0 1.45363e-11 0
0.996307 0.00369335 0
0.57049 0.42951 0
0.999998 2.35649e-06 0
0.978853 0.0211471 0
0.0310693 0.968931 0
1.0 2.70771e-07 0
0.999787 0.000212922 0
0.989151 0.0108494 0
0.999985 1.52221e-05 0
1.0 2.11235e-11 0
0.915886 0.0841141 0
0.998477 0.00152276 0
2.40973e-06 0.999998 0
0.999997 3.1849e-06 0
0.999298 0.000701561 0
1.0 7.15514e-10 0
0.0584636 0.941536 0
1.0 1.75866e-16 0
0.999895 0.000104625 0
0.275396 0.724604 0
1.0 9.03178e-14 0
0.998999 0.0010011 0
0.994819 0.00518151 0
0.937093 0.0629074 0
1.0 1.21431e-09 0
0.999822 0.000177613 0
0.0254756 0.974524 0
1.0 2.39507e-11 0
0.999988 1.23713e-05 0
0.998122 0.00187817 0
0.91095 0.0890499 0
0.999998 1.99028e-06 0
1.0 3.95741e-08 0
1.0 7.12161e-09 0
0.999987 1.3325e-05 0
0.188667 0.811333 0
1.0 3.96706e-08 0
0.999997 3.3134e-06 0
1.0 6.54489e-09 0
0.927238 0.0727618 0
0.999998 1.54516e-06 0
1.0 1.19657e-07 0
0.99754 0.00245949 0
0.99999 1.00275e-05 0
0.429675 0.570325 0
1.0 1.34811e-10 0
0.999993 6.80351e-06 0
0.0558738 0.944126 0
0.999981 1.85828e-05 0
1.0 1.99105e-07 0
1.0 7.17264e-11 0
1.0 4.00988e-10 0
0.999675 0.000324647 0
0.604805 0.395195 0
0.000250398 0.99975 0
1.0 6.96987e-09 0
0.999986 1.43561e-05 0
1.0 8.12326e-12 0
0.998733 0.00126718 0
1.0 5.25351e-07 0
0.895603 0.104397 0
0.615833 0.384167 0
0.9998 0.000200268 0
1.0 4.81827e-11 0
0.993582 0.00641754 0
1.0 3.14098e-12 0
0.999822 0.000177597 0
0.630789 0.369211 0
0.776626 0.223374 0
0.577005 0.422995 0
1.0 2.74133e-12 0
0.988332 0.0116677 0
1.0 1.70398e-07 0
0.999982 1.7693e-05 0
1.0 5.32698e-09 0
1.0 5.05124e-13 0
0.999868 0.000131845 0
0.747282 0.252718 0
0.998798 0.00120194 0
0.940007 0.059993 0
1.0 3.62917e-09 0
1.0 1.08289e-07 0
0.999989 1.11163e-05 0
0.993757 0.00624301 0
0.999997 3.00363e-06 0
0.999793 0.000207354 0
0.999999 8.46724e-07 0
0.999999 7.05832e-07 0
0.00661839 0.993382 0
1.0 7.16788e-11 0
0.999907 9.31945e-05 0
1.0 1.86999e-08 0
0.999828 0.000171466 0
0.962699 0.0373006 0
0.999999 5.97548e-07 0
1.0 2.16061e-08 0
0.999999 1.292e-06 0
0.999998 1.84995e-06 0
0.988323 0.0116774 0
1.0 8.96241e-11 0
0.994523 0.00547721 0
1.0 3.70148e-14 0
0.997542 0.00245832 0
0.999976 2.44319e-05 0
0.0303217 0.969678 0
0.999915 8.4705e-05 0
1.0 1.69381e-13 0
0.999998 1.92079e-06 0
0.963691 0.0363095 0
1.0 2.25584e-11 0
1.0 1.00958e-13 0
0.993328 0.00667155 0
0.473344 0.526656 0
1.0 3.96407e-08 0
1.0 2.1372e-10 0
0.302154 0.697846 0
1.0 1.71975e-11 0
0.000304575 0.999695 0
1.0 4.08351e-12 0
0.986665 0.0133346 0
1.0 2.15761e-11 0
1.0 4.67773e-13 0
1.0 4.69285e-12 0
0.993943 0.00605736 0
0.886607 0.113393 0
0.975803 0.024197 0
1.0 1.69095e-10 0
0.999909 9.1428e-05 0
0.999879 0.000121208 0
0.868503 0.131497 0
0.999066 0.000934466 0
0.997767 0.00223315 0
0.875184 0.124816 0
0.296332 0.703668 0
0.999253 0.000747106 0
0.999544 0.000455614 0
1.0 1.93399e-08 0
0.506564 0.493436 0
1.0 5.64386e-10 0
1.0 4.00136e-07 0
0.864453 0.135547 0
0.0181528 0.981847 0
1.0 1.97587e-09 0
0.999994 6.3867e-06 0
0.999676 0.000324208 0
1.0 3.88544e-13 0
0.998093 0.00190661 0
1.0 1.08003e-07 0
0.999171 0.000828916 0
0.999992 7.88761e-06 0
1.0 6.50176e-11 0
1.0 2.47228e-13 0
0.997089 0.00291071 0
0.337431 0.662569 0
1.0 3.95839e-09 0
1.0 3.26161e-07 0
0.990312 0.00968812 0
1.0 2.74292e-08 0
0.484703 0.515297 0
0.999975 2.51208e-05 0
0.998727 0.00127268 0
0.999996 4.10315e-06 0
0.999944 5.64291e-05 0
0.992939 0.00706063 0
0.999991 8.81664e-06 0
1.0 1.25664e-10 0
1.0 2.48548e-11 0
0.0238989 0.976101 0
0.999973 2.73106e-05 0
1.0 9.3071e-08 0
0.999759 0.000240558 0
0.99999 9.86783e-06 0
1.0 3.2696e-09 0
0.999663 0.000336619 0
0.969515 0.030485 0
1.0 6.64619e-09 0
0.309155 0.690845 0
1.0 2.39863e-13 0
0.99146 0.00853991 0
0.999947 5.30745e-05 0
0.986334 0.013666 0
1.0 2.73892e-14 0
0.999993 6.88913e-06 0
0.997791 0.00220899 0
1.0 2.20446e-09 0
0.97542 0.0245804 0
0.991974 0.00802606 0
1.0 1.28536e-08 0
0.999549 0.000450535 0
1.0 6.28531e-08 0
1.0 1.05176e-09 0
0.87473 0.12527 0
1.0 4.32237e-10 0
0.999678 0.000322302 0
0.999931 6.86074e-05 0
0.530701 0.469299 0
0.999998 1.80749e-06 0
1.0 1.55054e-12 0
1.0 1.56814e-11 0
0.999938 6.15405e-05 0
0.999999 7.44082e-07 0
0.999981 1.85516e-05 0
1.0 1.09003e-07 0
0.411346 0.588654 0
0.999983 1.74365e-05 0
0.994234 0.00576606 0
1.0 7.81327e-08 0
1.0 3.35408e-12 0
1.0 1.06068e-08 0
0.999991 8.82024e-06 0
0.614584 0.385416 0
0.000259553 0.99974 0
1.0 1.68506e-09 0
0.939007 0.0609935 0
0.319349 0.68065 0
0.999991 9.30708e-06 0
1.0 7.99004e-10 0
0.999987 1.27892e-05 0
1.0 3.0492e-07 0
0.999928 7.20988e-05 0
1.0 8.339e-11 0
0.999951 4.89876e-05 0
1.0 2.15148e-07 0
1.0 2.84247e-08 0
1.0 2.00204e-13 0
1.0 5.16263e-11 0
0.999898 0.000102359 0
0.752548 0.247452 0
0.999999 7.33673e-07 0
1.0 1.5904e-07 0
1.0 1.45418e-10 0
0.999998 2.34582e-06 0
0.999929 7.06495e-05 0
1.0 1.16025e-13 0
0.816242 0.183758 0
0.991919 0.00808133 0
0.969033 0.0309668 0
0.999382 0.000618278 0
1.0 1.32423e-07 0
0.887023 0.112977 0
0.999998 2.2543e-06 0
0.999988 1.19779e-05 0
0.999999 1.00335e-06 0
1.0 3.57221e-10 0
1.0 5.69141e-11 0
0.999928 7.15899e-05 0
1.0 8.5622e-08 0
0.999999 6.8148e-07 0
1.0 6.64921e-08 0
1.0 4.0426e-10 0
1.0 1.15647e-10 0
0.999984 1.56269e-05 0
0.999999 1.2921e-06 0
0.999878 0.000121672 0
0.999273 0.000727413 0
1.0 8.07649e-18 0
0.157639 0.842361 0
0.999931 6.90712e-05 0
0.999988 1.22963e-05 0
1.0 3.39637e-07 0
0.999997 3.35626e-06 0
0.577716 0.422284 0
0.846529 0.153471 0
0.980523 0.0194774 0
0.911115 0.088885 0
1.0 1.58451e-10 0
0.992886 0.00711378 0
0.999944 5.60082e-05 0
1.0 1.97718e-11 0
0.815377 0.184623 0
0.999773 0.000227408 0
0.953445 0.0465546 0
0.000430171 0.99957 0
1.0 5.96093e-08 0
1.0 2.38644e-07 0
0.999998 1.61292e-06 0
0.999938 6.17024e-05 0
0.384081 0.615919 0
1.0 1.00156e-08 0
1.0 5.80274e-09 0
0.999989 1.14816e-05 0
0.864863 0.135137 0
0.999984 1.64997e-05 0
0.998212 0.00178786 0
1.0 7.87497e-08 0
1.0 1.76071e-09 0
0.983859 0.0161415 0
0.544343 0.455657 0
1.0 3.02192e-08 0
0.701578 0.298422 0
0.996333 0.00366651 0
0.999988 1.21913e-05 0
1.0 1.36628e-10 0
1.0 2.24611e-07 0
0.999944 5.58391e-05 0
1.0 2.75666e-11 0
1.0 2.06057e-10 0
1.0 3.20669e-10 0
0.999999 1.09506e-06 0
1.0 5.2467e-07 0
1.0 1.09167e-12 0
0.999724 0.000275846 0
1.0 5.51422e-09 0
1.0 1.40655e-16 0
1.0 2.06094e-10 0
0.999998 1.5362e-06 0
1.0 1.27128e-08 0
0.970529 0.0294706 0
1.0 2.46602e-08 0
1.0 2.2355e-09 0
0.980351 0.0196486 0
0.999991 9.2716e-06 0
1.0 5.29012e-10 0
0.994127 0.00587311 0
0.999948 5.19329e-05 0
0.999966 3.35872e-05 0
1.0 1.21735e-09 0
1.0 2.98601e-12 0
0.993876 0.00612381 0
0.999998 1.77386e-06 0
0.981078 0.0189223 0
1.0 1.58327e-08 0
1.0 1.20734e-09 0
1.0 5.14512e-07 0
1.0 1.29793e-08 0
0.98412 0.0158801 0
0.999909 9.09521e-05 0
0.949861 0.0501385 0
1.0 3.43957e-12 0
1.0 2.14981e-09 0
1.0 4.92057e-12 0
0.812995 0.187005 0
1.0 1.33067e-07 0
0.965678 0.034322 0
1.0 2.53253e-14 0
0.999073 0.000927241 0
1.0 2.23466e-13 0
0.999995 5.08695e-06 0
1.0 5.0818e-10 0
0.14767 0.85233 0
0.998396 0.00160429 0
1.0 7.63841e-13 0
0.968435 0.0315651 0
1.0 2.40346e-09 0
0.999985 1.5184e-05 0
0.999997 3.50082e-06 0
1.0 2.75023e-14 0
0.998534 0.00146578 0
0.999988 1.19074e-05 0
1.0 1.24088e-12 0
1.0 3.50716e-10 0
0.771695 0.228305 0
0.99999 9.75232e-06 0
0.975743 0.024257 0
0.997248 0.00275156 0
0.0624763 0.937524 0
0.999999 7.48583e-07 0
0.981525 0.0184754 0
0.000178164 0.999822 0
0.982475 0.0175254 0
0.999993 6.98332e-06 0
0.985947 0.0140526 0
0.523456 0.476544 0
0.990564 0.00943555 0
0.999763 0.000236902 0
1.0 1.61609e-12 0
0.999972 2.81599e-05 0
1.0 1.2765e-10 0
1.0 3.25963e-10 0
0.000105789 0.999894 0
0.022467 0.977533 0
0.62073 0.37927 0
0.999773 0.000227241 0
0.999999 1.33729e-06 0
0.999995 4.78087e-06 0
1.0 2.18873e-08 0
1.0 5.97964e-12 0
0.911546 0.0884544 0
1.0 4.12974e-07 0
0.991627 0.00837351 0
0.0802158 0.919784 0
1.0 1.57742e-07 0
0.999913 8.71173e-05 0
0.991549 0.00845122 0
0.999998 2.29365e-06 0
0.571197 0.428803 0
1.0 1.7991e-08 0
0.999107 0.000893315 0
0.0001669 0.999833 1
0.902426 0.097574 1
0.9543 0.0457002 1
6.58962e-05 0.999934 1
0.0447384 0.955262 1
0.122331 0.877669 1
0.820732 0.179268 1
1.43969e-07 1.0 1
0.405264 0.594736 1
2.48603e-05 0.999975 1
0.23656 0.76344 1
0.857109 0.142891 1
0.022079 0.977921 1
0.713103 0.286897 1
0.00071101 0.999289 1
0.000834679 0.999165 1
0.0270984 0.972902 1
9.7132e-07 0.999999 1
0.999668 0.0003316 1
0.85927 0.14073 1
0.0307248 0.969275 1
0.00265014 0.99735 1
5.88291e-06 0.999994 1
0.17251 0.827489 1
1.03053e-05 0.99999 1
0.396462 0.603538 1
0.0415318 0.958468 1
2.29951e-05 0.999977 1
0.035531 0.964469 1
5.51978e-05 0.999945 1
0.000219459 0.999781 1
0.578194 0.421806 1
0.914225 0.0857755 1
4.95131e-06 0.999995 1
0.232686 0.767314 1
0.215817 0.784183 1
0.00190751 0.998092 1
0.000499854 0.9995 1
2.99375e-06 0.999997 1
1.5196e-05 0.999985 1
2.27168e-06 0.999998 1
0.00170999 0.99829 1
0.299401 0.700599 1
0.649879 0.350121 1
0.00353271 0.996467 1
0.12581 0.87419 1
7.20959e-05 0.999928 1
0.23834 0.76166 1
0.208446 0.791554 1
0.999994 6.08173e-06 1
1.12282e-06 0.999999 1
0.0120393 0.987961 1
0.489622 0.510378 1
8.64913e-08 1.0 1
0.0849511 0.915049 1
0.0502701 0.94973 1
4.9148e-05 0.999951 1
6.18145e-05 0.999938 1
0.555602 0.444398 1
0.000414979 0.999585 1
0.0906764 0.909324 1
0.992975 0.00702491 1
1.64468e-06 0.999998 1
0.001354 0.998646 1
0.000786647 0.999213 1
0.372915 0.627085 1
0.000136554 0.999863 1
0.0503198 0.94968 1
0.909981 0.0900194 1
0.000285455 0.999715 1
6.35632e-06 0.999994 1
0.246451 0.753549 1
0.260488 0.739512 1
0.000564308 0.999436 1
0.903991 0.0960092 1
0.0144477 0.985552 1
0.000119258 0.999881 1
0.171151 0.828849 1
2.04627e-07 1.0 1
0.0759903 0.92401 1
0.000549107 0.999451 1
0.000649104 0.999351 1
0.999162 0.000837787 1
9.51419e-08 1.0 1
0.752316 0.247684 1
0.0457051 0.954295 1
1.82694e-06 0.999998 1
0.00113753 0.998863 1
0.0576759 0.942324 1
0.00102818 0.998972 1
0.00598517 0.994015 1
4.83228e-06 0.999995 1
0.993278 0.00672203 1
0.00139036 0.99861 1
6.53499e-05 0.999935 1
0.152909 0.847091 1
3.62079e-05 0.999964 1
0.998432 0.0015682 1
0.0227958 0.977204 1
0.0182332 0.981767 1
3.69278e-09 1.0 1
0.00131235 0.998688 1
0.73177 0.26823 1
0.000929257 0.999071 1
7.93089e-05 0.999921 1
0.965573 0.0344267 1
0.00201452 0.997985 1
0.00340614 0.996594 1
0.00351488 0.996485 1
0.000264203 0.999736 1
7.13868e-05 0.999929 1
0.271476 0.728524 1
0.299851 0.700149 1
0.00020614 0.999794 1
0.885322 0.114678 1
9.84464e-05 0.999902 1
0.000219653 0.99978 1
6.82671e-06 0.999993 1
0.000167246 0.999833 1
0.000454782 0.999545 1
0.999087 0.000913399 1
0.946695 0.0533054 1
0.00512566 0.994874 1
0.993705 0.00629509 1
4.51883e-06 0.999995 1
0.846229 0.153771 1
0.999391 0.000608574 1
8.9775e-05 0.99991 1
1.87387e-07 1.0 1
0.0799 0.9201 1
0.00063718 0.999363 1
0.00110206 0.998898 1
0.00557143 0.994429 1
1.97454e-05 0.99998 1
0.304137 0.695863 1
0.000318391 0.999682 1
0.000204081 0.999796 1
1.94835e-06 0.999998 1
0.000126781 0.999873 1
1.3928e-05 0.999986 1
9.96886e-08 1.0 1
0.975271 0.0247294 1
0.498886 0.501114 1
0.971247 0.028753 1
0.0799059 0.920094 1
0.0129515 0.987049 1
0.0280658 0.971934 1
8.07557e-09 1.0 1
1.43634e-05 0.999986 1
0.0434572 0.956543 1
7.75953e-05 0.999922 1
5.57925e-07 0.999999 1
0.0773785 0.922622 1
0.00118624 0.998814 1
1.0 3.89883e-07 1
0.000731233 0.999269 1
0.00221032 0.99779 1
0.000533931 0.999466 1
0.834101 0.165899 1
0.000260608 0.999739 1
0.126356 0.873644 1
0.0128912 0.987109 1
2.07852e-07 1.0 1
3.58574e-06 0.999996 1
0.0064628 0.993537 1
0.0678125 0.932187 1
0.997744 0.00225581 1
0.999999 6.31364e-07 1
0.00429317 0.995707 1
0.0619598 0.93804 1
1.1444e-06 0.999999 1
0.00032247 0.999678 1
0.999615 0.000384482 1
0.00129932 0.998701 1
0.211983 0.788017 1
0.0155572 0.984443 1
0.24464 0.75536 1
0.998539 0.00146072 1
9.87615e-08 1.0 1
0.0392012 0.960799 1
0.000170392 0.99983 1
0.164669 0.835331 1
0.00760993 0.99239 1
4.28355e-07 1.0 1
0.956421 0.0435793 1
0.292768 0.707232 1
0.994048 0.00595149 1
0.977677 0.0223229 1
0.0526059 0.947394 1
0.878905 0.121095 1
4.63793e-06 0.999995 1
0.826096 0.173904 1
0.657899 0.342101 1
0.438621 0.561379 1
0.978835 0.0211654 1
0.999943 5.71156e-05 1
0.781674 0.218326 1
0.0237645 0.976236 1
3.73369e-05 0.999963 1
0.673698 0.326302 1
0.000712159 0.999288 1
0.0700757 0.929924 1
3.02522e-07 1.0 1
0.199321 0.800679 1
0.99762 0.00238035 1
0.061396 0.938604 1
3.76595e-08 1.0 1
0.0765868 0.923413 1
0.000349501 0.99965 1
2.67622e-05 0.999973 1
4.21195e-05 0.999958 1
5.33203e-06 0.999995 1
0.174599 0.825401 1
8.24708e-09 1.0 1
0.77181 0.22819 1
5.54144e-05 0.999945 1
0.998057 0.0019429 1
0.000280992 0.999719 1
0.000126581 0.999873 1
4.73882e-07 1.0 1
0.0528087 0.947191 1
0.000309583 0.99969 1
1.72553e-06 0.999998 1
0.00224228 0.997758 1
2.37935e-06 0.999998 1
0.00249558 0.997504 1
0.000139641 0.99986 1
0.984692 0.0153078 1
0.0562746 0.943725 1
0.963298 0.0367021 1
0.296365 0.703635 1
0.0509502 0.94905 1
0.00206216 0.997938 1
0.000616636 0.999383 1
0.000993151 0.999007 1
0.00231485 0.997685 1
0.801111 0.198889 1
0.37685 0.62315 1
0.0525338 0.947466 1
5.37816e-06 0.999995 1
0.000484542 0.999515 1
0.999994 5.63325e-06 1
0.207366 0.792634 1
0.000505929 0.999494 1
0.819253 0.180747 1
1.17163e-12 1.0 1
0.912229 0.0877706 1
1.18331e-07 1.0 1
0.00349516 0.996505 1
2.47476e-07 1.0 1
7.30412e-05 0.999927 1
1.64144e-05 0.999984 1
0.846449 0.153551 1
0.00236004 0.99764 1
0.999787 0.000212762 1
0.101377 0.898623 1
5.42042e-05 0.999946 1
0.00041378 0.999586 1
6.27892e-06 0.999994 1
1.0 3.96285e-08 1
0.000255578 0.999744 1
0.469124 0.530876 1
0.316331 0.683669 1
0.00560489 0.994395 1
0.00107444 0.998926 1
0.000328494 0.999671 1
5.21323e-06 0.999995 1
2.62697e-08 1.0 1
0.109669 0.890331 1
9.82204e-07 0.999999 1
0.0409583 0.959042 1
0.999599 0.000400626 1
0.999885 0.000114675 1
0.0692534 0.930746 1
0.000504791 0.999495 1
5.25593e-06 0.999995 1
7.56131e-07 0.999999 1
0.00606065 0.993939 1
8.99314e-07 0.999999 1
3.3137e-08 1.0 1
0.00013274 0.999867 1
3.893e-05 0.999961 1
1.0 1.78445e-10 1
0.0185849 0.981415 1
0.263074 0.736926 1
1.68569e-06 0.999998 1
2.51994e-05 0.999975 1
0.217186 0.782814 1
5.24297e-07 1.0 1
0.266939 0.733061 1
0.00104597 0.998954 1
5.75241e-08 1.0 1
0.198386 0.801614 1
5.34823e-07 1.0 1
0.0350365 0.964963 1
0.00341549 0.996585 1
6.92999e-09 1.0 1
0.067555 0.932445 1
0.0691693 0.930831 1
0.97941 0.0205897 1
5.70199e-06 0.999994 1
0.646087 0.353913 1
0.000144293 0.999856 1
4.72676e-05 0.999953 1
0.453202 0.546798 1
3.09892e-05 0.999969 1
0.471282 0.528718 1
0.00291717 0.997083 1
0.0277554 0.972245 1
0.000398619 0.999601 1
1.12503e-05 0.999989 1
0.997766 0.00223415 1
0.011703 0.988297 1
1.37863e-05 0.999986 1
0.681286 0.318714 1
0.124596 0.875404 1
0.70553 0.29447 1
0.000274167 0.999726 1
0.999747 0.000253432 1
0.00195897 0.998041 1
0.988414 0.0115857 1
6.74061e-05 0.999933 1
0.000941938 0.999058 1
9.83064e-05 0.999902 1
0.0253759 0.974624 1
0.00525795 0.994742 1
0.0528371 0.947163 1
0.000114004 0.999886 1
9.35893e-08 1.0 1
4.49812e-06 0.999995 1
0.00132325 0.998677 1
5.47554e-07 0.999999 1
8.25184e-05 0.999918 1
0.950696 0.0493039 1
0.9914 0.00860027 1
0.44606 0.55394 1
0.0706606 0.929339 1
0.977636 0.0223644 1
1.19133e-05 0.999988 1
0.973481 0.0265195 1
0.173077 0.826923 1
2.11061e-06 0.999998 1
0.390654 0.609346 1
0.327407 0.672593 1
0.275535 0.724465 1
0.0374091 0.962591 1
0.000155277 0.999845 1
0.0072934 0.992707 1
4.07284e-05 0.999959 1
0.0132164 0.986784 1
0.00117441 0.998826 1
0.070031 0.929969 1
0.736475 0.263525 1
0.975905 0.0240946 1
0.8619 0.1381 1
1.57632e-05 0.999984 1
0.000135037 0.999865 1
0.995802 0.00419762 1
2.39682e-07 1.0 1
8.91369e-05 0.999911 1
0.999987 1.25205e-05 1
0.0012145 0.998786 1
0.996289 0.00371058 1
0.000130924 0.999869 1
6.09858e-05 0.999939 1
0.597236 0.402764 1
0.275217 0.724783 1
0.999987 1.25553e-05 1
0.889879 0.110121 1
0.0120556 0.987944 1
0.987519 0.0124806 1
3.42896e-07 1.0 1
0.976378 0.0236222 1
0.998638 0.00136241 1
0.000504412 0.999496 1
1.0 1.45453e-07 1
0.370465 0.629535 1
0.999545 0.000454601 1
0.653574 0.346426 1
1.45398e-05 0.999985 1
0.0867298 0.91327 1
1.30407e-05 0.999987 1
3.00229e-06 0.999997 1
0.0207042 0.979296 1
7.31649e-05 0.999927 1
0.00113458 0.998865 1
0.0483339 0.951666 1
0.999973 2.73134e-05 1
0.976789 0.0232107 1
1.21675e-07 1.0 1
0.332842 0.667158 1
1.0 1.00149e-09 1
0.00828093 0.991719 1
6.57969e-08 1.0 1
0.0327847 0.967215 1
0.961773 0.0382267 1
1.62708e-08 1.0 1
0.000984278 0.999016 1
0.898705 0.101295 1
0.630651 0.369349 1
0.0381299 0.96187 1
1.85007e-05 0.999982 1
0.000112578 0.999887 1
0.000553381 0.999447 1
0.0162027 0.983797 1
0.999638 0.00036242 1
4.25024e-05 0.999957 1
0.996441 0.00355932 1
0.000366302 0.999634 1
0.861449 0.138551 1
0.399681 0.600319 1
0.796489 0.203511 1
0.999625 0.000375298 1
0.00751201 0.992488 1
0.274992 0.725008 1
0.999658 0.000342389 1
0.000272891 0.999727 1
7.80664e-06 0.999992 1
0.00051601 0.999484 1
2.5513e-05 0.999974 1
0.00209563 0.997904 1
0.00370023 0.9963 1
0.999764 0.00023583 1
1.63065e-05 0.999984 1
0.0015607 0.998439 1
5.76368e-07 0.999999 1
0.000784364 0.999216 1
0.00144654 0.998553 1
0.013209 0.986791 1
0.793078 0.206922 1
1.13973e-06 0.999999 1
3.69617e-07 1.0 1
0.813912 0.186088 1
3.72247e-05 0.999963 1
2.97377e-06 0.999997 1
0.95531 0.0446899 1
0.448182 0.551818 1
0.219085 0.780915 1
6.59497e-07 0.999999 1
4.34549e-06 0.999996 1
0.6223 0.3777 1
6.02131e-06 0.999994 1
0.00151524 0.998485 1
0.35506 0.64494 1
0.403425 0.596575 1
0.999926 7.418e-05 1
0.00340162 0.996598 1
0.996177 0.00382298 1
7.57128e-09 1.0 1
1.13954e-06 0.999999 1
0.0004977 0.999502 1
0.979919 0.0200811 1
0.00210424 0.997896 1
2.05301e-06 0.999998 1
0.0205749 0.979425 1
0.00338192 0.996618 1
0.00113721 0.998863 1
0.997961 0.00203926 1
0.157656 0.842344 1
7.24764e-05 0.999928 1
0.00383873 0.996161 1
0.00192181 0.998078 1
2.88471e-05 0.999971 1
0.681664 0.318336 1
0.839124 0.160876 1
0.000326627 0.999673 1
0.00681951 0.993181 1
1.53168e-05 0.999985 1
0.813256 0.186744 1
5.70707e-08 1.0 1
0.00275949 0.997241 1
0.149372 0.850628 1
0.000899495 0.999101 1
0.00543284 0.994567 1
3.70269e-05 0.999963 1
0.200814 0.799186 1
3.29298e-06 0.999997 1
0.000564933 0.999435 1
9.64631e-05 0.999904 1
0.00851047 0.99149 1
2.51337e-05 0.999975 1
0.556509 0.443491 1
0.0790898 0.92091 1
0.999909 9.09181e-05 1
0.810928 0.189072 1
5.60614e-07 0.999999 1
0.000398727 0.999601 1
0.000281456 0.999718 1
0.355274 0.644726 1
0.0552133 0.944787 1
2.65113e-09 1.0 1
1.11668e-09 1.0 1
0.537042 0.462958 1
0.872081 0.127919 1
0.000327963 0.999672 1
0.00411187 0.995888 1
0.999849 0.000150983 1
1.0 3.16245e-10 1
0.935419 0.0645814 1
0.012366 0.987634 1
0.000389787 0.99961 1
0.00045997 0.99954 1
6.59582e-05 0.999934 1
1.60244e-05 0.999984 1
5.97849e-05 0.99994 1
0.885742 0.114258 1
0.00960962 0.99039 1
0.0590769 0.940923 1
4.53654e-06 0.999995 1
1.05565e-05 0.999989 1
0.958088 0.0419118 1
0.00636013 0.99364 1
0.00508126 0.994919 1
0.00124769 0.998752 1
0.0203894 0.979611 1
0.72862 0.27138 1
1.35465e-05 0.999986 1
9.92469e-07 0.999999 1
3.83424e-06 0.999996 1
0.637198 0.362802 1
0.145343 0.854657 1
0.990925 0.00907483 1
0.999652 0.000348378 1
0.00102273 0.998977 1
7.9221e-06 0.999992 1
0.00252056 0.997479 1
0.195198 0.804802 1
0.122671 0.87733 1
1.76331e-06 0.999998 1
0.947837 0.0521629 1
0.980343 0.0196571 1
2.20525e-05 0.999978 1
0.00042137 0.999579 1
0.209391 0.790609 1
6.47407e-05 0.999935 1
0.532983 0.467017 1
0.999802 0.000197909 1
2.7647e-06 0.999997 1
0.0378192 0.962181 1
0.00251684 0.997483 1
0.000950282 0.99905 1
0.98231 0.0176895 1
0.969361 0.0306388 1
0.000255057 0.999745 1
0.00713653 0.992863 1
0.0010232 0.998977 1
0.66123 0.33877 1
0.324955 0.675045 1
3.88192e-05 0.999961 1
0.871129 0.128871 1
3.9997e-07 1.0 1
0.278168 0.721832 1
0.000106984 0.999893 1
0.00125421 0.998746 1
7.33227e-07 0.999999 1
0.0577013 0.942299 1
0.00131719 0.998683 1
0.000612212 0.999388 1
6.87194e-08 1.0 1
0.0352526 0.964747 1
5.55015e-07 0.999999 1
0.0436691 0.956331 1
0.00239275 0.997607 1
2.02781e-06 0.999998 1
0.019155 0.980845 1
0.00314487 0.996855 1
0.000136384 0.999864 1
1.89896e-06 0.999998 1
0.00189706 0.998103 1
0.0295546 0.970445 1
0.942831 0.057169 1
0.999326 0.000673613 1
0.00186616 0.998134 1
0.00073838 0.999262 1
0.00292259 0.997077 1
0.012795 0.987205 1
0.00731693 0.992683 1
1.97257e-06 0.999998 1
8.21138e-06 0.999992 1
0.175727 0.824273 1
2.10463e-05 0.999979 1
0.000150355 0.99985 1
0.502214 0.497786 1
0.0605856 0.939414 1
1.18295e-05 0.999988 1
0.00146957 0.99853 1
0.998535 0.00146534 1
0.0134304 0.98657 1
0.000126782 0.999873 1
7.88389e-06 0.999992 1
0.00029185 0.999708 1
0.0176585 0.982342 1
0.016303 0.983697 1
0.996248 0.00375226 1
0.969507 0.0304929 1
0.00282007 0.99718 1
0.995193 0.00480715 1
0.00033556 0.999664 1
3.24421e-06 0.999997 1
0.0592817 0.940718 1
0.00536358 0.994636 1
0.0962584 0.903742 1
0.00229865 0.997701 1
0.271313 0.728687 1
0.999922 7.7556e-05 1
0.00308786 0.996912 1
2.58111e-05 0.999974 1
0.0397262 0.960274 1
0.228628 0.771372 1
0.124862 0.875138 1
3.70314e-07 1.0 1
0.000726514 0.999273 1
1.3431e-05 0.999987 1
0.000216639 0.999783 1
0.176725 0.823275 1
3.40992e-06 0.999997 1
1.80786e-05 0.999982 1
0.406626 0.593374 1
0.00142912 0.998571 1
0.158623 0.841377 1
0.944137 0.0558635 1
0.993102 0.00689796 1
0.0194399 0.98056 1
0.998377 0.00162328 1
0.00459796 0.995402 1
0.000166 0.999834 1
7.71038e-08 1.0 1
0.999448 0.000551499 1
0.227455 0.772545 1
0.0109894 0.989011 1
3.32308e-05 0.999967 1
0.770383 0.229617 1
0.659046 0.340954 1
0.0832181 0.916782 1
9.854e-05 0.999901 1
0.000827168 0.999173 1
5.71165e-08 1.0 1
0.000486483 0.999514 1
0.341671 0.658329 1
9.32402e-05 0.999907 1
0.35725 0.64275 1
5.68097e-08 1.0 1
0.22095 0.77905 1
0.992845 0.00715485 1
0.000108156 0.999892 1
4.50416e-08 1.0 1
0.0762136 0.923786 1
5.00285e-06 0.999995 1
2.72029e-06 0.999997 1
0.999158 0.000841831 1
0.00344421 0.996556 1
6.8281e-06 0.999993 1
0.033774 0.966226 1
1.04723e-07 1.0 1
1.63014e-05 0.999984 1
0.0952804 0.90472 1
0.00148418 0.998516 1
0.00234428 0.997656 1
0.272466 0.727534 1
0.00867964 0.99132 1
0.00011883 0.999881 1
0.733687 0.266313 1
0.000191621 0.999808 1
0.994316 0.00568412 1
2.78674e-06 0.999997 1
7.73386e-05 0.999923 1
0.000781953 0.999218 1
0.000286285 0.999714 1
0.0209195 0.97908 1
0.0085363 0.991464 1
0.00420119 0.995799 1
2.18173e-07 1.0 1
2.95108e-08 1.0 1
0.0218346 0.978165 1
0.180005 0.819995 1
0.000649849 0.99935 1
0.000728755 0.999271 1
0.000156535 0.999843 1
0.176884 0.823116 1
0.0445011 0.955499 1
2.6065e-06 0.999997 1
0.945617 0.0543833 1
0.598253 0.401747 1
0.01359 0.98641 1
1.19791e-05 0.999988 1
0.296177 0.703824 1
0.00818249 0.991818 1
0.00724662 0.992753 1
0.999998 1.61435e-06 1
0.150551 0.849449 1
0.000196514 0.999803 1
6.7215e-08 1.0 1
0.063047 0.936953 1
0.00106106 0.998939 1
0.00420101 0.995799 1
0.00212481 0.997875 1
0.0500128 0.949987 1
4.95022e-06 0.999995 1
1.0 1.17235e-07 1
1.4981e-05 0.999985 1
0.000438503 0.999561 1
5.00426e-07 1.0 1
0.411331 0.588669 1
0.00431841 0.995682 1
1.27133e-05 0.999987 1
1.35786e-07 1.0 1
2.4963e-05 0.999975 1
0.51974 0.48026 1
0.973135 0.0268654 1
0.330327 0.669673 1
0.0835845 0.916416 1
0.0187284 0.981272 1
0.00946451 0.990535 1
1.08627e-05 0.999989 1
0.00569286 0.994307 1
0.287833 0.712167 1
0.530079 0.469921 1
0.0773318 0.922668 1
0.0093065 0.990694 1
3.84682e-05 0.999961 1
1.34366e-05 0.999987 1
0.983823 0.0161774 1
0.838007 0.161993 1
4.92023e-06 0.999995 1
0.00812567 0.991874 1
0.0113903 0.98861 1
5.27026e-14 1.0 1
4.72287e-05 0.999953 1
0.000216376 0.999784 1
0.0111567 0.988843 1
0.024543 0.975457 1
6.32994e-06 0.999994 1
0.00309465 0.996905 1
0.0137771 0.986223 1
0.0169236 0.983076 1
0.470066 0.529935 1
0.0159828 0.984017 1
0.0139542 0.986046 1
0.000154105 0.999846 1
2.03097e-06 0.999998 1
0.999846 0.000154074 1
1.91554e-07 1.0 1
0.000136177 0.999864 1
0.999536 0.000463985 1
6.60492e-05 0.999934 1
0.207116 0.792884 1
0.000149751 0.99985 1
0.879032 0.120968 1
0.00037073 0.999629 1
0.898398 0.101602 1
0.0955355 0.904464 1
0.0666962 0.933304 1
5.57986e-05 0.999944 1
0.000737253 0.999263 1
0.98779 0.0122098 1
3.43024e-05 0.999966 1
0.0871674 0.912833 1
1.0 1.65086e-14 1
0.65095 0.349051 1
1.57671e-05 0.999984 1
0.969095 0.0309046 1
0.0319218 0.968078 1
0.82355 0.17645 1
0.494965 0.505035 1
0.996174 0.00382567 1
5.75118e-07 0.999999 1
0.000546519 0.999453 1
0.00257375 0.997426 1
0.000138754 0.999861 1
0.658253 0.341747 1
4.18369e-05 0.999958 1
6.14998e-05 0.999938 1
0.0116913 0.988309 1
0.050697 0.949303 1
0.121875 0.878125 1
0.927622 0.0723784 1
0.00146343 0.998537 1
1.56547e-06 0.999998 1
7.74493e-08 1.0 1
0.000969947 0.99903 1
0.00797524 0.992025 1
0.964965 0.0350349 1
1.69002e-06 0.999998 1
0.000163542 0.999836 1
0.000792539 0.999207 1
0.00313141 0.996869 1
0.003485 0.996515 1
0.533331 0.466669 1
0.449603 0.550397 1
0.000111072 0.999889 1
9.05384e-06 0.999991 1
0.838673 0.161327 1
0.0970097 0.90299 1
0.00231994 0.99768 1
0.151913 0.848087 1
0.781576 0.218424 1
0.0842934 0.915707 1
0.999889 0.000110464 1
0.007701 0.992299 1
0.0374896 0.96251 1
0.999999 7.27391e-07 1
0.000489237 0.999511 1
0.12296 0.87704 1
0.738881 0.261119 1
3.70762e-07 1.0 1
0.3137 0.6863 1
1.64054e-05 0.999984 1
8.97617e-07 0.999999 1
0.934519 0.0654809 1
0.000689752 0.99931 1
5.33143e-07 1.0 1
0.784328 0.215672 1
0.00696707 0.993033 1
0.0006061 0.999394 1
0.00155106 0.998449 1
0.968839 0.0311609 1
0.651654 0.348346 1
0.00116645 0.998834 1
0.715666 0.284334 1
3.67604e-06 0.999996 1
5.85967e-06 0.999994 1
0.00483077 0.995169 1
0.471978 0.528022 1
9.6892e-05 0.999903 1
0.572652 0.427348 1
1.0 5.56761e-11 1
0.626677 0.373323 1
0.930831 0.0691692 1
0.03491 0.96509 1
0.000242947 0.999757 1
0.873649 0.126351 1
0.0311905 0.968809 1
0.00588704 0.994113 1
0.0107124 0.989288 1
0.254978 0.745022 1
0.0167899 0.98321 1
1.33593e-08 1.0 1
0.000365125 0.999635 1
0.000967021 0.999033 1
0.00231211 0.997688 1
0.0013339 0.998666 1
3.5422e-06 0.999996 1
0.993835 0.006165 1
6.74502e-05 0.999933 1
0.140726 0.859274 1
0.999348 0.000652258 1
1.0 3.31712e-09 1
0.00214396 0.997856 1
0.00474717 0.995253 1
0.00530883 0.994691 1
0.985889 0.0141114 1
0.0558653 0.944135 1
6.28438e-05 0.999937 1
0.970224 0.0297765 1
0.47594 0.52406 1
0.0530116 0.946988 1
5.2904e-08 1.0 1
5.49359e-08 1.0 1
1.9434e-06 0.999998 1
0.000108665 0.999891 1
0.0368872 0.963113 1
0.0793686 0.920631 1
0.753731 0.246269 1
0.000175714 0.999824 1
0.000930561 0.99907 1
0.905929 0.0940708 1
0.0761956 0.923804 1
0.00159813 0.998402 1
0.00248656 0.997513 1
8.61473e-05 0.999914 1
4.16868e-08 1.0 1
0.0132974 0.986703 1
1.43256e-06 0.999999 1
0.0136325 0.986368 1
0.987685 0.0123154 1
3.78614e-06 0.999996 1
0.732938 0.267062 1
5.27244e-05 0.999947 1
0.0446357 0.955364 1
0.129727 0.870273 1
0.000619198 0.999381 1
0.0259983 0.974002 1
1.25571e-06 0.999999 1
4.25756e-06 0.999996 1
0.326127 0.673873 1
0.155611 0.844389 1
5.79777e-06 0.999994 1
0.201763 0.798237 1
0.745992 0.254008 1
6.85074e-05 0.999931 1
2.76788e-05 0.999972 1
0.98602 0.0139804 1
0.000781127 0.999219 1
0.00234727 0.997653 1
0.000630513 0.99937 1
0.761967 0.238033 1
0.976578 0.0234217 1
0.185066 0.814934 1
2.19986e-06 0.999998 1
0.197477 0.802523 1
2.92996e-05 0.999971 1
0.634302 0.365698 1
0.840494 0.159506 1
7.20445e-05 0.999928 1
0.999989 1.09218e-05 1
0.0110263 0.988974 1
0.362636 0.637364 1
0.373376 0.626624 1
3.81974e-06 0.999996 1
0.000126453 0.999874 1
1.55929e-05 0.999984 1
0.631065 0.368935 1
0.0478824 0.952118 1
1.60356e-09 1.0 1
6.90741e-06 0.999993 1
0.134955 0.865045 1
0.0187566 0.981243 1
0.00335527 0.996645 1
0.000115659 0.999884 1
0.00213473 0.997865 1
0.000203471 0.999797 1
0.0546552 0.945345 1
0.411196 0.588804 1
2.91252e-05 0.999971 1
1.0 2.62562e-07 1
0.226695 0.773305 1
0.00336489 0.996635 1
0.957769 0.0422312 1
5.47156e-05 0.999945 1
0.00012698 0.999873 1
0.00100236 0.998998 1
0.999969 3.05488e-05 1
0.480448 0.519552 1
2.05047e-05 0.999979 1
0.0490064 0.950994 1
0.000216567 0.999783 1
0.0107271 0.989273 1
8.60484e-06 0.999991 1
2.11467e-14 1.0 1
1.73091e-05 0.999983 1
0.010884 0.989116 1
5.46903e-07 0.999999 1
0.00191699 0.998083 1
0.201588 0.798412 1
0.000395016 0.999605 1
0.00144468 0.998555 1
7.04316e-08 1.0 1
1.30549e-06 0.999999 1
1.08518e-06 0.999999 1
5.53735e-06 0.999995 1
0.845252 0.154748 1
0.00720468 0.992795 1
0.0125228 0.987477 1
0.000520866 0.999479 1
0.999959 4.07127e-05 1
0.979174 0.0208264 1
3.79073e-06 0.999996 1
0.953909 0.0460911 1
0.00644109 0.993559 1
0.0897749 0.910225 1
0.996233 0.00376666 1
0.0178562 0.982144 1
0.0347051 0.965295 1
0.995907 0.00409333 1
1.86932e-06 0.999998 1
6.51434e-07 0.999999 1
0.0309314 0.969069 1
0.269846 0.730154 1
0.000225354 0.999775 1
7.21557e-06 0.999993 1
0.893124 0.106876 1
0.0274703 0.97253 1
0.960964 0.0390359 1
0.0301972 0.969803 1
0.476625 0.523375 1
0.0288604 0.971139 1
0.0936061 0.906394 1
1.0 1.73711e-07 1
0.966054 0.0339455 1
9.30275e-08 1.0 1
0.000115705 0.999884 1
0.00431687 0.995683 1
0.00596598 0.994034 1
0.000543907 0.999456 1
1.71176e-05 0.999983 1
0.00802462 0.991975 1
0.0140405 0.98596 1
1.55329e-05 0.999985 1
0.652758 0.347242 1
1.49551e-06 0.999998 1
0.0144149 0.985585 1
0.996094 0.00390609 1
0.368743 0.631257 1
0.0721371 0.927863 1
1.0 3.0268e-09 1
0.00577785 0.994222 1
0.000662997 0.999337 1
0.911837 0.0881634 1
0.000564491 0.999435 1
0.995628 0.00437148 1
