0.956629 0.0433714 0
1.0 1.84447e-09 0
0.803285 0.196715 0
0.99989 0.000110025 0
0.775657 0.224343 0
1.0 4.30306e-08 0
0.999951 4.91582e-05 0
0.999448 0.000551635 0
0.999984 1.64029e-05 0
0.99999 9.97364e-06 0
0.999371 0.000629391 0
0.995925 0.00407459 0
0.998894 0.00110642 0
0.28228 0.71772 0
0.953627 0.0463733 0
0.925822 0.0741778 0
0.039232 0.960768 0
0.997801 0.0021991 0
0.330975 0.669025 0
0.993469 0.00653097 0
0.471533 0.528467 0
0.16368 0.83632 0
0.999998 1.91091e-06 0
0.116393 0.883607 0
0.96094 0.0390598 0
1.0 3.82649e-08 0
1.0 7.88315e-08 0
0.999248 0.000752489 0
0.996949 0.00305093 0
1.0 2.67627e-07 0
1.0 4.92427e-09 0
0.966476 0.0335237 0
1.0 1.0866e-07 0
1.0 4.7001e-08 0
0.000853573 0.999146 0
0.999979 2.13394e-05 0
1.0 1.44069e-07 0
0.928005 0.0719949 0
1.0 7.0785e-08 0
0.999985 1.48567e-05 0
1.0 7.09411e-10 0
0.908944 0.0910564 0
0.991531 0.00846862 0
0.999348 0.000652214 0
0.994843 0.00515692 0
1.0 2.96216e-12 0
0.998359 0.00164146 0
0.99969 0.000309909 0
1.0 1.06523e-09 0
0.989221 0.0107788 0
0.913446 0.0865545 0
1.0 6.28654e-08 0
0.999679 0.000320819 0
1.0 1.06692e-08 0
0.9964 0.00359987 0
1.0 1.27218e-08 0
1.0 1.5898e-10 0
0.843976 0.156024 0
0.999999 8.07577e-07 0
0.999682 0.000317989 0
0.0205796 0.97942 0
0.996184 0.00381639 0
0.433982 0.566018 0
0.999999 9.73482e-07 0
0.0370815 0.962919 0
0.999999 5.49089e-07 0
0.986831 0.0131693 0
0.8302 0.1698 0
0.883964 0.116036 0
1.0 7.37493e-08 0
0.999984 1.64849e-05 0
0.999992 8.20838e-06 0
0.999998 1.65774e-06 0
1.0 7.03721e-09 0
0.770895 0.229105 0
0.991962 0.00803818 0
1.0 9.60452e-11 0
0.999996 4.0838e-06 0
1.0 5.20466e-11 0
0.99998 2.0149e-05 0
0.999991 9.31576e-06 0
0.999992 7.55121e-06 0
1.0 1.66043e-10 0
0.863772 0.136228 0
0.983139 0.016861 0
1.0 1.99992e-07 0
0.958645 0.0413549 0
1.0 4.78596e-11 0
0.504131 0.495869 0
0.998643 0.00135724 0
0.999547 0.000452945 0
0.999999 9.41922e-07 0
0.999861 0.000138914 0
0.99995 4.96727e-05 0
0.999998 1.84281e-06 0
1.0 2.81063e-08 0
1.0 3.59768e-09 0
0.999978 2.18713e-05 0
0.999998 2.11938e-06 0
1.0 2.97608e-07 0
0.98726 0.01274 0
0.999942 5.7716e-05 0
1.0 6.7591e-08 0
0.999891 0.000109227 0
1.0 2.21649e-12 0
0.602504 0.397496 0
0.932428 0.0675719 0
0.0204675 0.979532 0
1.0 3.60304e-12 0
0.999971 2.86408e-05 0
0.999999 6.75064e-07 0
1.0 1.14375e-09 0
0.369768 0.630232 0
1.0 6.16481e-10 0
1.0 3.85122e-10 0
1.0 2.52493e-09 0
0.999999 7.88215e-07 0
0.00643805 0.993562 0
0.798719 0.201281 0
0.191094 0.808906 0
0.9821 0.0179001 0
0.999528 0.000471738 0
0.99997 2.96639e-05 0
1.0 4.09906e-07 0
1.0 2.84218e-09 0
0.999975 2.54058e-05 0
0.999546 0.000454437 0
0.999946 5.42437e-05 0
0.146395 0.853605 0
1.0 3.20681e-07 0
0.381698 0.618302 0
0.57494 0.42506 0
0.998962 0.00103815 0
0.999186 0.000814029 0
0.999957 4.26131e-05 0
1.0 1.70519e-11 0
0.0377355 0.962265 0
1.0 9.01126e-14 0
1.0 2.4749e-08 0
0.997625 0.00237507 0
0.997996 0.00200392 0
0.99985 0.000150175 0
1.0 1.68838e-07 0
1.0 6.1242e-09 0
0.999218 0.000781956 0
0.99998 1.98617e-05 0
0.999997 3.27884e-06 0
0.966391 0.0336093 0
0.999996 3.70384e-06 0
0.758591 0.241409 0
0.61673 0.38327 0
0.656709 0.343291 0
0.999922 7.77052e-05 0
0.986718 0.0132823 0
0.623013 0.376987 0
0.664405 0.335595 0
0.998679 0.00132148 0
7.16747e-05 0.999928 0
7.05615e-06 0.999993 0
0.999768 0.000231539 0
0.999829 0.000170788 0
0.999972 2.78299e-05 0
1.0 2.85656e-11 0
1.0 2.80485e-09 0
1.0 5.13802e-08 0
0.998427 0.00157307 0
0.951028 0.0489725 0
1.0 4.05664e-10 0
0.999999 1.27438e-06 0
0.999999 7.44592e-07 0
0.998284 0.00171628 0
0.952947 0.0470533 0
0.0156839 0.984316 0
0.999965 3.45568e-05 0
1.0 4.51909e-11 0
0.999999 9.32051e-07 0
0.00388206 0.996118 0
0.99424 0.00576031 0
1.0 7.58436e-08 0
0.999987 1.30823e-05 0
1.0 1.10557e-08 0
0.99977 0.00023032 0
0.999999 7.04811e-07 0
0.00204128 0.997959 0
0.0666682 0.933332 0
0.313857 0.686143 0
1.0 5.25187e-08 0
0.00667976 0.99332 0
0.737147 0.262853 0
0.99889 0.00110999 0
1.0 1.62259e-09 0
0.999966 3.44442e-05 0
0.950082 0.0499177 0
0.999521 0.000479294 0
0.999999 5.46832e-07 0
1.0 5.83315e-09 0
1.0 6.60596e-09 0
1.0 5.25992e-11 0
1.0 7.73014e-10 0
0.999974 2.57815e-05 0
0.999322 0.000677985 0
1.0 4.64034e-07 0
0.884576 0.115424 0
1.0 7.23375e-08 0
0.959332 0.0406679 0
1.0 1.62246e-10 0
1.0 3.30154e-09 0
1.0 1.7491e-10 0
0.994985 0.00501535 0
0.999972 2.79464e-05 0
0.647956 0.352044 0
0.0906009 0.909399 0
1.0 8.453e-08 0
2.29272e-05 0.999977 0
0.999962 3.7532e-05 0
0.990008 0.00999224 0
0.981714 0.0182858 0
0.999995 5.15765e-06 0
0.517424 0.482576 0
0.946945 0.053055 0
1.0 1.2384e-12 0
1.0 4.9444e-09 0
1.0 4.36103e-12 0
0.911533 0.0884668 0
0.970614 0.0293865 0
0.999951 4.86546e-05 0
5.29832e-06 0.999995 0
1.0 2.3146e-08 0
0.698919 0.301081 0
0.999999 1.21163e-06 0
0.135937 0.864063 0
0.999861 0.000138499 0
1.0 5.0342e-10 0
1.0 1.90065e-11 0
0.999794 0.000206427 0
0.999904 9.58755e-05 0
1.0 3.79055e-17 0
0.984067 0.0159327 0
1.0 6.91547e-09 0
0.999996 3.74352e-06 0
0.102404 0.897596 0
1.0 4.07551e-09 0
0.0502593 0.949741 0
0.999996 3.94059e-06 0
0.999973 2.73677e-05 0
0.999172 0.000828024 0
0.999993 6.9846e-06 0
1.0 7.78733e-08 0
0.816286 0.183714 0
0.0588743 0.941126 0
0.995308 0.00469232 0
1.0 6.48175e-11 0
0.999326 0.000673616 0
0.99979 0.000209845 0
0.8252 0.1748 0
0.999063 0.000937273 0
1.0 1.29142e-08 0
0.999785 0.000214891 0
0.000161311 0.999839 0
0.999995 4.90337e-06 0
0.99582 0.00418042 0
0.410435 0.589565 0
0.999998 1.53533e-06 0
0.872117 0.127883 0
1.0 3.18907e-09 0
1.0 2.1609e-08 0
1.0 3.18679e-08 0
1.0 2.63308e-10 0
0.996503 0.00349728 0
1.0 5.41069e-09 0
0.999903 9.67341e-05 0
0.0202543 0.979746 0
0.999973 2.73677e-05 0
0.199085 0.800915 0
0.999979 2.10064e-05 0
1.0 6.01021e-09 0
0.99997 2.9924e-05 0
1.0 7.07894e-08 0
1.0 2.40331e-07 0
0.281037 0.718963 0
0.994035 0.0059654 0
0.999664 0.000335741 0
1.0 2.80358e-09 0
1.0 2.73234e-09 0
0.971143 0.0288566 0
0.864136 0.135864 0
1.0 5.27061e-10 0
1.0 1.55081e-07 0
1.0 1.13985e-08 0
0.999728 0.000272471 0
0.142867 0.857133 0
1.0 6.34311e-08 0
0.000314848 0.999685 0
0.773706 0.226294 0
0.741379 0.258621 0
1.0 2.05657e-10 0
1.0 3.02653e-08 0
0.999993 6.7239e-06 0
1.0 7.44699e-12 0
1.0 4.35395e-08 0
0.0791707 0.920829 0
0.999986 1.38138e-05 0
0.998382 0.00161821 0
1.0 4.58273e-11 0
1.0 1.96446e-09 0
1.0 5.2228e-08 0
0.0318835 0.968117 0
0.999997 2.57865e-06 0
1.0 7.85132e-13 0
1.0 3.41602e-09 0
0.999999 6.05071e-07 0
0.548211 0.451789 0
1.0 3.37601e-07 0
1.0 2.02759e-08 0
0.968942 0.0310584 0
0.999987 1.29378e-05 0
0.959907 0.0400931 0
0.996431 0.00356915 0
0.999928 7.20483e-05 0
0.929631 0.0703689 0
0.999701 0.000299113 0
0.99993 6.97253e-05 0
0.992045 0.0079547 0
1.0 8.193e-12 0
0.0305489 0.969451 0
0.999998 1.75549e-06 0
0.986992 0.013008 0
0.999638 0.000362064 0
1.0 2.36489e-08 0
0.988318 0.0116818 0
0.999742 0.000257792 0
0.987296 0.0127044 0
0.996154 0.00384549 0
1.0 1.33301e-10 0
0.999969 3.06867e-05 0
0.999985 1.45482e-05 0
0.0243122 0.975688 0
0.994033 0.00596744 0
0.1193 0.8807 0
0.996019 0.00398083 0
1.0 2.10443e-07 0
0.999876 0.000124009 0
1.0 9.38007e-10 0
1.0 3.55433e-14 0
0.99987 0.000130048 0
0.999999 6.39562e-07 0
1.0 1.77969e-07 0
0.652386 0.347614 0
0.99997 2.96766e-05 0
1.0 7.62404e-08 0
0.992994 0.00700594 0
0.215999 0.784001 0
0.998267 0.00173266 0
0.999999 5.54227e-07 0
1.0 1.67658e-08 0
0.999626 0.00037431 0
1.0 1.69461e-08 0
0.981362 0.0186379 0
0.999982 1.82095e-05 0
0.810455 0.189545 0
0.99704 0.00295959 0
1.0 2.25703e-08 0
0.999038 0.00096175 0
1.0 5.04913e-08 0
0.999979 2.10372e-05 0
0.000527084 0.999473 0
1.0 2.97902e-09 0
1.0 2.15046e-10 0
0.999579 0.000420911 0
0.999992 7.73465e-06 0
0.994217 0.00578334 0
1.0 7.09812e-10 0
1.0 7.87015e-12 0
0.000563342 0.999437 0
0.998991 0.00100879 0
0.999996 3.90853e-06 0
1.0 1.75562e-07 0
1.0 1.81056e-07 0
0.998152 0.00184815 0
0.982243 0.0177565 0
0.999488 0.000511808 0
1.0 4.26799e-10 0
1.0 2.45674e-08 0
0.999957 4.33564e-05 0
1.0 3.43192e-07 0
0.99988 0.000120264 0
0.994042 0.00595815 0
0.999999 5.76649e-07 0
1.29507e-05 0.999987 0
0.999761 0.000239253 0
6.20591e-06 0.999994 0
1.0 4.0156e-07 0
0.629134 0.370866 0
1.0 1.16047e-12 0
1.0 6.97068e-09 0
0.998822 0.0011778 0
0.999992 7.64969e-06 0
1.0 3.97014e-08 0
1.0 6.75796e-08 0
0.997528 0.00247198 0
0.893511 0.106489 0
0.785938 0.214062 0
0.999992 7.97002e-06 0
1.0 1.51606e-08 0
0.999996 4.22764e-06 0
0.999385 0.000614822 0
0.999998 2.42703e-06 0
0.991072 0.00892752 0
0.862909 0.137091 0
1.0 4.56828e-09 0
1.0 2.37287e-09 0
0.918866 0.0811336 0
0.999984 1.58485e-05 0
0.18743 0.81257 0
0.99986 0.000140199 0
0.424908 0.575092 0
0.747866 0.252134 0
0.900357 0.0996433 0
0.999964 3.55495e-05 0
0.993116 0.00688351 0
0.999996 3.89147e-06 0
0.997663 0.00233668 0
0.197528 0.802472 0
0.987326 0.0126736 0
0.846082 0.153918 0
0.996262 0.00373773 0
0.980746 0.0192539 0
0.383631 0.616369 0
0.00096382 0.999036 0
0.999999 9.93781e-07 0
0.714743 0.285257 0
0.992623 0.00737719 0
1.18863e-07 1.0 0
0.999999 7.03765e-07 0
0.999994 5.63541e-06 0
0.983249 0.0167506 0
0.999852 0.000148389 0
0.993867 0.00613286 0
0.997527 0.00247339 0
0.984039 0.0159609 0
1.0 4.09131e-09 0
0.999749 0.000250683 0
0.210098 0.789902 0
0.984737 0.0152633 0
0.907315 0.0926845 0
0.519271 0.480729 0
0.999956 4.34885e-05 0
0.999845 0.000154665 0
1.0 4.25164e-08 0
0.999321 0.000679255 0
0.999999 1.19683e-06 0
1.0 1.83414e-09 0
0.993577 0.00642271 0
0.998856 0.00114368 0
0.999935 6.48566e-05 0
1.0 1.14601e-08 0
0.995422 0.00457796 0
1.0 3.98453e-10 0
0.234779 0.765221 0
0.154419 0.845581 0
0.993914 0.00608614 0
0.999932 6.79454e-05 0
0.999559 0.000440554 0
0.468833 0.531167 0
1.0 1.75488e-12 0
1.0 3.91721e-12 0
0.0884998 0.9115 0
1.0 7.14256e-10 0
0.0247474 0.975253 0
1.0 1.3732e-08 0
0.99749 0.00251003 0
0.691344 0.308656 0
0.999357 0.000643323 0
0.999996 3.99005e-06 0
0.999488 0.000511585 0
0.999986 1.38517e-05 0
0.214136 0.785864 0
0.999997 3.18468e-06 0
0.79456 0.20544 0
0.174645 0.825356 0
0.999998 2.06783e-06 0
0.0418266 0.958173 0
1.0 3.56897e-11 0
0.29964 0.70036 0
0.999996 4.09247e-06 0
0.203442 0.796558 0
0.999846 0.000153832 0
0.718557 0.281443 0
0.998761 0.00123934 0
0.974447 0.025553 0
0.9526 0.0474001 0
0.606522 0.393478 0
0.999492 0.000508165 0
0.999981 1.93796e-05 0
0.999997 2.76265e-06 0
0.0549127 0.945087 0
0.999999 8.07731e-07 0
1.0 2.79082e-07 0
0.999464 0.000536381 0
0.0278744 0.972126 0
1.0 2.31712e-07 0
0.999959 4.11934e-05 0
0.163038 0.836962 0
1.0 1.68629e-10 0
0.999999 7.62388e-07 0
0.999535 0.000464758 0
1.0 5.12276e-10 0
1.0 1.96004e-12 0
1.0 4.15549e-14 0
0.999996 4.4151e-06 0
0.999998 1.94153e-06 0
0.999888 0.000111511 0
1.0 3.73183e-08 0
0.999739 0.000260787 0
0.999998 2.31514e-06 0
0.999999 9.39416e-07 0
0.198737 0.801263 0
0.314779 0.685221 0
1.0 1.50433e-11 0
0.0646839 0.935316 0
0.999905 9.4597e-05 0
0.811486 0.188514 0
0.999813 0.000186649 0
0.99999 1.00286e-05 0
0.810431 0.189569 0
1.0 3.08613e-08 0
1.0 1.0226e-07 0
0.999821 0.000178533 0
0.999999 1.39276e-06 0
0.999577 0.00042283 0
0.999997 3.0255e-06 0
0.942834 0.0571662 0
0.414313 0.585688 0
1.0 1.08346e-07 0
1.0 2.06377e-10 0
0.0068809 0.993119 0
1.0 5.87819e-08 0
1.0 7.92903e-10 0
1.0 1.4107e-11 0
0.301352 0.698648 0
0.925738 0.0742622 0
0.664771 0.335229 0
0.993137 0.00686331 0
0.999962 3.81604e-05 0
0.898721 0.101279 0
0.995971 0.00402907 0
0.999766 0.000233865 0
0.999984 1.5584e-05 0
0.0499319 0.950068 0
0.992976 0.00702385 0
1.0 5.34418e-08 0
0.999876 0.000124173 0
0.00496673 0.995033 0
0.137076 0.862924 0
0.522997 0.477003 0
1.0 7.46555e-09 0
1.0 9.44349e-10 0
0.998615 0.00138519 0
1.0 1.56458e-09 0
1.0 2.11913e-07 0
0.999888 0.000112085 0
0.531117 0.468883 0
0.937698 0.0623019 0
1.0 1.51492e-07 0
0.999925 7.44991e-05 0
1.0 6.5903e-09 0
0.000328553 0.999671 0
1.0 8.71266e-09 0
1.0 2.86558e-08 0
1.0 2.82309e-09 0
0.99915 0.000849582 0
1.0 4.55365e-09 0
0.142834 0.857166 0
0.0283686 0.971631 0
0.988153 0.0118471 0
0.972386 0.0276137 0
1.0 7.1088e-09 0
1.0 2.9744e-12 0
0.999889 0.000111441 0
0.999336 0.000663502 0
0.404909 0.595091 0
1.0 3.54152e-08 0
0.999998 2.42506e-06 0
0.967124 0.032876 0
1.0 2.13729e-07 0
0.859792 0.140208 0
0.998668 0.00133163 0
0.61633 0.38367 0
1.0 3.69319e-11 0
7.55987e-05 0.999924 0
0.947076 0.0529244 0
0.999981 1.92923e-05 0
1.0 3.65339e-18 0
1.0 2.33928e-08 0
0.989608 0.0103915 0
0.999999 6.64386e-07 0
1.0 4.96844e-07 0
0.263637 0.736363 0
0.120723 0.879277 0
0.999438 0.000562264 0
0.999069 0.000930824 0
0.999966 3.41522e-05 0
0.000340338 0.99966 0
0.984025 0.0159746 0
1.0 9.50718e-10 0
0.0385567 0.961443 0
1.0 8.84749e-15 0
0.999829 0.000171386 0
1.0 2.1197e-11 0
0.999979 2.15149e-05 0
0.990159 0.00984097 0
1.0 3.81372e-10 0
0.977943 0.0220568 0
0.259387 0.740613 0
0.999989 1.14738e-05 0
0.854984 0.145016 0
0.0119238 0.988076 0
0.999998 1.71738e-06 0
0.999159 0.000840622 0
0.968466 0.031534 0
0.999901 9.85415e-05 0
1.0 6.91738e-10 0
0.662317 0.337683 0
0.992958 0.00704153 0
3.61366e-06 0.999996 0
0.999973 2.73026e-05 0
0.997154 0.00284588 0
1.0 1.37765e-08 0
0.0226753 0.977325 0
1.0 9.38003e-15 0
0.99924 0.000760004 0
0.089212 0.910788 0
1.0 2.8089e-12 0
0.996889 0.00311085 0
0.987624 0.0123762 0
0.802741 0.197259 0
1.0 1.94269e-08 0
0.999239 0.000760857 0
0.0136269 0.986373 0
1.0 9.44798e-10 0
0.999935 6.48197e-05 0
0.990376 0.00962397 0
0.737664 0.262336 0
0.999985 1.54902e-05 0
0.999999 7.82125e-07 0
1.0 7.6472e-08 0
0.999949 5.12029e-05 0
0.263285 0.736715 0
1.0 3.95143e-07 0
0.999987 1.27676e-05 0
1.0 6.75912e-08 0
0.796279 0.203721 0
0.99999 9.54461e-06 0
0.999999 1.17634e-06 0
0.993951 0.0060486 0
0.999951 4.87987e-05 0
0.411696 0.588304 0
1.0 1.78457e-09 0
0.999933 6.6684e-05 0
0.0326492 0.967351 0
0.999934 6.58464e-05 0
0.999998 1.99384e-06 0
1.0 2.17248e-09 0
1.0 1.33406e-08 0
0.997141 0.00285875 0
0.422275 0.577725 0
0.000535241 0.999465 0
1.0 1.29165e-07 0
0.999961 3.9295e-05 0
1.0 2.8954e-10 0
0.996885 0.00311512 0
0.999997 2.44786e-06 0
0.662523 0.337477 0
0.392485 0.607515 0
0.999205 0.000794729 0
1.0 1.64314e-09 0
0.980399 0.0196014 0
1.0 2.13572e-10 0
0.998275 0.00172458 0
0.272437 0.727563 0
0.427018 0.572982 0
0.335879 0.664121 0
1.0 1.10147e-10 0
0.85599 0.14401 0
0.999999 1.23895e-06 0
0.999941 5.93948e-05 0
1.0 8.31233e-08 0
1.0 2.44606e-11 0
0.999659 0.000340672 0
0.480769 0.519231 0
0.997631 0.00236858 0
0.897226 0.102774 0
1.0 2.89734e-08 0
0.999999 6.01399e-07 0
0.99995 4.96969e-05 0
0.978992 0.0210076 0
0.999959 4.09204e-05 0
0.999093 0.000906594 0
0.999992 7.88221e-06 0
0.999992 7.63257e-06 0
0.00533929 0.994661 0
1.0 1.17906e-09 0
0.999017 0.000983465 0
1.0 2.10219e-07 0
0.999451 0.000548999 0
0.927021 0.0729794 0
0.999994 5.87098e-06 0
1.0 3.69179e-07 0
0.999992 8.0635e-06 0
0.999996 4.38219e-06 0
0.948568 0.0514322 0
1.0 1.17593e-09 0
0.981197 0.0188034 0
1.0 1.02374e-12 0
0.99056 0.00944039 0
0.999842 0.000158125 0
0.0469432 0.953057 0
0.998904 0.00109558 0
1.0 7.56467e-12 0
0.999986 1.41223e-05 0
0.925054 0.0749459 0
1.0 4.41362e-10 0
1.0 2.653e-12 0
0.985523 0.0144773 0
0.34503 0.654971 0
0.999999 8.20299e-07 0
1.0 5.07479e-09 0
0.135195 0.864805 0
1.0 6.48561e-10 0
0.000746995 0.999253 0
1.0 9.35335e-11 0
0.971626 0.0283745 0
1.0 9.29471e-10 0
1.0 1.91981e-11 0
1.0 2.7463e-10 0
0.977029 0.0229712 0
0.699823 0.300177 0
0.941721 0.0582794 0
1.0 2.44857e-09 0
0.999871 0.000128827 0
0.999379 0.000620604 0
0.659847 0.340153 0
0.994685 0.00531509 0
0.99112 0.00888047 0
0.74902 0.25098 0
0.228515 0.771485 0
0.99824 0.00175971 0
0.998547 0.00145258 0
1.0 2.1566e-07 0
0.427741 0.572259 0
1.0 8.53357e-09 0
0.999996 4.12748e-06 0
0.760864 0.239136 0
0.0153387 0.984661 0
1.0 1.44238e-08 0
0.999971 2.93438e-05 0
0.998478 0.00152183 0
1.0 1.15497e-11 0
0.995558 0.00444163 0
0.999999 9.46051e-07 0
0.992062 0.00793796 0
0.999927 7.34197e-05 0
1.0 6.95473e-10 0
1.0 1.27225e-11 0
0.984135 0.0158646 0
0.307424 0.692576 0
1.0 4.89952e-08 0
0.999999 1.28715e-06 0
0.956327 0.0436726 0
1.0 3.49946e-07 0
0.34627 0.65373 0
0.999885 0.000115184 0
0.993089 0.00691137 0
0.999956 4.38179e-05 0
0.999722 0.000278235 0
0.985992 0.0140079 0
0.999953 4.67261e-05 0
1.0 2.35174e-09 0
1.0 3.48983e-10 0
0.0111461 0.988854 0
0.999749 0.00025095 0
0.999999 8.31162e-07 0
0.999592 0.000408167 0
0.999952 4.765e-05 0
1.0 3.54359e-08 0
0.998071 0.00192905 0
0.960254 0.0397457 0
1.0 3.23614e-08 0
0.235797 0.764203 0
1.0 7.562e-12 0
0.966443 0.0335572 0
0.999832 0.000167693 0
0.955729 0.0442706 0
1.0 1.32218e-12 0
0.999976 2.35449e-05 0
0.992629 0.00737086 0
1.0 4.85629e-08 0
0.970047 0.029953 0
0.938457 0.061543 0
1.0 1.74645e-07 0
0.996795 0.00320498 0
1.0 3.92646e-07 0
1.0 1.35579e-08 0
0.780868 0.219132 0
1.0 6.16637e-09 0
0.999218 0.000782187 0
0.9996 0.000400202 0
0.674524 0.325476 0
0.999986 1.39621e-05 0
1.0 4.80592e-11 0
1.0 3.65696e-10 0
0.999542 0.0004582 0
0.999995 4.67906e-06 0
0.99988 0.000119888 0
0.999997 2.82429e-06 0
0.293227 0.706773 0
0.999876 0.000123662 0
0.98552 0.0144801 0
0.999999 6.0631e-07 0
1.0 8.96361e-11 0
1.0 7.79648e-08 0
0.999932 6.78462e-05 0
0.736383 0.263617 0
0.000730221 0.99927 0
1.0 1.66793e-08 0
0.828541 0.171459 0
0.253315 0.746685 0
0.999934 6.59013e-05 0
1.0 3.48304e-08 0
0.99982 0.000179965 0
0.999997 2.68593e-06 0
0.999724 0.000275729 0
1.0 2.49285e-09 0
0.999094 0.000905728 0
0.999998 1.84371e-06 0
1.0 4.18728e-07 0
1.0 4.7269e-12 0
1.0 5.70056e-10 0
0.999263 0.000737327 0
0.743225 0.256775 0
0.999994 6.16373e-06 0
0.999999 1.28159e-06 0
1.0 3.96448e-09 0
0.999988 1.2233e-05 0
0.999781 0.000218814 0
1.0 5.09963e-12 0
0.745114 0.254886 0
0.974956 0.0250435 0
0.944977 0.0550226 0
0.998344 0.00165573 0
0.999999 1.29828e-06 0
0.571599 0.428401 0
0.999982 1.7761e-05 0
0.999813 0.00018699 0
0.999989 1.09352e-05 0
1.0 3.51204e-09 0
1.0 1.32579e-09 0
0.999073 0.000927122 0
0.999999 8.68865e-07 0
0.99999 1.04258e-05 0
0.999999 6.46019e-07 0
1.0 1.47043e-08 0
1.0 1.22266e-09 0
0.999907 9.33103e-05 0
0.999987 1.2799e-05 0
0.999084 0.000915556 0
0.994031 0.00596906 0
1.0 1.12841e-15 0
0.0906663 0.909334 0
0.999453 0.000546625 0
0.999907 9.28673e-05 0
0.999996 4.20985e-06 0
0.999981 1.88572e-05 0
0.339439 0.660561 0
0.801604 0.198396 0
0.95914 0.0408604 0
0.817168 0.182832 0
1.0 1.95332e-09 0
0.960853 0.0391474 0
0.999725 0.000275056 0
1.0 2.871e-10 0
0.70821 0.29179 0
0.998616 0.001384 0
0.795904 0.204096 0
0.000897477 0.999103 0
0.999999 6.64526e-07 0
0.999997 3.37562e-06 0
0.999993 6.72686e-06 0
0.999863 0.000136609 0
0.254932 0.745068 0
1.0 7.9159e-08 0
1.0 5.31952e-08 0
0.999895 0.000104653 0
0.673361 0.326639 0
0.999948 5.1904e-05 0
0.992289 0.00771115 0
1.0 4.66039e-07 0
1.0 1.97876e-08 0
0.939167 0.0608326 0
0.21952 0.78048 0
1.0 3.02655e-07 0
0.524141 0.475859 0
0.989582 0.010418 0
0.999735 0.000265331 0
1.0 1.91474e-09 0
0.999998 2.21973e-06 0
0.999685 0.000315111 0
1.0 6.78443e-10 0
1.0 2.71372e-09 0
1.0 2.75747e-09 0
0.999993 7.21164e-06 0
0.99999 1.0085e-05 0
1.0 4.68862e-11 0
0.999072 0.000927966 0
1.0 1.0759e-07 0
1.0 1.32727e-14 0
1.0 5.90521e-09 0
0.999989 1.09811e-05 0
1.0 2.31994e-07 0
0.951069 0.0489304 0
1.0 2.25637e-07 0
1.0 2.97689e-08 0
0.91733 0.0826697 0
0.999916 8.40185e-05 0
1.0 7.977e-09 0
0.992368 0.00763218 0
0.999688 0.000311693 0
0.999836 0.000164234 0
1.0 7.27069e-09 0
1.0 2.18871e-10 0
0.954353 0.0456469 0
0.99998 2.0189e-05 0
0.925216 0.0747839 0
1.0 1.9399e-07 0
1.0 1.79762e-08 0
0.999995 4.85561e-06 0
1.0 8.0993e-08 0
0.964307 0.0356927 0
0.998102 0.00189841 0
0.788098 0.211902 0
1.0 1.19594e-10 0
1.0 2.94476e-08 0
1.0 2.18586e-10 0
0.468303 0.531697 0
0.999999 8.22016e-07 0
0.906187 0.0938134 0
1.0 1.50513e-12 0
0.995279 0.0047214 0
1.0 9.42872e-12 0
0.999973 2.70416e-05 0
1.0 5.73461e-09 0
0.0684381 0.931562 0
0.994953 0.00504707 0
1.0 3.07359e-11 0
0.976351 0.0236486 0
1.0 3.11303e-08 0
0.999905 9.5331e-05 0
0.999973 2.72989e-05 0
1.0 1.68634e-12 0
0.995582 0.00441763 0
0.999907 9.30619e-05 0
1.0 1.5705e-11 0
1.0 6.73161e-09 0
0.564777 0.435223 0
0.999948 5.24438e-05 0
0.915176 0.0848235 0
0.989822 0.0101778 0
0.109894 0.890106 0
0.999996 4.34151e-06 0
0.84619 0.15381 0
0.000221701 0.999778 0
0.893992 0.106008 0
0.999953 4.68944e-05 0
0.969162 0.0308375 0
0.337802 0.662198 0
0.971441 0.0285588 0
0.99702 0.00298011 0
1.0 3.18815e-11 0
0.999908 9.18894e-05 0
1.0 4.7495e-09 0
1.0 3.76654e-09 0
0.00014325 0.999857 0
0.0469155 0.953085 0
0.487852 0.512148 0
0.9987 0.00130049 0
0.99999 1.03406e-05 0
0.999959 4.05616e-05 0
1.0 3.44658e-07 0
1.0 6.88604e-11 0
0.824864 0.175136 0
0.999987 1.28126e-05 0
0.963572 0.0364276 0
0.0564094 0.943591 0
0.999999 1.46744e-06 0
0.999087 0.000912546 0
0.965636 0.0343641 0
0.999981 1.9186e-05 0
0.273777 0.726223 0
1.0 1.6251e-07 0
0.991398 0.0086022 0
0.000105684 0.999894 1
0.840882 0.159118 1
0.818602 0.181398 1
0.000118152 0.999882 1
0.0225511 0.977449 1
0.101785 0.898215 1
0.579506 0.420494 1
3.50649e-07 1.0 1
0.244586 0.755414 1
4.12988e-05 0.999959 1
0.137254 0.862746 1
0.753912 0.246088 1
0.0124929 0.987507 1
0.310962 0.689038 1
0.000543013 0.999457 1
0.000657531 0.999343 1
0.0102984 0.989702 1
5.96041e-06 0.999994 1
0.999595 0.000404557 1
0.591802 0.408198 1
0.0296784 0.970322 1
0.00131949 0.998681 1
3.60415e-05 0.999964 1
0.13438 0.86562 1
1.67041e-05 0.999983 1
0.230236 0.769764 1
0.015981 0.984019 1
3.66621e-05 0.999963 1
0.0178248 0.982175 1
3.95429e-05 0.99996 1
0.000318101 0.999682 1
0.250871 0.749129 1
0.853396 0.146604 1
8.27927e-06 0.999992 1
0.167211 0.832789 1
0.0962253 0.903775 1
0.00153811 0.998462 1
0.000276862 0.999723 1
4.37649e-06 0.999996 1
1.49332e-05 0.999985 1
9.05076e-06 0.999991 1
0.00328489 0.996715 1
0.274116 0.725884 1
0.292735 0.707265 1
0.0028819 0.997118 1
0.0375406 0.962459 1
0.000111198 0.999889 1
0.169501 0.830499 1
0.0678069 0.932193 1
0.999975 2.49016e-05 1
1.95372e-06 0.999998 1
0.00963622 0.990364 1
0.455261 0.544739 1
2.61531e-07 1.0 1
0.0896965 0.910303 1
0.0713699 0.92863 1
6.1598e-05 0.999938 1
8.46315e-05 0.999915 1
0.333051 0.666949 1
0.000795024 0.999205 1
0.0758577 0.924142 1
0.959741 0.0402588 1
2.22248e-06 0.999998 1
0.00204471 0.997955 1
0.000612137 0.999388 1
0.337262 0.662738 1
0.000146094 0.999854 1
0.0659532 0.934047 1
0.721164 0.278836 1
0.000485812 0.999514 1
2.84386e-05 0.999972 1
0.102069 0.897931 1
0.0734091 0.926591 1
0.00133952 0.99866 1
0.742835 0.257165 1
0.0149198 0.98508 1
0.000215237 0.999785 1
0.0885406 0.911459 1
5.17226e-07 1.0 1
0.0278256 0.972174 1
0.000258586 0.999741 1
0.00082891 0.999171 1
0.992866 0.00713361 1
2.26194e-07 1.0 1
0.547772 0.452228 1
0.0250254 0.974975 1
2.81423e-06 0.999997 1
0.000990254 0.99901 1
0.0415069 0.958493 1
0.00112565 0.998874 1
0.00268652 0.997313 1
9.41663e-06 0.999991 1
0.967919 0.0320806 1
0.000958334 0.999042 1
4.73141e-05 0.999953 1
0.060833 0.939167 1
7.91494e-05 0.999921 1
0.991784 0.00821599 1
0.0114837 0.988516 1
0.0189111 0.981089 1
1.99002e-08 1.0 1
0.000599885 0.9994 1
0.6455 0.3545 1
0.000620446 0.99938 1
0.000198916 0.999801 1
0.911502 0.0884979 1
0.00258262 0.997417 1
0.00274855 0.997251 1
0.00246466 0.997535 1
0.000214797 0.999785 1
6.69449e-05 0.999933 1
0.0758422 0.924158 1
0.127936 0.872064 1
0.000161813 0.999838 1
0.765298 0.234702 1
0.000106059 0.999894 1
0.000184014 0.999816 1
8.9692e-06 0.999991 1
0.000136905 0.999863 1
0.000347527 0.999653 1
0.995214 0.00478628 1
0.931047 0.0689529 1
0.00462351 0.995376 1
0.976327 0.023673 1
5.83058e-06 0.999994 1
0.701457 0.298543 1
0.994908 0.00509246 1
5.95226e-05 0.999941 1
3.25054e-07 1.0 1
0.0380763 0.961924 1
0.000316607 0.999683 1
0.000781291 0.999219 1
0.0028785 0.997122 1
3.57138e-05 0.999964 1
0.222293 0.777707 1
0.00032704 0.999673 1
0.000242269 0.999758 1
4.81287e-06 0.999995 1
7.88256e-05 0.999921 1
4.76098e-05 0.999952 1
3.67146e-07 1.0 1
0.928915 0.0710852 1
0.608437 0.391563 1
0.931845 0.068155 1
0.0457858 0.954214 1
0.00310647 0.996894 1
0.0126522 0.987348 1
3.07197e-08 1.0 1
1.49627e-05 0.999985 1
0.0453762 0.954624 1
0.000105734 0.999894 1
8.83934e-07 0.999999 1
0.0377818 0.962218 1
0.000877642 0.999122 1
0.999995 5.11785e-06 1
0.00127127 0.998729 1
0.00137497 0.998625 1
0.000522861 0.999477 1
0.654478 0.345522 1
0.000296031 0.999704 1
0.0624765 0.937524 1
0.00668016 0.99332 1
2.97029e-07 1.0 1
5.91995e-06 0.999994 1
0.012319 0.987681 1
0.0998928 0.900107 1
0.9903 0.00970012 1
0.999995 5.21467e-06 1
0.00395765 0.996042 1
0.0319099 0.96809 1
2.04008e-06 0.999998 1
0.000231962 0.999768 1
0.997723 0.00227723 1
0.0022047 0.997795 1
0.11948 0.88052 1
0.0118741 0.988126 1
0.119712 0.880288 1
0.990151 0.00984942 1
1.96801e-07 1.0 1
0.0182559 0.981744 1
0.000378913 0.999621 1
0.119562 0.880438 1
0.00403536 0.995965 1
7.92015e-07 0.999999 1
0.850117 0.149883 1
0.0769249 0.923075 1
0.985568 0.0144317 1
0.82584 0.17416 1
0.0147208 0.985279 1
0.814268 0.185732 1
1.79286e-05 0.999982 1
0.678324 0.321676 1
0.68161 0.31839 1
0.309635 0.690365 1
0.834443 0.165557 1
0.999629 0.0003713 1
0.765132 0.234868 1
0.00782962 0.99217 1
4.49399e-05 0.999955 1
0.295644 0.704356 1
0.000294203 0.999706 1
0.0283902 0.97161 1
9.23965e-07 0.999999 1
0.0791462 0.920854 1
0.991961 0.00803932 1
0.0307092 0.969291 1
1.41999e-07 1.0 1
0.0622094 0.937791 1
0.00048005 0.99952 1
5.78946e-05 0.999942 1
4.39807e-05 0.999956 1
1.24305e-05 0.999988 1
0.152657 0.847343 1
1.01512e-07 1.0 1
0.865472 0.134528 1
4.9092e-05 0.999951 1
0.985063 0.0149373 1
0.000323321 0.999677 1
0.000102409 0.999898 1
4.77403e-07 1.0 1
0.0415838 0.958416 1
0.000287325 0.999713 1
2.35053e-06 0.999998 1
0.00197733 0.998023 1
3.68827e-06 0.999996 1
0.00263612 0.997364 1
7.9087e-05 0.999921 1
0.950378 0.0496222 1
0.0643781 0.935622 1
0.914153 0.0858474 1
0.103806 0.896194 1
0.0204904 0.97951 1
0.00187313 0.998127 1
0.00148017 0.99852 1
0.00123903 0.998761 1
0.00145114 0.998549 1
0.653389 0.346612 1
0.356557 0.643443 1
0.0512157 0.948784 1
1.90135e-05 0.999981 1
0.000947109 0.999053 1
0.999981 1.88609e-05 1
0.0995298 0.90047 1
0.000660436 0.99934 1
0.668527 0.331473 1
2.38077e-11 1.0 1
0.8166 0.1834 1
2.29435e-07 1.0 1
0.00160875 0.998391 1
4.68539e-07 1.0 1
4.72665e-05 0.999953 1
1.4571e-05 0.999985 1
0.669696 0.330304 1
0.00256562 0.997434 1
0.999103 0.000896873 1
0.0200699 0.97993 1
7.59077e-05 0.999924 1
0.000334665 0.999665 1
1.18363e-05 0.999988 1
1.0 1.06617e-07 1
0.00018908 0.999811 1
0.494224 0.505776 1
0.367879 0.632121 1
0.00260263 0.997397 1
0.000476712 0.999523 1
0.000365656 0.999634 1
8.14793e-06 0.999992 1
7.60094e-08 1.0 1
0.150036 0.849964 1
2.13652e-06 0.999998 1
0.017121 0.982879 1
0.998321 0.00167867 1
0.99947 0.000530466 1
0.0575647 0.942435 1
0.000217376 0.999783 1
1.08835e-05 0.999989 1
2.03991e-06 0.999998 1
0.00476594 0.995234 1
4.84865e-06 0.999995 1
1.03054e-07 1.0 1
0.000103112 0.999897 1
9.94741e-05 0.9999 1
1.0 2.533e-09 1
0.0139531 0.986047 1
0.234476 0.765524 1
3.56863e-06 0.999996 1
4.46316e-05 0.999955 1
0.190887 0.809113 1
2.41823e-06 0.999998 1
0.10162 0.89838 1
0.000671876 0.999328 1
1.98296e-07 1.0 1
0.192126 0.807874 1
1.22898e-06 0.999999 1
0.0243025 0.975698 1
0.00252195 0.997478 1
2.56445e-08 1.0 1
0.0972466 0.902753 1
0.0215877 0.978412 1
0.834767 0.165233 1
1.19404e-05 0.999988 1
0.292003 0.707997 1
0.000156381 0.999844 1
5.88308e-05 0.999941 1
0.168552 0.831448 1
2.90014e-05 0.999971 1
0.233976 0.766024 1
0.00268437 0.997316 1
0.0284998 0.9715 1
0.00108742 0.998913 1
1.42827e-05 0.999986 1
0.992184 0.00781638 1
0.0137737 0.986226 1
6.23612e-05 0.999938 1
0.61788 0.38212 1
0.100415 0.899585 1
0.406348 0.593652 1
0.000275688 0.999724 1
0.997302 0.00269833 1
0.00141156 0.998588 1
0.957206 0.0427944 1
4.89362e-05 0.999951 1
0.000713052 0.999287 1
0.000147471 0.999853 1
0.0362664 0.963734 1
0.00860487 0.991395 1
0.0457097 0.95429 1
7.84348e-05 0.999922 1
1.80143e-07 1.0 1
5.82374e-06 0.999994 1
0.0015621 0.998438 1
1.25535e-06 0.999999 1
7.91935e-05 0.999921 1
0.892535 0.107465 1
0.922225 0.0777748 1
0.232908 0.767092 1
0.0951933 0.904807 1
0.827608 0.172393 1
3.05242e-05 0.999969 1
0.887674 0.112326 1
0.126807 0.873193 1
6.69556e-06 0.999993 1
0.279223 0.720777 1
0.177854 0.822146 1
0.114632 0.885368 1
0.0621777 0.937822 1
0.000150254 0.99985 1
0.00312907 0.996871 1
0.000162697 0.999837 1
0.00881799 0.991182 1
0.000861388 0.999139 1
0.07078 0.92922 1
0.593745 0.406255 1
0.944946 0.0550544 1
0.569522 0.430478 1
2.19193e-05 0.999978 1
0.000120979 0.999879 1
0.984841 0.0151595 1
6.72645e-07 0.999999 1
4.53254e-05 0.999955 1
0.999949 5.14552e-05 1
0.00086134 0.999139 1
0.993031 0.00696885 1
0.000139182 0.999861 1
5.45601e-05 0.999945 1
0.651471 0.348529 1
0.41315 0.58685 1
0.999833 0.000166676 1
0.632299 0.367701 1
0.00747807 0.992522 1
0.918365 0.0816347 1
1.71418e-06 0.999998 1
0.879641 0.120359 1
0.996327 0.00367336 1
0.000526783 0.999473 1
0.999999 1.44877e-06 1
0.261968 0.738033 1
0.999068 0.000932109 1
0.684739 0.315261 1
3.21732e-05 0.999968 1
0.0865061 0.913494 1
2.71696e-05 0.999973 1
1.598e-05 0.999984 1
0.0146719 0.985328 1
5.25096e-05 0.999947 1
0.000606364 0.999394 1
0.0173915 0.982608 1
0.999704 0.00029644 1
0.951907 0.0480932 1
3.60092e-07 1.0 1
0.182474 0.817526 1
1.0 1.29799e-08 1
0.00347467 0.996525 1
1.79307e-07 1.0 1
0.0107766 0.989223 1
0.817993 0.182007 1
6.06784e-08 1.0 1
0.00116642 0.998834 1
0.710401 0.289599 1
0.459796 0.540204 1
0.0302427 0.969757 1
4.54012e-05 0.999955 1
8.81077e-05 0.999912 1
0.000424786 0.999575 1
0.0180265 0.981973 1
0.997 0.00300022 1
4.22184e-05 0.999958 1
0.976493 0.0235072 1
0.000317324 0.999683 1
0.809654 0.190346 1
0.11416 0.88584 1
0.378558 0.621442 1
0.995552 0.00444776 1
0.00302311 0.996977 1
0.27981 0.72019 1
0.998341 0.00165872 1
0.000194098 0.999806 1
1.87523e-05 0.999981 1
0.000670505 0.99933 1
2.5567e-05 0.999974 1
0.00326798 0.996732 1
0.00553441 0.994466 1
0.999243 0.000756478 1
1.81061e-05 0.999982 1
0.0014784 0.998522 1
1.25188e-06 0.999999 1
0.00133275 0.998667 1
0.00233303 0.997667 1
0.00791155 0.992088 1
0.725226 0.274774 1
6.77056e-06 0.999993 1
4.76849e-07 1.0 1
0.444 0.556 1
2.61245e-05 0.999974 1
2.95288e-06 0.999997 1
0.810344 0.189656 1
0.336434 0.663566 1
0.1647 0.8353 1
1.62388e-06 0.999998 1
3.94252e-06 0.999996 1
0.726532 0.273468 1
1.03509e-05 0.99999 1
0.000905812 0.999094 1
0.104768 0.895232 1
0.236839 0.763161 1
0.99974 0.000259779 1
0.00186407 0.998136 1
0.980101 0.019899 1
2.70203e-08 1.0 1
1.69031e-06 0.999998 1
0.000542887 0.999457 1
0.960678 0.0393225 1
0.00221162 0.997788 1
3.26106e-06 0.999997 1
0.0199228 0.980077 1
0.00616607 0.993834 1
0.000901618 0.999098 1
0.99042 0.00957989 1
0.0846022 0.915398 1
9.36597e-05 0.999906 1
0.00499404 0.995006 1
0.000947542 0.999052 1
3.88911e-05 0.999961 1
0.559066 0.440934 1
0.752156 0.247844 1
0.000178557 0.999821 1
0.00550763 0.994492 1
1.61926e-05 0.999984 1
0.562108 0.437892 1
1.02995e-07 1.0 1
0.00500611 0.994994 1
0.0590499 0.94095 1
0.000701246 0.999299 1
0.00347226 0.996528 1
5.44074e-05 0.999946 1
0.141201 0.858799 1
6.13214e-06 0.999994 1
0.000615689 0.999384 1
0.000216045 0.999784 1
0.00604488 0.993955 1
3.69827e-05 0.999963 1
0.245742 0.754259 1
0.0374608 0.962539 1
0.999644 0.00035615 1
0.789089 0.210911 1
1.77891e-06 0.999998 1
0.00049495 0.999505 1
0.000239856 0.99976 1
0.207299 0.792701 1
0.0336491 0.966351 1
6.37343e-09 1.0 1
5.44487e-09 1.0 1
0.314888 0.685112 1
0.81565 0.18435 1
0.00111179 0.998888 1
0.00663686 0.993363 1
0.999241 0.000759134 1
1.0 8.06966e-09 1
0.881069 0.118931 1
0.00723158 0.992768 1
0.000222982 0.999777 1
0.000606859 0.999393 1
5.16908e-05 0.999948 1
1.70359e-05 0.999983 1
0.000112612 0.999887 1
0.846283 0.153717 1
0.00201217 0.997988 1
0.0198345 0.980166 1
7.85993e-06 0.999992 1
2.0381e-05 0.99998 1
0.831818 0.168182 1
0.00430881 0.995691 1
0.00309979 0.9969 1
0.00311686 0.996883 1
0.0256629 0.974337 1
0.427043 0.572957 1
1.099e-05 0.999989 1
1.92293e-06 0.999998 1
4.43183e-06 0.999996 1
0.409047 0.590953 1
0.0809754 0.919025 1
0.951148 0.0488519 1
0.998123 0.00187697 1
0.000943297 0.999057 1
2.71948e-05 0.999973 1
0.00533199 0.994668 1
0.0599084 0.940092 1
0.100827 0.899173 1
2.73557e-06 0.999997 1
0.572291 0.427709 1
0.932152 0.0678483 1
2.57881e-05 0.999974 1
0.000432807 0.999567 1
0.064648 0.935352 1
6.45468e-05 0.999936 1
0.573852 0.426147 1
0.998595 0.00140508 1
9.19508e-06 0.999991 1
0.021851 0.978149 1
0.00185197 0.998148 1
0.000767427 0.999233 1
0.973817 0.026183 1
0.908725 0.0912747 1
0.000527313 0.999473 1
0.00443486 0.995565 1
0.000905327 0.999095 1
0.459811 0.540189 1
0.0721489 0.927851 1
4.27881e-05 0.999957 1
0.704926 0.295074 1
9.44013e-07 0.999999 1
0.311865 0.688135 1
7.72073e-05 0.999923 1
0.000932571 0.999067 1
1.50463e-06 0.999998 1
0.0439995 0.956001 1
0.00288676 0.997113 1
0.00110758 0.998892 1
1.77488e-07 1.0 1
0.0215148 0.978485 1
6.37749e-07 0.999999 1
0.0241326 0.975867 1
0.00150514 0.998495 1
6.16483e-06 0.999994 1
0.0190383 0.980962 1
0.00172792 0.998272 1
0.000327847 0.999672 1
2.8988e-06 0.999997 1
0.0010463 0.998954 1
0.0507971 0.949203 1
0.903534 0.0964661 1
0.997735 0.00226529 1
0.00158543 0.998415 1
0.000960614 0.999039 1
0.00178868 0.998211 1
0.00810634 0.991894 1
0.00600684 0.993993 1
4.7926e-06 0.999995 1
7.52812e-06 0.999992 1
0.0629612 0.937039 1
1.84392e-05 0.999982 1
0.000235991 0.999764 1
0.18215 0.81785 1
0.0271885 0.972812 1
1.31234e-05 0.999987 1
0.00104609 0.998954 1
0.997107 0.00289251 1
0.00889361 0.991106 1
0.000334347 0.999666 1
1.30317e-05 0.999987 1
0.000268143 0.999732 1
0.0173114 0.982689 1
0.00707162 0.992928 1
0.991905 0.00809496 1
0.920393 0.079607 1
0.001571 0.998429 1
0.986105 0.0138946 1
0.000202053 0.999798 1
4.16245e-06 0.999996 1
0.0202203 0.97978 1
0.0049736 0.995026 1
0.0880185 0.911981 1
0.00278663 0.997213 1
0.143941 0.856059 1
0.999493 0.000506725 1
0.00165218 0.998348 1
4.78133e-05 0.999952 1
0.0649453 0.935055 1
0.077947 0.922053 1
0.122522 0.877478 1
1.12232e-06 0.999999 1
0.000675656 0.999324 1
1.43258e-05 0.999986 1
9.29242e-05 0.999907 1
0.0682125 0.931787 1
4.75321e-06 0.999995 1
2.11906e-05 0.999979 1
0.315012 0.684988 1
0.000732875 0.999267 1
0.0581978 0.941802 1
0.893031 0.106969 1
0.949553 0.0504473 1
0.0137163 0.986284 1
0.994501 0.00549927 1
0.00343299 0.996567 1
0.000114525 0.999885 1
3.02479e-07 1.0 1
0.99799 0.00201034 1
0.1794 0.8206 1
0.00270961 0.99729 1
3.3924e-05 0.999966 1
0.539987 0.460013 1
0.366535 0.633465 1
0.0866741 0.913326 1
9.83424e-05 0.999902 1
0.000642335 0.999358 1
1.19616e-07 1.0 1
0.000468923 0.999531 1
0.233989 0.766011 1
0.000183908 0.999816 1
0.374315 0.625685 1
1.49637e-07 1.0 1
0.175095 0.824905 1
0.953768 0.0462316 1
0.000134217 0.999866 1
2.02593e-07 1.0 1
0.062984 0.937016 1
9.88006e-06 0.99999 1
2.78983e-06 0.999997 1
0.996618 0.00338222 1
0.00230446 0.997696 1
6.2686e-06 0.999994 1
0.0215015 0.978499 1
1.09439e-07 1.0 1
1.69386e-05 0.999983 1
0.104612 0.895388 1
0.00114488 0.998855 1
0.00182184 0.998178 1
0.117645 0.882355 1
0.00472263 0.995277 1
8.74053e-05 0.999913 1
0.2669 0.7331 1
0.000166234 0.999834 1
0.988489 0.0115113 1
2.69105e-06 0.999997 1
0.000128072 0.999872 1
0.00151756 0.998482 1
0.000495576 0.999504 1
0.00997678 0.990023 1
0.00423549 0.995764 1
0.00265661 0.997343 1
5.70226e-07 0.999999 1
6.56258e-08 1.0 1
0.0131714 0.986829 1
0.0828286 0.917171 1
0.000675912 0.999324 1
0.00107448 0.998926 1
0.000290443 0.99971 1
0.191631 0.808369 1
0.0209522 0.979048 1
4.55976e-06 0.999995 1
0.886196 0.113804 1
0.325006 0.674994 1
0.00972069 0.990279 1
1.84485e-05 0.999982 1
0.115839 0.884161 1
0.0040979 0.995902 1
0.00780455 0.992195 1
0.999987 1.31802e-05 1
0.049502 0.950498 1
0.000177488 0.999823 1
2.39964e-07 1.0 1
0.0166118 0.983388 1
0.000569986 0.99943 1
0.00172678 0.998273 1
0.00107752 0.998922 1
0.157668 0.842332 1
4.36093e-06 0.999996 1
0.999998 2.03775e-06 1
1.62578e-05 0.999984 1
0.000257331 0.999743 1
5.65145e-06 0.999994 1
0.253503 0.746497 1
0.00349867 0.996501 1
2.82395e-05 0.999972 1
5.51659e-07 0.999999 1
1.65149e-05 0.999983 1
0.239296 0.760704 1
0.972546 0.0274535 1
0.201154 0.798846 1
0.107201 0.892799 1
0.00531097 0.994689 1
0.00772647 0.992274 1
1.53814e-05 0.999985 1
0.00239658 0.997603 1
0.154455 0.845545 1
0.331653 0.668347 1
0.0414882 0.958512 1
0.00635006 0.99365 1
4.14271e-05 0.999959 1
2.35853e-05 0.999976 1
0.938268 0.0617324 1
0.71446 0.285539 1
5.02181e-06 0.999995 1
0.00704136 0.992959 1
0.00391268 0.996087 1
1.86857e-12 1.0 1
3.53755e-05 0.999965 1
0.000180363 0.99982 1
0.0050849 0.994915 1
0.0181603 0.98184 1
7.20563e-06 0.999993 1
0.00146362 0.998536 1
0.00746692 0.992533 1
0.00909171 0.990908 1
0.200567 0.799433 1
0.00686 0.99314 1
0.00655387 0.993446 1
0.00022183 0.999778 1
3.33731e-06 0.999997 1
0.999281 0.000718681 1
5.24035e-07 1.0 1
0.000132103 0.999868 1
0.99788 0.00212016 1
6.02056e-05 0.99994 1
0.130816 0.869184 1
0.000263963 0.999736 1
0.828898 0.171102 1
0.000266728 0.999733 1
0.816895 0.183105 1
0.0334514 0.966549 1
0.0318294 0.968171 1
8.57277e-05 0.999914 1
0.00198917 0.998011 1
0.936837 0.0631627 1
3.10854e-05 0.999969 1
0.0538476 0.946152 1
1.0 1.84407e-12 1
0.219095 0.780905 1
5.45284e-05 0.999946 1
0.826923 0.173077 1
0.012718 0.987282 1
0.727599 0.272401 1
0.327882 0.672118 1
0.990604 0.00939599 1
1.16264e-06 0.999999 1
0.000572805 0.999427 1
0.00106172 0.998938 1
9.53292e-05 0.999905 1
0.626738 0.373262 1
4.60178e-05 0.999954 1
5.82675e-05 0.999942 1
0.00490717 0.995093 1
0.0545825 0.945417 1
0.0372282 0.962772 1
0.753446 0.246554 1
0.00142399 0.998576 1
3.01493e-06 0.999997 1
1.14417e-07 1.0 1
0.000922635 0.999077 1
0.00502554 0.994974 1
0.93759 0.0624097 1
4.60524e-06 0.999995 1
0.000231574 0.999768 1
0.000658401 0.999342 1
0.00133507 0.998665 1
0.00230159 0.997698 1
0.268131 0.731869 1
0.163673 0.836327 1
0.000145376 0.999855 1
1.47927e-05 0.999985 1
0.761481 0.238519 1
0.0927242 0.907276 1
0.00151723 0.998483 1
0.0575691 0.942431 1
0.555785 0.444215 1
0.0677738 0.932226 1
0.999478 0.00052237 1
0.00514918 0.994851 1
0.01841 0.98159 1
0.999993 7.24123e-06 1
0.00107027 0.99893 1
0.141313 0.858687 1
0.735528 0.264472 1
5.23171e-07 1.0 1
0.278047 0.721953 1
0.00011417 0.999886 1
1.25709e-06 0.999999 1
0.731474 0.268526 1
0.000830246 0.99917 1
4.62869e-07 1.0 1
0.704484 0.295516 1
0.00358398 0.996416 1
0.000815582 0.999184 1
0.00122889 0.998771 1
0.865404 0.134596 1
0.285842 0.714158 1
0.000847853 0.999152 1
0.200086 0.799914 1
1.17587e-05 0.999988 1
8.57559e-06 0.999991 1
0.00237693 0.997623 1
0.34456 0.65544 1
0.000106776 0.999893 1
0.341131 0.658869 1
1.0 7.51432e-10 1
0.457162 0.542838 1
0.798435 0.201565 1
0.0208812 0.979119 1
0.000211787 0.999788 1
0.822514 0.177486 1
0.00958576 0.990414 1
0.00425083 0.995749 1
0.00757129 0.992429 1
0.121435 0.878565 1
0.0161705 0.983829 1
9.95541e-08 1.0 1
0.000569733 0.99943 1
0.000891319 0.999109 1
0.00129817 0.998702 1
0.000821913 0.999178 1
1.29386e-05 0.999987 1
0.977042 0.0229577 1
6.25398e-05 0.999937 1
0.0967376 0.903262 1
0.99844 0.00155988 1
1.0 5.03854e-08 1
0.00210555 0.997894 1
0.0016585 0.998341 1
0.00711149 0.992889 1
0.973003 0.0269966 1
0.042061 0.957939 1
5.78911e-05 0.999942 1
0.969528 0.0304717 1
0.17911 0.82089 1
0.0325966 0.967403 1
6.76485e-08 1.0 1
2.55638e-07 1.0 1
2.78608e-06 0.999997 1
9.31767e-05 0.999907 1
0.0169409 0.983059 1
0.0469246 0.953075 1
0.555214 0.444786 1
7.99298e-05 0.99992 1
0.000997868 0.999002 1
0.854376 0.145624 1
0.0575697 0.94243 1
0.00125042 0.99875 1
0.00176679 0.998233 1
9.67505e-05 0.999903 1
1.03984e-07 1.0 1
0.010662 0.989338 1
2.38162e-06 0.999998 1
0.00763838 0.992362 1
0.938784 0.0612156 1
6.84438e-06 0.999993 1
0.293893 0.706107 1
7.89444e-05 0.999921 1
0.0280495 0.97195 1
0.078675 0.921325 1
0.000456265 0.999544 1
0.0211768 0.978823 1
1.26663e-06 0.999999 1
9.81049e-06 0.99999 1
0.149007 0.850993 1
0.0883517 0.911648 1
4.0589e-05 0.999959 1
0.095911 0.904089 1
0.527713 0.472287 1
6.68952e-05 0.999933 1
3.08479e-05 0.999969 1
0.968521 0.0314791 1
0.000553586 0.999446 1
0.00140876 0.998591 1
0.000377586 0.999622 1
0.624194 0.375806 1
0.925569 0.0744314 1
0.0608133 0.939187 1
4.16218e-06 0.999996 1
0.0526759 0.947324 1
0.000134538 0.999865 1
0.355699 0.644301 1
0.596623 0.403377 1
7.55753e-05 0.999924 1
0.999979 2.08096e-05 1
0.00957288 0.990427 1
0.120234 0.879766 1
0.139799 0.860201 1
6.98963e-06 0.999993 1
0.000163403 0.999837 1
2.59905e-05 0.999974 1
0.559205 0.440795 1
0.042255 0.957745 1
3.91193e-09 1.0 1
8.34538e-06 0.999992 1
0.0392619 0.960738 1
0.012997 0.987003 1
0.00192005 0.99808 1
0.000131561 0.999868 1
0.00138248 0.998618 1
0.000195351 0.999805 1
0.0226604 0.97734 1
0.304633 0.695367 1
2.65084e-05 0.999974 1
0.999996 3.96196e-06 1
0.151974 0.848026 1
0.00183874 0.998161 1
0.767832 0.232168 1
0.000138432 0.999862 1
0.000159014 0.999841 1
0.00116239 0.998838 1
0.999888 0.000112201 1
0.123906 0.876094 1
8.6402e-05 0.999914 1
0.0246138 0.975386 1
0.000216796 0.999783 1
0.00536403 0.994636 1
2.38566e-05 0.999976 1
4.45412e-13 1.0 1
1.82579e-05 0.999982 1
0.0167694 0.983231 1
1.66867e-06 0.999998 1
0.00115696 0.998843 1
0.21814 0.78186 1
0.000187298 0.999813 1
0.00372386 0.996276 1
1.61343e-07 1.0 1
4.86901e-06 0.999995 1
2.46338e-06 0.999997 1
1.46068e-05 0.999985 1
0.69548 0.30452 1
0.00344037 0.99656 1
0.0162025 0.983797 1
0.000540888 0.999459 1
0.999653 0.000347047 1
0.897524 0.102476 1
5.1093e-06 0.999995 1
0.950616 0.0493839 1
0.00541456 0.994585 1
0.0263669 0.973633 1
0.994618 0.0053822 1
0.00949865 0.990501 1
0.0500777 0.949922 1
0.987188 0.0128119 1
1.90435e-06 0.999998 1
1.67549e-06 0.999998 1
0.0388412 0.961159 1
0.136772 0.863228 1
0.000137029 0.999863 1
2.63908e-05 0.999974 1
0.88599 0.11401 1
0.00702551 0.992975 1
0.940413 0.0595871 1
0.0179134 0.982087 1
0.149386 0.850614 1
0.0145227 0.985477 1
0.0546364 0.945364 1
0.999999 5.7436e-07 1
0.909269 0.0907306 1
5.11911e-07 1.0 1
0.000366876 0.999633 1
0.00689509 0.993105 1
0.00188961 0.99811 1
0.000799279 0.999201 1
3.04099e-05 0.99997 1
0.00670297 0.993297 1
0.00278249 0.997218 1
1.57278e-05 0.999984 1
0.456985 0.543015 1
1.62409e-06 0.999998 1
0.00559316 0.994407 1
0.970098 0.0299021 1
0.387455 0.612545 1
0.0518812 0.948119 1
1.0 3.89024e-08 1
0.00208681 0.997913 1
0.000591397 0.999409 1
0.922651 0.0773493 1
0.000644354 0.999356 1
0.987202 0.0127984 1
