0.968603 0.0313968 0
0.999986 1.39879e-05 0
0.776108 0.223892 0
0.996705 0.00329524 0
0.502495 0.497505 0
0.999934 6.55739e-05 0
0.994213 0.00578724 0
0.994283 0.0057172 0
0.998629 0.0013711 0
0.999007 0.000992983 0
0.980926 0.0190743 0
0.990547 0.00945336 0
0.98848 0.0115197 0
0.0856236 0.914376 0
0.788519 0.211481 0
0.552185 0.447815 0
0.0665431 0.933457 0
0.965815 0.0341846 0
0.274971 0.725029 0
0.990685 0.00931473 0
0.606783 0.393217 0
0.619078 0.380922 0
0.999032 0.000968401 0
0.170522 0.829478 0
0.984764 0.0152364 0
0.99996 4.04004e-05 0
0.999954 4.60353e-05 0
0.995014 0.00498561 0
0.989261 0.0107392 0
0.9999 0.000100484 0
0.999981 1.93354e-05 0
0.845329 0.154671 0
0.999681 0.000319548 0
0.999995 5.29286e-06 0
0.011675 0.988325 0
0.997109 0.00289079 0
0.99999 1.01384e-05 0
0.81509 0.18491 0
0.999941 5.91746e-05 0
0.999031 0.000969109 0
0.999987 1.26213e-05 0
0.840885 0.159115 0
0.951124 0.0488761 0
0.986481 0.0135188 0
0.963544 0.0364565 0
1.0 1.12269e-07 0
0.976005 0.023995 0
0.992004 0.00799577 0
0.999997 3.26449e-06 0
0.989215 0.0107851 0
0.672206 0.327794 0
0.999935 6.5339e-05 0
0.994749 0.00525071 0
0.999888 0.000112238 0
0.971274 0.0287261 0
0.999982 1.74815e-05 0
0.999988 1.17403e-05 0
0.968479 0.0315206 0
0.998801 0.00119903 0
0.99375 0.00624954 0
0.086801 0.913199 0
0.996174 0.00382586 0
0.350173 0.649827 0
0.999558 0.000442399 0
0.132461 0.867539 0
0.999841 0.000159048 0
0.873665 0.126335 0
0.876954 0.123046 0
0.791649 0.208351 0
0.999962 3.75889e-05 0
0.996699 0.00330104 0
0.999515 0.00048533 0
0.999249 0.000751253 0
0.999947 5.30148e-05 0
0.354193 0.645807 0
0.991057 0.00894257 0
0.999999 1.07283e-06 0
0.999471 0.000529437 0
0.999999 1.24006e-06 0
0.998574 0.00142605 0
0.998812 0.00118758 0
0.996335 0.00366463 0
0.999989 1.13789e-05 0
0.789789 0.210211 0
0.96279 0.0372096 0
0.999866 0.000133579 0
0.829578 0.170422 0
0.999995 5.3918e-06 0
0.88795 0.11205 0
0.963454 0.0365464 0
0.988985 0.0110147 0
0.999727 0.000273028 0
0.99544 0.00456025 0
0.995403 0.00459692 0
0.999933 6.73111e-05 0
0.999869 0.000130951 0
0.999976 2.43195e-05 0
0.98048 0.0195196 0
0.999296 0.000704365 0
0.999907 9.32112e-05 0
0.948522 0.0514785 0
0.997159 0.0028405 0
0.999935 6.46204e-05 0
0.999519 0.000481071 0
1.0 1.56625e-07 0
0.22484 0.77516 0
0.817348 0.182652 0
0.305935 0.694065 0
1.0 6.73121e-08 0
0.999375 0.000625475 0
0.998991 0.00100917 0
0.999996 3.51694e-06 0
0.0907953 0.909205 0
0.999979 2.11457e-05 0
0.999992 7.50523e-06 0
0.999986 1.39673e-05 0
0.997745 0.00225507 0
0.159518 0.840482 0
0.778936 0.221064 0
0.529142 0.470858 0
0.757812 0.242188 0
0.989119 0.0108814 0
0.998834 0.00116591 0
0.999927 7.26313e-05 0
0.999995 4.54606e-06 0
0.997094 0.00290587 0
0.991098 0.00890209 0
0.999046 0.000954421 0
0.161207 0.838793 0
0.999978 2.2091e-05 0
0.31506 0.68494 0
0.589938 0.410062 0
0.998114 0.00188642 0
0.992579 0.00742064 0
0.999888 0.000112074 0
0.999999 8.53188e-07 0
0.139551 0.860449 0
1.0 4.45793e-08 0
0.999843 0.0001572 0
0.983177 0.016823 0
0.990596 0.00940437 0
0.992831 0.00716946 0
0.999797 0.000202608 0
0.999997 2.52294e-06 0
0.997196 0.00280362 0
0.999124 0.000876102 0
0.999578 0.000421865 0
0.937301 0.0626989 0
0.999552 0.000447855 0
0.733948 0.266052 0
0.890943 0.109057 0
0.842676 0.157324 0
0.999341 0.000659169 0
0.983694 0.0163063 0
0.672265 0.327735 0
0.860758 0.139242 0
0.967319 0.0326809 0
0.00952284 0.990477 0
0.00637827 0.993622 0
0.996267 0.00373298 0
0.991296 0.00870443 0
0.999564 0.00043571 0
0.999999 8.01342e-07 0
0.999993 6.877e-06 0
0.999857 0.000142783 0
0.975108 0.024892 0
0.650821 0.349179 0
0.999994 6.26811e-06 0
0.999579 0.000420585 0
0.999414 0.000585728 0
0.994501 0.00549947 0
0.878252 0.121748 0
0.0817425 0.918257 0
0.996508 0.00349243 0
0.999999 6.68924e-07 0
0.99978 0.000219662 0
0.0290638 0.970936 0
0.904195 0.095805 0
0.999933 6.70615e-05 0
0.997855 0.00214479 0
0.999984 1.56088e-05 0
0.997294 0.00270552 0
0.9995 0.000500178 0
0.0273306 0.972669 0
0.1312 0.8688 0
0.41707 0.58293 0
0.99999 1.02299e-05 0
0.0463028 0.953697 0
0.683424 0.316576 0
0.991195 0.00880529 0
0.999996 4.23125e-06 0
0.999161 0.000839026 0
0.915861 0.0841392 0
0.995252 0.00474848 0
0.999894 0.000106056 0
0.999997 3.02416e-06 0
0.999984 1.56816e-05 0
0.999985 1.45697e-05 0
0.999995 5.44857e-06 0
0.998671 0.00132949 0
0.990045 0.00995549 0
0.999969 3.1344e-05 0
0.225361 0.774639 0
0.999976 2.41412e-05 0
0.734712 0.265288 0
0.999995 5.51838e-06 0
0.999989 1.13005e-05 0
0.999998 2.20907e-06 0
0.989376 0.0106241 0
0.994972 0.00502844 0
0.700765 0.299235 0
0.212238 0.787762 0
0.999887 0.000113288 0
0.00195034 0.99805 0
0.999856 0.000144024 0
0.984649 0.0153515 0
0.885114 0.114886 0
0.999506 0.000493569 0
0.837215 0.162785 0
0.846848 0.153152 0
1.0 1.03398e-07 0
0.999986 1.44833e-05 0
1.0 4.77942e-07 0
0.923001 0.0769992 0
0.976452 0.0235484 0
0.997264 0.00273605 0
0.000843809 0.999156 0
0.999991 9.27829e-06 0
0.701862 0.298138 0
0.999627 0.000372646 0
0.535541 0.464459 0
0.993582 0.00641771 0
0.999988 1.23229e-05 0
1.0 2.16771e-07 0
0.996483 0.00351693 0
0.99751 0.00248962 0
1.0 8.02536e-10 0
0.938393 0.0616068 0
0.999997 2.55279e-06 0
0.998914 0.00108601 0
0.0508854 0.949115 0
0.999941 5.91385e-05 0
0.135593 0.864407 0
0.999293 0.00070684 0
0.998709 0.00129102 0
0.991488 0.00851156 0
0.999186 0.000813566 0
0.999953 4.68789e-05 0
0.414674 0.585326 0
0.223131 0.776869 0
0.986883 0.0131171 0
0.999999 1.43809e-06 0
0.997329 0.00267084 0
0.97027 0.0297295 0
0.653535 0.346464 0
0.991473 0.00852675 0
0.999983 1.73976e-05 0
0.995091 0.00490861 0
0.0203171 0.979683 0
0.999705 0.00029481 0
0.970428 0.0295723 0
0.4382 0.5618 0
0.999521 0.000479235 0
0.807614 0.192386 0
0.999989 1.0638e-05 0
0.999836 0.000163552 0
0.999965 3.5024e-05 0
0.999997 3.38589e-06 0
0.970187 0.0298131 0
0.999967 3.32918e-05 0
0.988421 0.0115792 0
0.174105 0.825895 0
0.998687 0.00131343 0
0.502595 0.497405 0
0.999568 0.000431537 0
0.99993 7.0185e-05 0
0.998084 0.00191601 0
0.999961 3.93064e-05 0
0.999678 0.000322041 0
0.360564 0.639436 0
0.898267 0.101733 0
0.989676 0.0103239 0
0.999995 4.96718e-06 0
0.999972 2.81412e-05 0
0.875801 0.124199 0
0.652354 0.347646 0
0.999995 5.05373e-06 0
0.999813 0.000186564 0
0.999996 3.75477e-06 0
0.985559 0.0144414 0
0.271842 0.728158 0
0.999971 2.94443e-05 0
0.0331737 0.966826 0
0.905303 0.0946969 0
0.979148 0.0208517 0
0.999999 1.34893e-06 0
0.999979 2.05592e-05 0
0.998703 0.00129703 0
0.999999 9.94341e-07 0
0.999891 0.000108666 0
0.15957 0.84043 0
0.998752 0.00124807 0
0.962666 0.0373343 0
0.999993 7.13323e-06 0
0.999965 3.45674e-05 0
0.999967 3.31941e-05 0
0.060943 0.939057 0
0.999612 0.000388256 0
1.0 5.68552e-08 0
0.999979 2.11323e-05 0
0.999712 0.000288343 0
0.60412 0.39588 0
0.999957 4.31062e-05 0
0.999993 6.67475e-06 0
0.922727 0.0772736 0
0.998061 0.00193894 0
0.944843 0.0551573 0
0.974856 0.0251436 0
0.99279 0.00720973 0
0.92404 0.0759594 0
0.995342 0.00465824 0
0.991272 0.00872773 0
0.987147 0.0128527 0
1.0 1.29018e-07 0
0.164197 0.835803 0
0.999749 0.00025048 0
0.935795 0.0642055 0
0.98314 0.0168596 0
0.999936 6.3941e-05 0
0.950565 0.0494354 0
0.99805 0.00194999 0
0.92319 0.07681 0
0.983106 0.0168937 0
0.999998 2.03073e-06 0
0.994415 0.00558511 0
0.999765 0.000234816 0
0.479212 0.520788 0
0.985499 0.0145008 0
0.148992 0.851008 0
0.994269 0.0057315 0
0.999656 0.000344057 0
0.992193 0.00780686 0
0.999998 1.54676e-06 0
1.0 6.95078e-09 0
0.997256 0.00274454 0
0.99925 0.000749762 0
0.999953 4.69852e-05 0
0.807697 0.192303 0
0.99971 0.000289614 0
0.999931 6.92686e-05 0
0.958143 0.0418568 0
0.210658 0.789342 0
0.994534 0.00546553 0
0.999739 0.000261534 0
0.999992 8.06494e-06 0
0.997413 0.00258677 0
0.999978 2.18183e-05 0
0.930586 0.0694137 0
0.999622 0.000377754 0
0.905206 0.0947938 0
0.974884 0.025116 0
0.999978 2.20395e-05 0
0.983808 0.0161917 0
0.999847 0.000153155 0
0.998625 0.00137518 0
0.0313623 0.968638 0
0.999985 1.49544e-05 0
0.999999 8.71299e-07 0
0.991582 0.0084177 0
0.998197 0.00180288 0
0.778355 0.221645 0
0.999984 1.6259e-05 0
0.999992 7.60355e-06 0
0.00818878 0.991811 0
0.995029 0.00497123 0
0.999836 0.000164094 0
0.99988 0.000119658 0
0.999748 0.000252194 0
0.928344 0.0716562 0
0.962182 0.0378181 0
0.990883 0.00911757 0
0.999989 1.11208e-05 0
0.999937 6.32131e-05 0
0.998628 0.0013721 0
0.999571 0.000429248 0
0.997185 0.00281498 0
0.973954 0.0260463 0
0.999826 0.000173682 0
0.00374119 0.996259 0
0.993868 0.00613177 0
0.00285602 0.997144 0
0.99913 0.000870339 0
0.567691 0.432309 0
1.0 6.29643e-08 0
0.999973 2.6927e-05 0
0.996508 0.00349189 0
0.999686 0.000313835 0
0.999928 7.20888e-05 0
0.999344 0.000655749 0
0.944537 0.0554633 0
0.530651 0.469349 0
0.725864 0.274136 0
0.999864 0.000135643 0
0.999981 1.92959e-05 0
0.998002 0.00199769 0
0.954461 0.0455389 0
0.999496 0.000504249 0
0.964441 0.0355591 0
0.946711 0.0532894 0
0.99999 9.76381e-06 0
0.999985 1.48914e-05 0
0.6762 0.3238 0
0.997746 0.00225434 0
0.524866 0.475134 0
0.988963 0.0110364 0
0.474681 0.525319 0
0.668667 0.331333 0
0.7375 0.2625 0
0.99824 0.00176005 0
0.98334 0.0166602 0
0.999837 0.000162965 0
0.985491 0.0145091 0
0.229706 0.770294 0
0.977367 0.0226333 0
0.875026 0.124974 0
0.944105 0.0558951 0
0.925578 0.074422 0
0.597987 0.402013 0
0.0241843 0.975816 0
0.999539 0.000460928 0
0.911542 0.0884578 0
0.911014 0.0889857 0
0.000254652 0.999745 0
0.998724 0.00127573 0
0.999356 0.000643638 0
0.884129 0.115871 0
0.984024 0.0159757 0
0.998055 0.00194549 0
0.985176 0.0148238 0
0.978393 0.0216065 0
0.999984 1.61706e-05 0
0.993405 0.00659516 0
0.618112 0.381888 0
0.982437 0.0175628 0
0.676941 0.323059 0
0.793446 0.206554 0
0.997491 0.00250951 0
0.997397 0.00260307 0
0.999954 4.60953e-05 0
0.993314 0.00668551 0
0.999735 0.000265445 0
0.99999 9.68829e-06 0
0.911783 0.0882173 0
0.9957 0.00429957 0
0.986707 0.0132934 0
0.999994 6.29632e-06 0
0.978503 0.0214974 0
0.999999 1.08574e-06 0
0.337768 0.662232 0
0.437029 0.562971 0
0.980099 0.0199006 0
0.998424 0.00157617 0
0.993336 0.00666377 0
0.216031 0.783969 0
1.0 1.08775e-07 0
1.0 1.78838e-07 0
0.492783 0.507217 0
0.999948 5.22109e-05 0
0.194327 0.805673 0
0.999968 3.19973e-05 0
0.993 0.0070001 0
0.879198 0.120802 0
0.991507 0.0084929 0
0.998595 0.00140546 0
0.996976 0.00302426 0
0.998951 0.0010485 0
0.302176 0.697824 0
0.999264 0.000736039 0
0.708718 0.291282 0
0.923403 0.0765974 0
0.999854 0.000146168 0
0.0734229 0.926577 0
0.999998 1.95359e-06 0
0.293587 0.706413 0
0.999735 0.000265019 0
0.333151 0.666849 0
0.992819 0.00718102 0
0.532082 0.467918 0
0.964122 0.0358781 0
0.97913 0.02087 0
0.930736 0.0692644 0
0.887956 0.112044 0
0.99089 0.00910984 0
0.999784 0.000216076 0
0.99903 0.00096999 0
0.373158 0.626842 0
0.999864 0.000136077 0
0.999866 0.00013392 0
0.994993 0.00500673 0
0.640928 0.359072 0
0.999838 0.00016177 0
0.990954 0.00904632 0
0.419659 0.580341 0
0.999998 1.89013e-06 0
0.999778 0.00022184 0
0.994882 0.00511853 0
0.999998 2.08145e-06 0
1.0 1.77039e-07 0
1.0 7.56258e-08 0
0.999739 0.000260677 0
0.999674 0.000325632 0
0.998061 0.00193924 0
0.999978 2.20271e-05 0
0.985477 0.0145233 0
0.99972 0.00027976 0
0.999893 0.000107426 0
0.308142 0.691858 0
0.733899 0.266101 0
0.999996 4.35471e-06 0
0.41132 0.58868 0
0.997242 0.00275762 0
0.794669 0.205331 0
0.995655 0.00434475 0
0.998764 0.00123616 0
0.649824 0.350176 0
0.99993 7.01954e-05 0
0.999907 9.34015e-05 0
0.992872 0.00712764 0
0.999016 0.000984316 0
0.99088 0.00911993 0
0.996381 0.00361944 0
0.923945 0.076055 0
0.870282 0.129718 0
0.999955 4.52121e-05 0
0.999996 3.78465e-06 0
0.15793 0.84207 0
0.999795 0.000205138 0
0.999992 8.33635e-06 0
1.0 4.90318e-07 0
0.168506 0.831494 0
0.520523 0.479477 0
0.64715 0.35285 0
0.961845 0.0381546 0
0.982771 0.0172285 0
0.944651 0.0553493 0
0.979277 0.0207227 0
0.984929 0.0150709 0
0.991785 0.00821484 0
0.339024 0.660976 0
0.97128 0.0287196 0
0.999984 1.62484e-05 0
0.997638 0.00236178 0
0.0179887 0.982011 0
0.201684 0.798316 0
0.936988 0.0630116 0
0.999969 3.15003e-05 0
0.999967 3.30046e-05 0
0.975012 0.0249881 0
0.999974 2.64338e-05 0
0.999954 4.59452e-05 0
0.997411 0.00258868 0
0.734845 0.265155 0
0.871413 0.128586 0
0.999892 0.000107605 0
0.997825 0.00217542 0
0.999982 1.80536e-05 0
0.0302172 0.969783 0
0.999996 4.22334e-06 0
0.999931 6.90587e-05 0
0.999993 6.61351e-06 0
0.976867 0.0231333 0
0.999993 7.44612e-06 0
0.467218 0.532782 0
0.121904 0.878096 0
0.966834 0.0331655 0
0.982674 0.0173261 0
0.999992 8.32244e-06 0
1.0 3.10681e-07 0
0.998331 0.00166875 0
0.986352 0.0136482 0
0.461446 0.538554 0
0.999862 0.000137671 0
0.999556 0.000444236 0
0.975173 0.0248267 0
0.999282 0.000718116 0
0.973267 0.026733 0
0.997477 0.0025225 0
0.820138 0.179862 0
0.999999 1.21587e-06 0
0.0074313 0.992569 0
0.912609 0.0873909 0
0.99545 0.00455028 0
1.0 2.19168e-10 0
0.999967 3.29798e-05 0
0.946397 0.0536027 0
0.999931 6.90944e-05 0
0.99999 9.96265e-06 0
0.358918 0.641082 0
0.30961 0.69039 0
0.996398 0.00360198 0
0.993601 0.00639879 0
0.998848 0.00115239 0
0.0132583 0.986742 0
0.160962 0.839038 0
0.999992 8.49891e-06 0
0.18976 0.81024 0
1.0 1.31595e-08 0
0.997911 0.00208899 0
1.0 3.33796e-07 0
0.999657 0.000343234 0
0.978129 0.0218706 0
0.999986 1.36963e-05 0
0.97191 0.0280903 0
0.227064 0.772936 0
0.998776 0.00122348 0
0.621989 0.378011 0
0.0977167 0.902283 0
0.999707 0.000293049 0
0.972434 0.0275665 0
0.720428 0.279572 0
0.998461 0.00153873 0
0.999951 4.91142e-05 0
0.576777 0.423223 0
0.940716 0.0592842 0
0.0032119 0.996788 0
0.989555 0.010445 0
0.992516 0.00748379 0
0.999993 7.32288e-06 0
0.182277 0.817723 0
1.0 1.79851e-08 0
0.996813 0.0031865 0
0.219149 0.780851 0
1.0 3.10253e-07 0
0.870727 0.129273 0
0.931134 0.0688659 0
0.357694 0.642306 0
0.999939 6.05245e-05 0
0.964886 0.0351144 0
0.22477 0.77523 0
0.999992 8.38237e-06 0
0.999102 0.000897649 0
0.916343 0.0836572 0
0.887968 0.112032 0
0.998897 0.0011031 0
0.999747 0.000252707 0
0.999772 0.000228094 0
0.998336 0.00166425 0
0.593342 0.406658 0
0.999914 8.6079e-05 0
0.999761 0.000239229 0
0.999971 2.88039e-05 0
0.926394 0.0736065 0
0.999756 0.000244482 0
0.999329 0.000671043 0
0.989781 0.0102193 0
0.996305 0.00369469 0
0.251556 0.748444 0
0.999995 5.22995e-06 0
0.9987 0.00129953 0
0.143464 0.856536 0
0.998676 0.00132399 0
0.999719 0.000280994 0
0.999998 2.38748e-06 0
0.999973 2.72971e-05 0
0.973435 0.0265649 0
0.468351 0.531649 0
0.027448 0.972552 0
0.999972 2.7605e-05 0
0.999467 0.000533008 0
0.999991 8.91985e-06 0
0.967807 0.0321926 0
0.999964 3.60632e-05 0
0.773522 0.226478 0
0.671411 0.328589 0
0.979235 0.0207648 0
0.999969 3.13358e-05 0
0.935085 0.0649145 0
0.99997 2.96733e-05 0
0.979758 0.0202419 0
0.273296 0.726704 0
0.560961 0.439039 0
0.687331 0.312669 0
0.999971 2.911e-05 0
0.575575 0.424425 0
0.999606 0.00039372 0
0.997569 0.00243124 0
0.999847 0.000152798 0
0.999992 7.83771e-06 0
0.998775 0.00122504 0
0.594207 0.405794 0
0.990998 0.00900247 0
0.811026 0.188974 0
0.999989 1.08785e-05 0
0.999887 0.00011303 0
0.995482 0.00451834 0
0.933614 0.0663863 0
0.999542 0.000458449 0
0.991912 0.00808808 0
0.999143 0.000856498 0
0.997889 0.0021108 0
0.339984 0.660016 0
0.999999 5.46392e-07 0
0.971813 0.0281867 0
0.999935 6.52022e-05 0
0.998716 0.0012836 0
0.891909 0.108091 0
0.999397 0.000603178 0
0.999811 0.000189303 0
0.996032 0.00396793 0
0.999643 0.000357285 0
0.920857 0.0791432 0
0.999991 9.22387e-06 0
0.841121 0.158878 0
0.999998 1.83335e-06 0
0.95917 0.0408303 0
0.993692 0.00630813 0
0.692636 0.307364 0
0.978291 0.021709 0
0.999999 8.03311e-07 0
0.998835 0.00116546 0
0.741185 0.258815 0
0.999996 4.42236e-06 0
1.0 1.7988e-07 0
0.76477 0.23523 0
0.342322 0.657678 0
0.999928 7.21802e-05 0
0.999984 1.64954e-05 0
0.102083 0.897917 0
0.999992 8.13192e-06 0
0.15533 0.844671 0
0.999995 4.81703e-06 0
0.978971 0.0210294 0
0.99999 9.50693e-06 0
1.0 3.94898e-07 0
0.999997 3.11316e-06 0
0.906433 0.0935668 0
0.508415 0.491585 0
0.974015 0.0259852 0
0.999991 9.13098e-06 0
0.997198 0.00280206 0
0.996679 0.00332114 0
0.521248 0.478752 0
0.942341 0.0576586 0
0.902703 0.0972973 0
0.802085 0.197915 0
0.44058 0.55942 0
0.984838 0.0151619 0
0.995333 0.00466717 0
0.999897 0.000103295 0
0.631915 0.368085 0
0.999971 2.94715e-05 0
0.99551 0.00448993 0
0.654955 0.345045 0
0.252661 0.747339 0
0.999972 2.75834e-05 0
0.998446 0.00155362 0
0.981929 0.0180713 0
0.999998 1.60655e-06 0
0.942941 0.0570594 0
0.999842 0.000158365 0
0.910702 0.0892984 0
0.994896 0.00510438 0
0.999998 1.83968e-06 0
0.999999 9.92661e-07 0
0.900906 0.0990945 0
0.545222 0.454778 0
0.999978 2.19573e-05 0
0.999856 0.000143758 0
0.897703 0.102297 0
0.999648 0.000351528 0
0.339466 0.660534 0
0.985047 0.0149535 0
0.959882 0.0401184 0
0.997967 0.0020332 0
0.953786 0.0462144 0
0.991254 0.00874646 0
0.998754 0.00124559 0
0.99999 1.01661e-05 0
0.999991 8.99082e-06 0
0.0420413 0.957959 0
0.990071 0.00992902 0
0.999535 0.000464649 0
0.999443 0.000556644 0
0.998128 0.00187159 0
0.999962 3.7623e-05 0
0.992507 0.00749312 0
0.701064 0.298936 0
0.999986 1.42869e-05 0
0.372445 0.627555 0
1.0 1.3277e-07 0
0.833805 0.166195 0
0.995671 0.00432915 0
0.829913 0.170087 0
1.0 4.62439e-07 0
0.998242 0.0017577 0
0.94144 0.0585605 0
0.999964 3.54973e-05 0
0.825323 0.174677 0
0.573199 0.426801 0
0.999957 4.27172e-05 0
0.880663 0.119337 0
0.999272 0.00072758 0
0.999956 4.40013e-05 0
0.766069 0.233931 0
0.999995 4.48576e-06 0
0.994742 0.00525822 0
0.987773 0.0122267 0
0.832706 0.167294 0
0.998226 0.00177374 0
1.0 1.41442e-07 0
0.999997 3.16873e-06 0
0.996333 0.00366725 0
0.998946 0.0010538 0
0.997214 0.0027858 0
0.991482 0.00851753 0
0.454514 0.545486 0
0.995668 0.00433221 0
0.976127 0.0238726 0
0.999879 0.000121201 0
0.999998 1.5549e-06 0
0.999951 4.86841e-05 0
0.99733 0.00267041 0
0.755065 0.244935 0
0.0917498 0.90825 0
0.999894 0.000105761 0
0.873414 0.126586 0
0.447347 0.552653 0
0.992598 0.00740179 0
0.998571 0.00142904 0
0.995969 0.00403109 0
0.99975 0.000249926 0
0.997157 0.0028434 0
0.999986 1.39962e-05 0
0.961307 0.0386934 0
0.99799 0.00201007 0
0.999112 0.000887796 0
0.999999 6.09373e-07 0
0.999997 2.71971e-06 0
0.989348 0.0106521 0
0.98046 0.0195399 0
0.999808 0.000192441 0
0.99923 0.000770063 0
0.999973 2.74583e-05 0
0.998986 0.00101378 0
0.998915 0.00108517 0
1.0 4.80513e-07 0
0.940065 0.0599354 0
0.789155 0.210845 0
0.904191 0.0958086 0
0.962827 0.0371729 0
0.998675 0.00132477 0
0.437691 0.562309 0
0.999617 0.000382656 0
0.959977 0.0400227 0
0.999134 0.000866444 0
0.999996 4.44263e-06 0
0.999994 5.98268e-06 0
0.966659 0.0333409 0
0.999637 0.000362761 0
0.998224 0.00177578 0
0.999922 7.80959e-05 0
0.99989 0.000109849 0
0.999998 1.56814e-06 0
0.995364 0.00463571 0
0.995985 0.00401452 0
0.995519 0.00448114 0
0.952605 0.0473946 0
1.0 3.57843e-09 0
0.202828 0.797172 0
0.992164 0.00783644 0
0.997827 0.00217334 0
0.99935 0.000649892 0
0.999452 0.000548459 0
0.66335 0.33665 0
0.767232 0.232768 0
0.976949 0.0230512 0
0.900673 0.099327 0
1.0 4.72087e-07 0
0.757875 0.242125 0
0.990592 0.00940823 0
0.999979 2.1195e-05 0
0.850049 0.149951 0
0.975163 0.0248369 0
0.882465 0.117535 0
0.104317 0.895683 0
0.999793 0.000207116 0
0.999321 0.000679368 0
0.999601 0.000398778 0
0.994612 0.00538854 0
0.818555 0.181445 0
0.999975 2.47638e-05 0
0.99997 3.01299e-05 0
0.996586 0.00341406 0
0.620339 0.379661 0
0.997861 0.00213909 0
0.927786 0.0722144 0
0.999851 0.000148694 0
0.999958 4.232e-05 0
0.908405 0.0915951 0
0.207357 0.792643 0
0.999886 0.000114076 0
0.673636 0.326364 0
0.728712 0.271288 0
0.944238 0.0557624 0
0.999991 8.77791e-06 0
0.999422 0.000577754 0
0.965253 0.0347466 0
0.999994 5.79847e-06 0
0.999994 5.76693e-06 0
0.999971 2.86576e-05 0
0.999763 0.000237145 0
0.999255 0.000744967 0
1.0 2.33661e-07 0
0.972724 0.0272763 0
0.999835 0.000165206 0
1.0 4.55753e-08 0
0.999846 0.000154142 0
0.998552 0.00144787 0
0.999847 0.000152652 0
0.946954 0.0530456 0
0.999976 2.4235e-05 0
0.999924 7.59158e-05 0
0.704872 0.295128 0
0.99749 0.00251047 0
0.999586 0.000414075 0
0.984224 0.0157758 0
0.996034 0.00396584 0
0.998398 0.00160175 0
0.999996 4.36506e-06 0
0.999993 6.7378e-06 0
0.880062 0.119938 0
0.980636 0.0193642 0
0.920098 0.0799019 0
0.999925 7.52478e-05 0
0.999983 1.68907e-05 0
0.999869 0.000130598 0
0.999939 6.08278e-05 0
0.945496 0.0545037 0
0.883298 0.116702 0
0.870052 0.129948 0
0.999999 8.07818e-07 0
0.999979 2.09955e-05 0
0.999996 3.99526e-06 0
0.57608 0.42392 0
0.999797 0.000202636 0
0.768582 0.231418 0
1.0 1.29172e-07 0
0.96459 0.0354097 0
0.999999 6.61925e-07 0
0.998954 0.00104602 0
0.999971 2.86013e-05 0
0.295061 0.704939 0
0.979985 0.0200155 0
1.0 4.95564e-07 0
0.990973 0.00902731 0
0.999963 3.71661e-05 0
0.997289 0.00271145 0
0.998014 0.00198637 0
0.999999 8.02509e-07 0
0.951312 0.0486878 0
0.993743 0.00625684 0
1.0 3.7506e-07 0
0.999968 3.16744e-05 0
0.595529 0.404471 0
0.996871 0.00312896 0
0.856393 0.143607 0
0.906759 0.0932409 0
0.758962 0.241038 0
0.998959 0.00104116 0
0.69623 0.30377 0
0.00476237 0.995238 0
0.49155 0.50845 0
0.997853 0.00214652 0
0.797147 0.202853 0
0.296566 0.703434 0
0.797432 0.202567 0
0.667836 0.332164 0
1.0 4.72825e-07 0
0.996406 0.00359352 0
0.99996 4.02151e-05 0
0.999994 5.97918e-06 0
0.00294186 0.997058 0
0.572735 0.427265 0
0.763904 0.236096 0
0.967974 0.032026 0
0.999506 0.000494228 0
0.999193 0.000806487 0
0.999753 0.000246923 0
0.999999 7.83972e-07 0
0.605017 0.394983 0
0.998985 0.00101505 0
0.642469 0.357531 0
0.0809147 0.919085 0
0.99922 0.000780186 0
0.950712 0.049288 0
0.903614 0.0963857 0
0.998542 0.00145767 0
0.437497 0.562503 0
0.999832 0.000168267 0
0.737936 0.262064 0
0.00426197 0.995738 1
0.432864 0.567136 1
0.625727 0.374273 1
0.0164229 0.983577 1
0.111031 0.888969 1
0.0322972 0.967703 1
0.196334 0.803666 1
0.000374576 0.999625 1
0.481321 0.518679 1
0.0119226 0.988077 1
0.166226 0.833774 1
0.647064 0.352936 1
0.00493387 0.995066 1
0.188649 0.811351 1
0.00269921 0.997301 1
0.0315391 0.968461 1
0.103876 0.896124 1
0.0112315 0.988768 1
0.99139 0.00861033 1
0.7168 0.2832 1
0.10015 0.89985 1
0.00706658 0.992933 1
0.0218482 0.978152 1
0.32611 0.67389 1
0.00170428 0.998296 1
0.271992 0.728008 1
0.0450302 0.95497 1
0.00239048 0.997609 1
0.224835 0.775165 1
0.00606715 0.993933 1
0.0207922 0.979208 1
0.561514 0.438486 1
0.800481 0.199519 1
0.00406643 0.995934 1
0.325543 0.674457 1
0.132459 0.867541 1
0.0140308 0.985969 1
0.0128251 0.987175 1
0.00143904 0.998561 1
0.0010573 0.998943 1
0.00130075 0.998699 1
0.112322 0.887678 1
0.227614 0.772386 1
0.479021 0.520979 1
0.0186462 0.981354 1
0.102606 0.897394 1
0.00887083 0.991129 1
0.437223 0.562777 1
0.159789 0.840211 1
0.998388 0.00161212 1
0.000309043 0.999691 1
0.0310532 0.968947 1
0.137691 0.862309 1
0.000114457 0.999886 1
0.663061 0.336939 1
0.343479 0.656521 1
0.0052637 0.994736 1
0.00732088 0.992679 1
0.165789 0.834211 1
0.0576564 0.942344 1
0.123474 0.876526 1
0.737718 0.262282 1
0.000469231 0.999531 1
0.0866929 0.913307 1
0.0109547 0.989045 1
0.519295 0.480705 1
0.0101649 0.989835 1
0.0891056 0.910894 1
0.164854 0.835146 1
0.0387833 0.961217 1
0.00454857 0.995451 1
0.113895 0.886105 1
0.150586 0.849414 1
0.0397854 0.960215 1
0.842963 0.157037 1
0.0468069 0.953193 1
0.0348103 0.96519 1
0.213524 0.786476 1
0.00041719 0.999583 1
0.0660419 0.933958 1
0.00523578 0.994764 1
0.0311958 0.968804 1
0.918285 0.0817153 1
5.80824e-05 0.999942 1
0.548273 0.451727 1
0.247048 0.752952 1
0.0011059 0.998894 1
0.0234178 0.976582 1
0.138185 0.861815 1
0.0308495 0.96915 1
0.0519532 0.948047 1
0.00203865 0.997961 1
0.848069 0.15193 1
0.00680323 0.993197 1
0.0011027 0.998897 1
0.336399 0.663601 1
0.00213718 0.997863 1
0.875985 0.124015 1
0.0649129 0.935087 1
0.125882 0.874118 1
0.000295599 0.999704 1
0.00501122 0.994989 1
0.626809 0.373191 1
0.0168527 0.983147 1
0.0187574 0.981243 1
0.798372 0.201628 1
0.0127484 0.987252 1
0.0111611 0.988839 1
0.0117463 0.988254 1
0.00945255 0.990547 1
0.00443547 0.995565 1
0.243131 0.756869 1
0.183204 0.816796 1
0.0120242 0.987976 1
0.777403 0.222597 1
0.00831516 0.991685 1
0.00965501 0.990345 1
0.00309189 0.996908 1
0.00359967 0.9964 1
0.00593784 0.994062 1
0.856787 0.143213 1
0.782161 0.217839 1
0.323029 0.676971 1
0.912802 0.0871975 1
0.00488109 0.995119 1
0.488783 0.511217 1
0.962671 0.0373295 1
0.00285561 0.997144 1
0.000198978 0.999801 1
0.0596485 0.940352 1
0.00225723 0.997743 1
0.0144125 0.985587 1
0.0178266 0.982173 1
0.00228934 0.997711 1
0.165392 0.834608 1
0.00929035 0.99071 1
0.00966927 0.990331 1
0.00204462 0.997955 1
0.00169525 0.998305 1
0.0137838 0.986216 1
0.000136606 0.999863 1
0.969046 0.0309541 1
0.684773 0.315227 1
0.715265 0.284735 1
0.152927 0.847073 1
0.0144011 0.985599 1
0.0360882 0.963912 1
9.53889e-05 0.999905 1
0.000944227 0.999056 1
0.61393 0.38607 1
0.00105351 0.998946 1
0.000495062 0.999505 1
0.0294098 0.97059 1
0.00393471 0.996065 1
0.997212 0.00278795 1
0.062949 0.937051 1
0.0133014 0.986699 1
0.0200635 0.979936 1
0.411939 0.588061 1
0.0131217 0.986878 1
0.328606 0.671394 1
0.0765069 0.923493 1
0.0010644 0.998936 1
0.00146258 0.998537 1
0.116558 0.883442 1
0.22344 0.77656 1
0.970479 0.0295209 1
0.99831 0.00169002 1
0.0207247 0.979275 1
0.0491769 0.950823 1
0.00054164 0.999458 1
0.00755376 0.992446 1
0.980099 0.0199014 1
0.0403105 0.959689 1
0.34739 0.65261 1
0.107061 0.892938 1
0.135969 0.864031 1
0.949846 0.0501538 1
0.000220925 0.999779 1
0.0805094 0.919491 1
0.0255764 0.974424 1
0.335394 0.664606 1
0.0269529 0.973047 1
0.000155364 0.999845 1
0.756422 0.243578 1
0.111386 0.888614 1
0.826955 0.173045 1
0.504505 0.495495 1
0.0301065 0.969894 1
0.430374 0.569626 1
0.00157386 0.998426 1
0.409417 0.590583 1
0.910883 0.0891175 1
0.0941706 0.905829 1
0.768333 0.231667 1
0.996003 0.00399735 1
0.312357 0.687643 1
0.0273152 0.972685 1
0.00990528 0.990095 1
0.494856 0.505144 1
0.0190371 0.980963 1
0.0595189 0.940481 1
0.000364224 0.999636 1
0.13763 0.86237 1
0.748594 0.251406 1
0.0234449 0.976555 1
0.000321625 0.999678 1
0.35457 0.64543 1
0.00882063 0.991179 1
0.00511579 0.994884 1
0.0156942 0.984306 1
0.000371827 0.999628 1
0.335049 0.664951 1
0.000768575 0.999231 1
0.919511 0.0804891 1
0.0121866 0.987813 1
0.926954 0.0730463 1
0.0116812 0.988319 1
0.0030327 0.996967 1
0.000300255 0.9997 1
0.0778361 0.922164 1
0.00933858 0.990661 1
0.000424991 0.999575 1
0.229326 0.770674 1
0.000701185 0.999299 1
0.0422361 0.957764 1
0.00394835 0.996052 1
0.839427 0.160573 1
0.227855 0.772145 1
0.945336 0.054664 1
0.0452953 0.954705 1
0.0697829 0.930217 1
0.0368928 0.963107 1
0.029575 0.970425 1
0.0352466 0.964753 1
0.0182331 0.981767 1
0.609964 0.390036 1
0.166573 0.833427 1
0.149521 0.850479 1
0.00267288 0.997327 1
0.0225084 0.977492 1
0.999552 0.000448014 1
0.202403 0.797597 1
0.0160822 0.983918 1
0.327976 0.672024 1
8.75923e-06 0.999991 1
0.66689 0.33311 1
0.000388211 0.999612 1
0.00603689 0.993963 1
0.000127782 0.999872 1
0.00118191 0.998818 1
0.00756142 0.992439 1
0.666699 0.333301 1
0.0230511 0.976949 1
0.99042 0.00958044 1
0.111156 0.888844 1
0.0036748 0.996325 1
0.0126044 0.987396 1
0.0022723 0.997728 1
0.999958 4.23458e-05 1
0.00272142 0.997279 1
0.192635 0.807365 1
0.521177 0.478823 1
0.0560353 0.943965 1
0.0377475 0.962252 1
0.00918119 0.990819 1
0.000602132 0.999398 1
0.000160378 0.99984 1
0.57626 0.42374 1
0.00195084 0.998049 1
0.176514 0.823486 1
0.992906 0.00709364 1
0.981629 0.0183711 1
0.262354 0.737646 1
0.0108997 0.9891 1
0.0025984 0.997402 1
0.000684389 0.999316 1
0.0113826 0.988617 1
0.0011337 0.998866 1
0.000191459 0.999809 1
0.00191067 0.998089 1
0.0046054 0.995395 1
0.999547 0.0004532 1
0.036487 0.963513 1
0.182553 0.817447 1
0.000925699 0.999074 1
0.00399813 0.996002 1
0.325869 0.674131 1
0.00171955 0.998281 1
0.108831 0.891169 1
0.0306661 0.969334 1
9.90479e-05 0.999901 1
0.365165 0.634835 1
0.00028114 0.999719 1
0.025152 0.974848 1
0.0156564 0.984344 1
3.21477e-05 0.999968 1
0.169977 0.830023 1
0.0738438 0.926156 1
0.521436 0.478564 1
0.00187635 0.998124 1
0.406976 0.593024 1
0.00877819 0.991222 1
0.00521514 0.994785 1
0.136117 0.863883 1
0.00963561 0.990364 1
0.22463 0.77537 1
0.0349282 0.965072 1
0.129511 0.870489 1
0.0335568 0.966443 1
0.0020346 0.997965 1
0.943772 0.0562283 1
0.173958 0.826042 1
0.00145197 0.998548 1
0.700007 0.299993 1
0.2756 0.7244 1
0.557185 0.442815 1
0.00560078 0.994399 1
0.98543 0.0145696 1
0.0921582 0.907842 1
0.742034 0.257966 1
0.00650536 0.993495 1
0.0643225 0.935677 1
0.00380038 0.9962 1
0.091177 0.908823 1
0.0363441 0.963656 1
0.212606 0.787394 1
0.00508903 0.994911 1
0.00029872 0.999701 1
0.000853076 0.999147 1
0.0567552 0.943245 1
0.00125228 0.998748 1
0.00716107 0.992839 1
0.904702 0.0952982 1
0.584996 0.415004 1
0.291756 0.708244 1
0.0753461 0.924654 1
0.249193 0.750807 1
0.000923327 0.999077 1
0.35423 0.64577 1
0.464951 0.535049 1
0.00416469 0.995835 1
0.154222 0.845778 1
0.0540254 0.945975 1
0.173938 0.826061 1
0.0949588 0.905041 1
0.00157137 0.998429 1
0.0622808 0.937719 1
0.0420192 0.957981 1
0.0130538 0.986946 1
0.0160468 0.983953 1
0.252236 0.747764 1
0.256065 0.743935 1
0.620556 0.379444 1
0.598084 0.401916 1
0.0110899 0.98891 1
0.00288531 0.997115 1
0.888857 0.111143 1
0.000528811 0.999471 1
0.00316097 0.996839 1
0.994449 0.0055514 1
0.0199114 0.980089 1
0.9935 0.00649973 1
0.0140625 0.985938 1
0.00147673 0.998523 1
0.452615 0.547385 1
0.245496 0.754504 1
0.994317 0.0056826 1
0.494958 0.505042 1
0.109432 0.890568 1
0.745312 0.254688 1
0.000587175 0.999413 1
0.303396 0.696604 1
0.98434 0.0156598 1
0.00753859 0.992461 1
0.999214 0.000786365 1
0.496463 0.503537 1
0.987351 0.0126494 1
0.880809 0.119191 1
0.00354551 0.996454 1
0.165721 0.834279 1
0.00140893 0.998591 1
0.00202549 0.997974 1
0.0474277 0.952572 1
0.0062042 0.993796 1
0.0135134 0.986487 1
0.0847137 0.915286 1
0.945588 0.0544125 1
0.986255 0.0137447 1
0.00014546 0.999855 1
0.213935 0.786065 1
0.999978 2.21056e-05 1
0.0275319 0.972468 1
0.000171842 0.999828 1
0.0134477 0.986552 1
0.912093 0.0879072 1
7.7417e-05 0.999923 1
0.0224322 0.977568 1
0.791079 0.208921 1
0.330718 0.669282 1
0.373771 0.626229 1
0.00479735 0.995203 1
0.00131645 0.998684 1
0.00770035 0.9923 1
0.0645738 0.935426 1
0.936554 0.0634458 1
0.00164052 0.99836 1
0.763309 0.236691 1
0.0105501 0.98945 1
0.332585 0.667415 1
0.284367 0.715633 1
0.418666 0.581334 1
0.847607 0.152392 1
0.0488199 0.95118 1
0.595535 0.404465 1
0.923544 0.0764563 1
0.00349293 0.996507 1
0.00347024 0.99653 1
0.00820109 0.991799 1
0.00190291 0.998097 1
0.129576 0.870424 1
0.0307271 0.969273 1
0.997 0.0029997 1
0.00189154 0.998109 1
0.0211187 0.978881 1
0.000193022 0.999807 1
0.110827 0.889173 1
0.0449423 0.955058 1
0.067779 0.932221 1
0.682821 0.317179 1
0.00193657 0.998063 1
0.000313278 0.999687 1
0.440694 0.559306 1
0.00118911 0.998811 1
0.000747569 0.999252 1
0.728483 0.271516 1
0.500667 0.499333 1
0.315388 0.684612 1
0.00109354 0.998906 1
0.000284824 0.999715 1
0.972502 0.0274983 1
0.00390909 0.996091 1
0.00756932 0.992431 1
0.198445 0.801555 1
0.16995 0.83005 1
0.987702 0.0122982 1
0.0477759 0.952224 1
0.729009 0.270991 1
0.00017986 0.99982 1
0.000404713 0.999595 1
0.0101483 0.989852 1
0.706156 0.293844 1
0.0259519 0.974048 1
0.000724281 0.999276 1
0.0548335 0.945167 1
0.108246 0.891754 1
0.00943032 0.99057 1
0.89058 0.10942 1
0.143036 0.856964 1
0.0101472 0.989853 1
0.0505548 0.949445 1
0.0108049 0.989195 1
0.00698973 0.99301 1
0.381989 0.618011 1
0.557019 0.442981 1
0.00407959 0.99592 1
0.063759 0.936241 1
0.00500858 0.994991 1
0.61861 0.38139 1
0.000231729 0.999768 1
0.123069 0.876931 1
0.080365 0.919635 1
0.00432007 0.99568 1
0.152598 0.847402 1
0.00219924 0.997801 1
0.258633 0.741367 1
0.000685637 0.999314 1
0.0093033 0.990697 1
0.00404129 0.995959 1
0.10867 0.89133 1
0.006135 0.993865 1
0.321371 0.678629 1
0.128943 0.871057 1
0.979543 0.020457 1
0.191124 0.808876 1
0.00127672 0.998723 1
0.0103309 0.989669 1
0.0159743 0.984026 1
0.529421 0.470579 1
0.0581521 0.941848 1
3.63652e-05 0.999964 1
2.57959e-05 0.999974 1
0.342613 0.657387 1
0.637773 0.362227 1
0.00946269 0.990537 1
0.101408 0.898592 1
0.970835 0.0291649 1
0.999982 1.77697e-05 1
0.929383 0.0706175 1
0.0696858 0.930314 1
0.0110393 0.988961 1
0.0171137 0.982886 1
0.0142981 0.985702 1
0.00225574 0.997744 1
0.00126079 0.998739 1
0.79039 0.20961 1
0.0246412 0.975359 1
0.151721 0.848279 1
0.00292297 0.997077 1
0.00118089 0.998819 1
0.667323 0.332677 1
0.168973 0.831027 1
0.0522721 0.947728 1
0.102865 0.897135 1
0.0860684 0.913932 1
0.201719 0.798281 1
0.00211791 0.997882 1
0.000526457 0.999474 1
0.000861657 0.999138 1
0.656206 0.343794 1
0.133711 0.866289 1
0.674451 0.325549 1
0.958545 0.0414549 1
0.0172654 0.982735 1
0.00153271 0.998467 1
0.0676368 0.932363 1
0.133815 0.866185 1
0.283608 0.716392 1
0.000886406 0.999114 1
0.403999 0.596001 1
0.792779 0.207221 1
0.0018662 0.998134 1
0.00906526 0.990935 1
0.134798 0.865202 1
0.0048602 0.99514 1
0.578602 0.421398 1
0.843724 0.156276 1
0.00622051 0.993779 1
0.0672885 0.932711 1
0.0652918 0.934708 1
0.0133244 0.986676 1
0.907857 0.0921427 1
0.713917 0.286082 1
0.0101155 0.989884 1
0.017515 0.982485 1
0.0256272 0.974373 1
0.360158 0.639842 1
0.0131709 0.986829 1
0.00480805 0.995192 1
0.119338 0.880662 1
0.00248811 0.997512 1
0.456509 0.543491 1
0.00419414 0.995806 1
0.0180825 0.981918 1
0.000294996 0.999705 1
0.178686 0.821314 1
0.0295252 0.970475 1
0.187683 0.812317 1
0.000179532 0.999821 1
0.176918 0.823082 1
0.000421673 0.999578 1
0.105693 0.894307 1
0.00845673 0.991543 1
0.000751827 0.999248 1
0.111496 0.888504 1
0.0205211 0.979479 1
0.0190004 0.981 1
0.000488117 0.999512 1
0.0176409 0.982359 1
0.0749111 0.925089 1
0.922186 0.0778139 1
0.645939 0.354061 1
0.0278937 0.972106 1
0.0334341 0.966566 1
0.0688114 0.931189 1
0.0598272 0.940173 1
0.0504883 0.949512 1
0.00210697 0.997893 1
0.00212354 0.997877 1
0.241714 0.758286 1
0.000989768 0.99901 1
0.0286659 0.971334 1
0.246458 0.753542 1
0.0831745 0.916825 1
0.000877679 0.999122 1
0.0121263 0.987874 1
0.990372 0.00962838 1
0.0750498 0.92495 1
0.0317747 0.968225 1
0.00175243 0.998248 1
0.0102418 0.989758 1
0.125693 0.874307 1
0.120482 0.879518 1
0.937621 0.0623793 1
0.526286 0.473714 1
0.0620091 0.937991 1
0.959541 0.0404588 1
0.00863156 0.991368 1
0.00181497 0.998185 1
0.12613 0.87387 1
0.0130071 0.986993 1
0.185078 0.814922 1
0.0765554 0.923445 1
0.367454 0.632546 1
0.814895 0.185105 1
0.0125366 0.987463 1
0.00659648 0.993403 1
0.779904 0.220096 1
0.108609 0.891391 1
0.345122 0.654878 1
0.00103662 0.998963 1
0.0132453 0.986755 1
0.000618795 0.999381 1
0.019462 0.980538 1
0.00958959 0.99041 1
0.00158579 0.998414 1
0.0032161 0.996784 1
0.613948 0.386052 1
0.0235468 0.976453 1
0.180052 0.819948 1
0.854303 0.145697 1
0.542236 0.457764 1
0.0907715 0.909229 1
0.956232 0.0437677 1
0.0637922 0.936208 1
0.000670304 0.99933 1
0.000235152 0.999765 1
0.834828 0.165172 1
0.117795 0.882205 1
0.00392047 0.99608 1
0.00539343 0.994607 1
0.318247 0.681753 1
0.316562 0.683438 1
0.630018 0.369982 1
0.004581 0.995419 1
0.0280139 0.971986 1
0.000347332 0.999653 1
0.0085178 0.991482 1
0.255453 0.744547 1
0.0220308 0.977969 1
0.554537 0.445463 1
0.000437454 0.999563 1
0.290192 0.709808 1
0.83283 0.16717 1
0.0143652 0.985635 1
0.000177439 0.999823 1
0.03794 0.96206 1
0.000292117 0.999708 1
0.000231099 0.999769 1
0.985972 0.0140279 1
0.0246295 0.975371 1
0.000525372 0.999475 1
0.086978 0.913022 1
0.000160797 0.999839 1
0.00267975 0.99732 1
0.102615 0.897385 1
0.0108271 0.989173 1
0.0230131 0.976987 1
0.202043 0.797957 1
0.0563573 0.943643 1
0.00252712 0.997473 1
0.0905041 0.909496 1
0.00974605 0.990254 1
0.869643 0.130357 1
0.000593676 0.999406 1
0.00935719 0.990643 1
0.00692614 0.993074 1
0.0111838 0.988816 1
0.0551611 0.944839 1
0.254469 0.745531 1
0.0438238 0.956176 1
0.000609094 0.999391 1
9.18152e-05 0.999908 1
0.0437786 0.956221 1
0.0657122 0.934288 1
0.00862074 0.991379 1
0.0174945 0.982505 1
0.0298946 0.970105 1
0.329476 0.670524 1
0.0816191 0.918381 1
0.00111248 0.998887 1
0.88486 0.11514 1
0.330032 0.669968 1
0.125042 0.874958 1
0.00167037 0.99833 1
0.362173 0.637827 1
0.0270824 0.972918 1
0.0199253 0.980075 1
0.997297 0.00270349 1
0.0641613 0.935839 1
0.00537507 0.994625 1
0.000637624 0.999362 1
0.0478175 0.952183 1
0.0269268 0.973073 1
0.0220847 0.977915 1
0.011603 0.988397 1
0.478888 0.521112 1
0.00341987 0.99658 1
0.997571 0.00242861 1
0.00123766 0.998762 1
0.0111067 0.988893 1
0.000668469 0.999332 1
0.46533 0.53467 1
0.0352429 0.964757 1
0.00135749 0.998643 1
0.000309986 0.99969 1
0.00376661 0.996233 1
0.319869 0.680131 1
0.903347 0.0966531 1
0.166274 0.833726 1
0.129354 0.870646 1
0.0140909 0.985909 1
0.0505927 0.949407 1
0.000780291 0.99922 1
0.0145402 0.98546 1
0.114667 0.885333 1
0.78079 0.21921 1
0.221626 0.778374 1
0.0476505 0.952349 1
0.00459447 0.995406 1
0.00215406 0.997846 1
0.702741 0.297259 1
0.676622 0.323378 1
0.00239222 0.997608 1
0.0229636 0.977036 1
0.0711763 0.928824 1
1.5134e-06 0.999998 1
0.00625315 0.993747 1
0.000720735 0.999279 1
0.0569437 0.943056 1
0.0580205 0.941979 1
0.000979888 0.99902 1
0.0178976 0.982102 1
0.184209 0.815791 1
0.0920087 0.907991 1
0.0959889 0.904011 1
0.136825 0.863175 1
0.03888 0.96112 1
0.000953929 0.999046 1
0.00198591 0.998014 1
0.98316 0.0168401 1
0.000299401 0.999701 1
0.00534841 0.994652 1
0.9861 0.0139001 1
0.0213413 0.978659 1
0.251983 0.748017 1
0.00429098 0.995709 1
0.150306 0.849694 1
0.00950301 0.990497 1
0.464537 0.535463 1
0.0789417 0.921058 1
0.101796 0.898204 1
0.0212822 0.978718 1
0.0300142 0.969986 1
0.922826 0.0771736 1
0.00193836 0.998062 1
0.174795 0.825205 1
0.999999 6.93004e-07 1
0.553332 0.446668 1
0.00162396 0.998376 1
0.628131 0.371869 1
0.108001 0.891999 1
0.753937 0.246063 1
0.359441 0.640559 1
0.813646 0.186354 1
0.000304436 0.999696 1
0.0275292 0.972471 1
0.00693586 0.993064 1
0.00504696 0.994953 1
0.738039 0.261961 1
0.0104211 0.989579 1
0.00150406 0.998496 1
0.0395596 0.96044 1
0.304797 0.695203 1
0.0274609 0.972539 1
0.695619 0.304382 1
0.0593264 0.940674 1
0.000481708 0.999518 1
0.000110168 0.99989 1
0.00278995 0.99721 1
0.0304965 0.969504 1
0.758281 0.241719 1
0.000819587 0.99918 1
0.0104488 0.989551 1
0.0254759 0.974524 1
0.0232281 0.976772 1
0.0237946 0.976205 1
0.124746 0.875254 1
0.220821 0.779179 1
0.00302316 0.996977 1
0.000875626 0.999124 1
0.903371 0.0966286 1
0.0397388 0.960261 1
0.0720305 0.927969 1
0.0352297 0.96477 1
0.246851 0.753149 1
0.0711056 0.928894 1
0.979981 0.0200193 1
0.0702536 0.929746 1
0.0496977 0.950302 1
0.999574 0.000425744 1
0.0517906 0.948209 1
0.671981 0.32802 1
0.87238 0.12762 1
0.000423348 0.999577 1
0.204935 0.795065 1
0.0354257 0.964574 1
0.000248235 0.999752 1
0.691174 0.308826 1
0.0212677 0.978732 1
6.82422e-05 0.999932 1
0.760924 0.239076 1
0.0484224 0.951578 1
0.0178166 0.982183 1
0.00452765 0.995472 1
0.592736 0.407264 1
0.474752 0.525248 1
0.118445 0.881555 1
0.0901617 0.909838 1
0.00578276 0.994217 1
0.00162015 0.99838 1
0.0392221 0.960778 1
0.341995 0.658005 1
0.0101091 0.989891 1
0.410821 0.589179 1
0.999997 2.7937e-06 1
0.338701 0.661299 1
0.495585 0.504415 1
0.259871 0.740129 1
0.00725118 0.992749 1
0.648424 0.351576 1
0.0410976 0.958902 1
0.010542 0.989458 1
0.0684234 0.931577 1
0.0589918 0.941008 1
0.0501827 0.949817 1
0.000571883 0.999428 1
0.0058173 0.994183 1
0.134159 0.865841 1
0.0117773 0.988223 1
0.00518406 0.994816 1
0.00385595 0.996144 1
0.570316 0.429684 1
0.00159822 0.998402 1
0.0914995 0.908501 1
0.98484 0.0151595 1
0.999968 3.1596e-05 1
0.0303374 0.969663 1
0.0152034 0.984797 1
0.0218215 0.978179 1
0.854807 0.145193 1
0.0877337 0.912266 1
0.000962003 0.999038 1
0.953546 0.0464542 1
0.410251 0.589749 1
0.138879 0.861121 1
9.03277e-05 0.99991 1
0.00106306 0.998937 1
0.00108158 0.998918 1
0.00285242 0.997148 1
0.0115765 0.988424 1
0.208573 0.791427 1
0.753443 0.246557 1
0.00290853 0.997091 1
0.0455131 0.954487 1
0.639661 0.360339 1
0.104333 0.895667 1
0.0226184 0.977382 1
0.0211053 0.978895 1
0.0079121 0.992088 1
0.000220933 0.999779 1
0.0405958 0.959404 1
0.0020438 0.997956 1
0.0251841 0.974816 1
0.512943 0.487057 1
0.00312023 0.99688 1
0.212549 0.787452 1
0.00226486 0.997735 1
0.0675185 0.932482 1
0.206536 0.793464 1
0.0178187 0.982181 1
0.0551194 0.944881 1
0.001702 0.998298 1
0.000742409 0.999258 1
0.415747 0.584253 1
0.116059 0.883941 1
0.00169452 0.998305 1
0.257252 0.742748 1
0.295498 0.704502 1
0.00285741 0.997143 1
0.00353196 0.996468 1
0.911659 0.0883412 1
0.0783412 0.921659 1
0.100405 0.899595 1
0.00770417 0.992296 1
0.588458 0.411542 1
0.904857 0.0951428 1
0.0978018 0.902198 1
0.000234814 0.999765 1
0.206225 0.793775 1
0.00482167 0.995178 1
0.476879 0.523121 1
0.428909 0.571091 1
0.00142241 0.998578 1
0.998265 0.00173521 1
0.150628 0.849372 1
0.284286 0.715714 1
0.0781195 0.921881 1
0.00671418 0.993286 1
0.00743197 0.992568 1
0.00167546 0.998325 1
0.684311 0.315689 1
0.213666 0.786334 1
6.98685e-05 0.99993 1
0.00110589 0.998894 1
0.0725823 0.927418 1
0.117225 0.882775 1
0.0119316 0.988068 1
0.00226642 0.997734 1
0.0370188 0.962981 1
0.0130543 0.986946 1
0.0989958 0.901004 1
0.597187 0.402813 1
0.00337426 0.996626 1
0.99801 0.00198993 1
0.181531 0.818469 1
0.0120409 0.987959 1
0.596715 0.403285 1
0.0240681 0.975932 1
0.00488332 0.995117 1
0.0136423 0.986358 1
0.996579 0.00342104 1
0.104728 0.895272 1
0.00876898 0.991231 1
0.0709555 0.929044 1
0.0043328 0.995667 1
0.034523 0.965477 1
0.000937178 0.999063 1
4.25634e-07 1.0 1
0.00363138 0.996369 1
0.0789511 0.921049 1
0.000204954 0.999795 1
0.0197072 0.980293 1
0.330362 0.669638 1
0.0230441 0.976956 1
0.0746438 0.925356 1
0.000268744 0.999731 1
0.00172837 0.998272 1
0.000378021 0.999622 1
0.00465731 0.995343 1
0.475878 0.524122 1
0.0443627 0.955637 1
0.0234731 0.976527 1
0.0287966 0.971204 1
0.974841 0.0251591 1
0.630349 0.369651 1
0.000674852 0.999325 1
0.913104 0.0868963 1
0.0223353 0.977665 1
0.141417 0.858583 1
0.856309 0.143691 1
0.128512 0.871488 1
0.108345 0.891655 1
0.665296 0.334704 1
0.00433871 0.995661 1
0.000274532 0.999725 1
0.0804516 0.919548 1
0.287318 0.712682 1
0.00126277 0.998737 1
0.00547212 0.994528 1
0.977495 0.022505 1
0.057546 0.942454 1
0.640492 0.359508 1
0.172352 0.827648 1
0.141907 0.858093 1
0.230372 0.769628 1
0.311104 0.688896 1
0.999684 0.000315877 1
0.578373 0.421627 1
0.000191773 0.999808 1
0.0042164 0.995784 1
0.0163895 0.983611 1
0.0158597 0.98414 1
0.0127243 0.987276 1
0.00031273 0.999687 1
0.0465919 0.953408 1
0.00469255 0.995307 1
0.00326489 0.996735 1
0.657236 0.342764 1
0.00041714 0.999583 1
0.0665758 0.933424 1
0.837793 0.162207 1
0.623274 0.376726 1
0.0549809 0.945019 1
0.999775 0.000225313 1
0.011294 0.988706 1
0.0310227 0.968977 1
0.822291 0.177709 1
0.00703585 0.992964 1
0.628812 0.371188 1
